708.4988
548.4981
461.8645
157.7639
156.2065
161.9070
122.1025
209.8972
355.9331
92.6602
131.4468
119.4754
174.2691
285.2109
61.8850
172.1881
386.5021
121.7567
87.6987
113.5360
197.1025
118.1215
237.2379
221.6558
115.3072
182.8254
235.3764
135.7016
157.6883
69.8484
44.4322
76.9427
119.2103
230.5842
391.5853
525.4274
126.1183
128.1579
161.7536
106.2524
104.3382
285.2657
437.9797
144.5878
91.8226
74.6988
92.4127
80.8299
74.0418
61.9518
149.1678
137.5107
43.5970
53.0190
63.6014
110.4099
102.6985
82.1004
127.6945
59.1360
177.4409
114.1645
266.1377
390.9231
277.8523
513.3412
125.0052
102.0020
146.4479
213.6923
277.4523
323.2037
71.5351
115.4481
275.1388
286.2866
398.8061
287.3427
348.8629
224.6712
77.1490
137.8650
323.6259
82.3579
78.6502
109.0681
97.3392
181.9125
245.0787
305.1115
569.4524
177.8425
76.5950
114.4925
278.8968
447.4311
159.5332
173.4807
136.3711
94.8388
129.6843
139.4473
225.2789
90.5411
203.0977
123.5773
203.7896
353.1072
231.9003
273.0388
70.6621
110.8595
90.3272
107.3301
81.9417
120.9116
267.8962
87.9733
166.6682
140.0901
192.9895
57.0780
94.2185
159.8101
108.1774
118.0892
166.8316
293.0805
288.8320
164.8859
88.4775
132.4777
85.8686
89.3980
99.5391
134.9627
170.8102
88.8518
295.4194
395.0716
98.3357
54.4990
83.6458
171.5114
140.9165
85.7995
132.2228
53.4122
67.5252
256.9823
652.2416
597.9342
239.8144
81.9382
104.4392
206.9200
113.3536
146.7407
297.5644
426.6146
98.8923
89.5382
145.8011
89.4418
58.6614
81.8835
126.1941
80.9917
110.2824
69.7398
79.7731
257.6104
436.9554
52.4542
71.0516
45.5755
65.8339
99.2660
120.2756
272.9508
104.4301
110.2440
276.3769
216.0658
144.4489
406.7472
303.5633
105.4342
163.2755
152.5991
28.4413
59.0659
59.5511
56.0670
89.5900
194.2938
205.4053
53.1977
81.0703
286.4232
366.7014
189.7585
87.3899
110.1096
250.7168
181.5344
325.6796
84.8602
160.3895
348.8563
172.7235
94.5489
97.1464
89.8212
157.9330
117.1137
66.4339
83.7261
87.7094
186.5063
334.7789
94.0922
87.1330
74.5093
78.0309
50.6180
50.4261
181.6443
382.9723
121.0713
108.2282
90.0549
117.9058
303.6722
424.1836
172.8869
252.1438
98.5979
111.2135
217.7577
153.9047
72.5367
95.0922
105.2162
108.5477
231.3052
144.6932
185.6377
249.6738
310.9001
106.1034
159.0445
74.7483
94.8182
236.5144
338.5977
86.7603
64.9984
74.9288
115.3586
76.2505
105.4871
131.9625
91.3349
84.0455
135.2032
87.2858
116.1473
302.0260
301.1270
107.6923
237.3344
418.4319
50.0062
82.8630
42.9511
82.0165
180.8867
145.5352
263.1649
125.1141
132.2013
136.6132
216.4079
110.5101
250.8258
356.2945
91.3409
154.8112
186.2890
140.2576
187.3817
106.2737
77.3015
168.0462
173.4388
300.9421
261.4674
117.5617
70.8986
39.4838
83.2738
203.2074
509.1061
423.8462
330.3641
210.9623
257.1340
481.1491
107.1548
93.6405
116.5724
186.0528
225.0701
477.4079
158.5715
206.0585
279.6395
117.4953
70.7686
129.0197
126.8078
58.7855
91.6264
35.5403
246.2391
617.3428
283.7067
198.0147
84.8160
130.1036
181.3502
41.5664
64.8562
172.8005
341.7547
149.2456
181.4378
113.7767
122.5028
147.8130
136.1770
47.3147
101.9848
116.9166
151.0005
107.0657
97.6931
62.2681
246.3897
175.1014
110.1453
223.9265
75.6198
95.5101
68.2877
87.9516
168.4319
213.3290
175.1082
250.3807
380.7339
439.9065
308.0067
66.2396
76.1008
92.9253
102.2457
170.1188
460.5911
225.1252
119.4511
236.7414
260.5812
94.5618
85.1871
236.2227
520.9969
288.6730
196.3215
242.3221
168.3969
265.6644
193.5196
215.6560
107.5704
101.7735
92.1113
49.3575
187.9509
273.7351
91.9666
277.6504
149.5409
119.7464
108.9867
116.5008
153.2677
249.5029
51.7513
71.1316
167.3064
229.4677
102.0308
54.8160
55.8931
91.7243
294.9195
344.4896
101.6297
106.8150
147.8549
172.9907
417.2737
116.1709
213.4943
282.7759
338.8908
225.7200
439.7441
260.1765
266.5301
211.7784
87.7537
193.3932
276.3053
119.1845
238.0510
345.4673
75.6765
156.0685
295.9835
75.1637
125.0833
145.2603
170.8053
150.7689
81.4492
78.9198
137.6670
216.9036
153.6091
189.5175
111.4043
155.7255
83.7412
204.1804
402.3217
120.5423
98.2213
99.3615
130.4564
66.2091
122.7303
128.5190
101.4080
53.0652
113.8347
270.5261
393.2719
213.9738
80.8576
149.8832
200.3151
370.7653
61.9951
157.8294
364.1687
481.2940
63.4449
78.9074
58.0249
119.2173
253.2413
170.8020
42.4877
113.6975
272.8859
234.6884
245.6702
69.3340
74.2107
256.7522
443.5771
219.6068
298.2181
99.4259
118.8127
188.1553
359.9835
83.5239
48.8137
43.8283
91.3575
94.1767
85.2767
199.0018
523.0571
349.4039
104.9508
132.6945
189.1674
107.1739
173.6057
137.2506
89.3432
154.9881
270.8854
165.6961
194.4854
208.5501
69.4184
260.8457
428.8606
69.4678
202.7206
408.2925
165.0161
148.0790
87.4980
95.4322
95.1444
80.5257
140.3997
65.1562
103.2009
120.9317
180.8611
95.3073
108.1391
126.2966
33.2342
102.0405
154.9881
75.3758
102.9050
157.7976
321.0925
150.9923
171.1963
136.6622
137.3204
209.3230
302.1430
232.3416
404.1056
391.2785
194.3624
77.0691
279.3400
447.4037
206.8889
391.9920
84.4282
70.0743
41.5733
68.3000
150.3230
197.6664
135.0572
51.3510
279.3811
422.9019
67.2762
89.5262
100.4939
118.4955
189.5361
216.4415
126.9140
111.7212
319.5836
354.1257
198.3211
215.7737
133.1921
74.6404
82.5542
159.2901
224.6995
89.2334
138.5434
58.6731
49.7881
108.3738
287.7979
252.9835
74.7557
115.5500
276.6889
141.1484
76.5839
72.5960
105.2561
282.3458
371.5380
156.7501
166.4167
88.5724
121.2612
184.4290
110.3192
116.4243
59.4469
183.9223
347.3471
66.7831
77.1432
103.0039
136.9962
121.7836
75.3331
99.3266
114.2779
177.3348
97.9032
89.5432
108.6594
71.4252
84.6397
192.1163
132.0388
187.6547
198.7961
289.6563
191.2981
243.3461
96.9439
154.8903
90.3794
182.2394
143.4192
117.8216
186.3268
120.3102
185.7632
156.5559
187.6235
299.0111
444.5317
45.6503
74.1521
109.8586
244.0753
390.3261
111.4397
178.2458
250.7493
80.9450
87.3418
108.9213
104.9609
208.6223
114.9298
135.9043
156.0362
111.8701
78.6981
67.8234
170.2733
330.4461
69.7379
107.2339
233.0620
87.3123
46.7849
98.1218
164.2178
43.9750
89.2678
263.6424
270.7790
191.9298
153.7317
152.3568
359.2321
457.8212
383.2519
212.9056
338.7866
138.0162
250.9246
361.6009
91.1101
84.2703
188.0960
163.5957
145.1783
223.9452
92.7091
127.5997
103.6096
50.8895
52.5574
83.4251
123.4051
108.5616
153.8725
163.5781
118.6216
141.2828
151.3479
179.6311
239.7190
77.5531
220.1313
427.1221
362.6916
416.5948
143.9500
99.4757
116.1902
85.3275
119.4322
92.4515
165.5832
320.0201
209.4468
97.4998
129.3321
110.9410
82.8143
142.5103
306.2141
118.6419
148.4970
232.8571
194.5793
321.0967
420.3502
387.7480
75.7541
78.9913
175.4683
189.5766
102.4040
141.4737
308.5625
565.6006
244.8951
327.4097
114.3271
126.5054
129.6738
64.6083
116.5669
186.3064
390.1325
138.2290
246.2645
101.7811
106.2184
262.1006
342.5828
266.1048
319.7556
201.2995
126.4630
239.7736
97.8840
108.8040
184.8298
207.1091
101.4929
79.9488
81.1354
159.5860
157.0909
156.9278
366.0380
89.6657
145.8984
222.9052
91.2702
125.7742
246.2175
387.2941
102.7395
151.3811
77.9955
273.6951
474.9864
385.6496
211.5205
204.2646
331.6820
53.7440
63.2806
165.5649
256.9000
130.1959
147.6595
109.0931
97.6052
89.5839
116.6189
202.2352
138.6925
148.8381
63.2692
253.3452
557.2822
297.1032
181.5996
181.8154
406.5117
316.4934
440.6005
72.6489
125.2209
142.6195
276.5423
245.5284
162.3411
98.8788
196.9546
317.2397
83.3947
62.9857
197.5604
423.9078
168.8256
186.9176
295.6396
74.6744
57.7133
60.5880
75.1880
47.7130
45.9104
56.6926
65.6733
192.6276
387.0337
70.1499
84.6362
86.4702
223.8408
294.8431
212.1979
97.2052
94.1453
227.5825
78.6337
151.0169
309.6064
223.1016
234.6458
200.5785
140.2096
132.0769
214.0864
190.9187
315.9520
333.3662
136.7849
114.5841
283.0195
517.4983
119.8277
128.9630
140.6278
333.0272
264.8085
444.5449
141.8228
186.9131
141.4909
70.3411
139.2832
155.0101
113.7893
111.2816
85.5904
71.1706
164.9550
229.3174
200.0944
198.4416
100.3220
147.5558
223.9955
54.2789
191.5122
320.8772
353.4160
64.5862
105.4089
223.1548
103.6508
150.2031
136.5252
186.6908
148.8217
66.3716
91.2281
129.2887
220.0362
124.3264
101.4578
48.5743
119.8052
280.4822
297.6154
230.1931
91.9164
97.3547
183.9223
364.2197
109.2748
117.2577
151.5231
178.0399
89.3754
110.5367
128.7075
249.1722
175.4401
134.2744
61.3868
90.3617
144.0769
93.1363
51.4475
61.5969
163.9732
360.6980
537.4991
392.7709
68.4910
54.6681
73.8008
234.7498
439.7496
203.9498
420.4998
80.6088
99.2417
338.1235
391.4459
77.8970
85.4184
107.0559
120.6864
86.6736
120.9115
83.2172
56.8935
180.5123
415.0034
155.6357
88.1584
90.9694
57.4223
119.4922
131.1053
93.5278
108.9338
200.3197
432.3247
61.5446
157.7499
167.6694
174.4148
392.0001
111.7339
412.6563
454.2338
65.7082
131.6769
386.5166
471.7262
79.3770
102.3196
264.0777
435.2700
78.6603
60.1920
144.0831
89.2644
70.1791
82.5648
151.5650
208.6027
229.2555
145.3395
21.1715
57.8636
156.7110
317.7859
306.9429
111.9339
120.9753
108.7236
85.5971
93.0294
86.5900
127.8566
278.0859
370.8130
304.3981
244.8569
207.6389
315.7457
144.6529
175.9297
267.7354
177.6294
120.1553
187.5919
369.4194
171.1980
424.7292
415.1176
133.9151
79.9015
111.3313
80.6423
91.3893
161.0990
120.4307
174.6003
229.3315
139.1555
330.0891
237.0458
370.4060
123.8732
107.9378
168.9439
107.3739
230.1669
181.2973
458.7946
68.6186
112.5127
255.6582
158.6651
100.8750
119.1867
167.1991
61.7167
116.1271
170.8207
242.6365
242.0524
297.5681
80.5417
184.9034
178.2114
101.1703
91.3282
101.6376
316.0024
452.2499
83.6089
98.6899
91.0487
205.2006
110.1036
88.8743
122.1939
60.8062
132.2577
181.4725
266.3422
439.7266
199.7952
116.6490
152.6658
124.9637
141.8151
179.5272
326.4120
335.6712
424.5123
131.9757
131.3278
173.5928
284.4386
293.2920
402.7337
161.2055
320.1141
94.8140
214.3393
449.4016
289.2595
549.4766
388.4424
226.8292
245.7500
413.9312
194.2319
221.0694
143.6107
196.9408
231.7617
182.2179
103.2759
114.3878
120.9732
176.3266
271.6245
135.8905
90.8579
153.7297
221.2320
168.0010
142.2109
136.7099
382.3855
293.0715
393.9178
461.6802
76.6981
59.2228
135.0259
78.6218
157.6987
112.1892
181.5823
220.2754
336.4450
180.9497
211.2735
91.0366
108.4913
264.5153
126.5086
102.9712
112.1097
144.3144
203.4674
164.1247
402.2974
477.3125
80.7247
76.6195
67.6309
174.1775
162.6760
105.8735
111.2726
82.5719
131.6574
267.2791
408.3977
187.2344
328.0738
105.6973
113.2249
180.0353
114.5901
265.2647
445.8591
154.5331
101.6435
55.2569
109.0619
214.2872
110.6312
183.6050
105.1018
154.9855
315.4230
235.2463
71.7488
101.7059
88.7579
111.1942
137.6602
248.2517
98.2156
138.7145
122.5656
148.1979
82.2081
101.4755
105.3366
166.0681
203.4680
124.4544
181.1010
276.4329
196.6196
119.4359
71.2273
107.1175
230.1704
295.2064
128.0530
331.4913
371.6916
182.6524
198.1070
72.5283
67.0205
58.4398
162.9591
269.6444
104.4623
94.0079
86.8686
224.9662
383.4261
187.8481
371.6337
176.5935
133.1253
95.1097
132.6664
207.0792
118.8187
98.4362
172.1260
232.0855
264.7342
103.0495
100.9106
73.7517
89.4163
229.3317
550.9664
418.5678
107.4420
89.5974
69.6186
210.7852
323.2509
138.2954
139.5297
91.2776
232.9819
218.0484
153.4710
171.2225
188.2886
281.9444
648.9268
331.9416
293.6840
150.6349
283.1547
296.1116
88.4044
458.5778
451.1169
105.5508
245.3745
48.4791
119.6342
266.5287
186.4768
148.2713
118.7383
79.2732
77.7758
163.2358
403.6790
516.2754
252.9299
117.8316
250.0867
445.7138
152.3414
561.1046
638.3315
290.8210
88.9757
139.6066
166.1149
65.7355
277.8316
381.9012
554.2534
90.7932
175.2701
150.5932
185.9171
133.3019
122.4422
295.8278
503.5926
293.1650
278.0437
340.8950
248.4465
68.6593
63.2685
46.6915
151.5757
282.6209
130.1591
207.7279
218.5937
284.6277
279.4852
237.4652
405.8125
200.2588
52.8239
121.8448
129.9747
271.1736
314.4494
320.4450
80.6261
150.0341
343.0475
361.2909
275.5800
215.9430
322.6466
269.1223
194.2807
77.0727
164.0997
253.2786
161.8713
296.2758
199.9156
129.6401
139.9817
291.9332
635.4952
189.1749
194.4792
192.0354
248.2197
257.7363
226.3059
105.4437
138.3064
162.0530
100.9686
220.2067
429.4471
141.3023
250.4981
136.6153
194.5863
175.7534
164.8335
104.4433
287.8665
434.0310
126.5021
149.3256
160.5126
356.7952
80.7719
74.6070
166.2245
239.5300
191.4819
399.1533
87.6749
115.0807
203.3435
179.5527
339.0921
497.3337
210.3871
224.2360
454.7987
357.0665
190.2985
270.2485
203.5860
375.1151
323.6740
163.2942
243.9648
338.7027
159.0396
462.4071
432.8618
174.2232
199.8416
123.6664
159.2669
89.7722
95.5727
166.4730
214.7921
128.3623
126.0211
125.5435
148.4046
115.1474
131.0634
50.9435
60.9969
126.4781
155.7810
349.3881
194.3211
332.3684
66.1217
105.0934
143.4436
239.0777
134.4634
160.3768
462.5642
523.3212
503.1367
222.0131
78.1343
248.4206
407.0065
76.5938
53.9054
101.1195
304.6609
299.1944
431.2781
107.9105
200.4065
93.3663
84.1964
203.4589
306.8802
104.0230
268.0895
553.4024
443.6248
453.3612
158.0131
131.4818
251.1260
458.6355
259.9315
222.0441
561.9538
334.3808
68.9768
77.7664
149.1659
302.5018
461.5714
186.8796
77.7719
73.1211
111.4955
84.6213
79.8916
219.0955
453.4856
72.6619
152.3268
181.9119
204.6030
434.5846
199.9091
121.5858
90.3012
221.7897
292.9284
33.8484
165.3810
157.6413
138.1655
372.0668
348.8018
343.6494
105.7314
173.0642
93.5388
85.3009
94.6813
169.0100
178.1792
392.7483
325.6958
297.6807
266.1909
555.3131
406.3568
418.7489
447.9133
148.5113
399.9684
149.6633
185.3696
130.4073
198.9421
265.8340
368.9695
515.3708
186.7878
81.1053
157.2271
276.3640
153.0563
255.0912
77.8678
131.1801
196.2032
81.6497
80.0043
178.6487
227.2153
288.4899
420.6966
122.3223
122.9697
144.6643
63.7764
115.9266
310.9879
299.8254
304.7699
252.4763
217.6983
312.9123
99.8109
152.3711
133.6682
207.0787
116.2725
227.4799
143.9877
239.4973
243.2569
223.7976
427.2874
286.5195
224.0755
64.5296
165.0471
208.4681
134.7523
92.3354
144.6383
166.4435
72.4804
118.4924
222.8364
217.0350
356.6497
232.9861
233.4839
461.0971
291.3855
157.2116
83.8806
55.9591
100.5380
144.9426
102.2039
102.0736
134.3864
196.9374
272.3090
144.6220
95.2592
217.1088
136.9697
189.9364
255.6246
373.6786
129.7745
210.2552
356.8669
110.6300
273.6561
199.8368
55.2207
194.4145
451.9695
316.5258
341.6644
146.5637
110.1262
158.4159
145.7536
207.8508
72.5994
141.6740
238.2382
69.0389
83.6497
126.9427
184.9882
231.1255
275.1694
102.2554
100.4588
186.3993
107.4060
111.5223
187.7777
347.4158
116.5434
162.4021
158.6934
324.3734
123.4748
133.1438
125.4991
111.7778
168.4916
394.5143
544.1495
526.1013
89.2223
164.2131
161.6322
238.3035
352.5635
208.8799
452.8102
104.4863
154.0918
331.8801
234.4823
146.0430
113.8120
86.2506
125.2541
145.3409
203.9101
116.7335
142.3217
104.5974
159.3131
109.7058
328.2414
346.5698
89.2249
45.3506
70.3799
129.5271
103.8410
96.2064
123.8407
84.6526
326.6536
203.4123
304.9942
576.8596
106.0632
106.0498
215.4968
147.8320
186.8525
196.2121
65.3222
57.0550
106.4056
85.2742
158.3565
346.8442
142.6930
98.6248
67.8363
97.0055
147.7822
227.4090
313.8907
144.0400
121.0701
138.5465
152.3971
152.0711
199.0798
185.0330
388.5467
616.0658
488.9821
187.3318
318.5745
90.0527
218.1981
355.2962
111.2066
158.8458
217.1836
433.0598
563.1719
429.3091
192.9094
509.3072
521.7587
239.4429
110.9358
190.5258
271.3802
124.3531
245.0429
361.8545
84.8436
133.1004
171.9520
183.3916
132.6173
149.3763
160.1412
219.3867
388.6321
104.5487
149.2799
275.9946
296.0152
162.9727
201.3177
171.5001
67.2229
244.3851
444.6945
248.2684
223.4436
247.4796
164.0558
108.4656
59.2153
55.0136
135.3717
403.4689
573.2617
326.3150
235.9057
423.4264
189.5557
109.6512
100.1879
62.0448
364.9222
541.6170
312.1415
370.5304
94.2012
83.4636
138.1306
166.7801
244.2503
288.1687
534.1837
269.0496
138.7199
305.0956
58.3787
120.1704
195.2023
95.1464
154.1268
340.0941
118.4317
140.1601
222.6685
441.5764
424.9567
310.9603
111.5730
186.5191
148.6806
216.7929
315.7098
114.8477
158.1324
240.7059
150.2223
218.6652
277.6870
198.4515
361.9786
216.5042
535.0757
460.3668
275.2706
357.7475
91.9211
117.8918
76.8478
125.4647
102.3913
95.6055
69.5297
136.4037
211.3853
171.7058
310.1836
186.9903
384.3224
417.4709
191.9418
171.5638
143.8265
404.7535
426.5997
219.0810
148.3612
207.9170
339.2134
89.6713
83.7180
214.3939
92.4941
171.3790
148.3053
79.4951
98.9206
47.4997
102.7060
442.4860
651.7775
104.3154
162.2033
151.3571
389.7898
430.9457
57.3668
146.9627
319.0857
183.6808
596.8350
501.8040
184.4730
220.4479
113.0282
59.3059
163.5567
409.6090
81.5965
64.0462
172.1390
32.4523
96.5048
228.9745
273.0567
549.5031
246.6187
90.4319
184.6044
267.4419
136.3676
115.7120
59.1213
322.8261
599.9858
350.8238
71.0259
259.2136
222.6342
413.9983
529.1165
107.2193
221.1947
111.5737
225.3171
194.9242
127.0515
99.8323
258.9564
490.5237
379.4320
334.2710
183.1281
140.3594
222.0492
115.2034
204.9442
113.4536
156.4389
224.3104
377.7514
468.0341
112.5222
182.8833
345.6007
458.5636
125.7958
112.2460
73.8346
139.1238
470.3853
685.9953
194.3244
80.4353
66.0366
208.5936
300.4988
141.0407
343.6959
537.4647
192.8541
433.5920
550.5529
288.9076
168.2741
124.5111
51.7416
38.8626
36.6208
180.9109
291.2261
180.2266
157.5586
284.1566
740.6437
601.9425
399.4055
320.6264
161.2869
301.8621
345.5869
487.8327
120.0804
131.7442
86.6919
103.4909
251.0363
89.3486
113.1106
286.5278
156.4794
147.5774
117.9941
144.5299
33.0239
115.9816
187.1886
152.6447
204.1536
433.8880
208.2446
271.2211
90.1510
157.2023
79.0318
73.5294
144.6178
61.1511
217.7705
440.3779
70.6641
96.1349
111.4704
163.1759
177.4374
146.9833
218.1398
445.5427
301.9410
476.8205
374.2611
191.5230
225.4117
322.8924
192.8783
108.0779
151.0296
259.4609
259.5244
265.5456
198.4099
180.4446
579.0115
639.0105
463.0474
354.8911
551.7683
364.9009
355.7790
284.4297
382.5345
295.6206
145.3489
107.1908
60.7686
50.0784
228.0565
579.2372
523.7838
329.9503
619.6794
445.6851
168.3918
406.0570
525.8410
57.7424
305.4726
461.3375
209.2728
152.9243
318.8357
276.3297
241.2325
435.2666
128.1994
115.3162
114.3896
131.0301
120.0014
151.3981
111.2850
339.6426
228.6520
61.2808
123.9022
183.8674
200.3800
166.2038
278.7182
333.5952
364.0110
116.3996
129.5754
108.2808
217.9276
353.0239
625.6430
478.4352
357.1915
487.6859
348.1691
167.6998
164.5728
199.3061
264.9148
103.3985
191.2126
164.2846
104.8969
117.3504
96.8885
120.9186
225.5767
744.6576
559.3477
129.1498
170.9771
140.1936
245.4662
147.2004
341.0172
183.7411
221.6223
138.9547
82.1541
130.7811
167.7351
185.7012
274.6124
694.8403
420.1110
48.4672
186.7338
443.4905
664.0185
226.3975
236.2864
279.3455
104.9571
126.3267
85.8265
243.1365
396.6394
282.1444
117.6107
120.4669
425.8865
262.1458
411.9105
731.4907
632.0861
281.5971
136.5292
108.4516
81.8613
149.3779
274.3778
326.2574
178.0782
193.2597
499.8321
519.6532
72.8797
117.7829
135.9519
216.9748
64.2714
83.3002
125.2049
101.0275
84.3221
234.8967
441.7185
380.8794
93.2077
94.7619
200.6696
269.9570
90.8327
152.3186
128.4282
162.8799
176.1429
122.4361
220.0768
218.2678
277.8964
73.2832
111.9145
116.3883
54.1110
52.3958
97.0007
228.3039
397.4276
171.3269
220.6506
243.0882
106.8856
71.0208
152.2621
301.3848
215.6001
446.8532
183.1123
185.5093
90.8923
44.0760
185.7026
403.7212
310.8065
465.7318
513.0220
242.5213
137.8998
209.6857
364.0162
561.7973
226.1527
267.0565
572.0645
499.7315
342.5265
536.3863
348.7923
401.5302
160.8935
223.0654
114.0666
233.3650
332.6696
396.8200
137.5985
95.5795
129.1205
195.2548
259.6940
436.9394
135.9151
200.3130
282.8187
488.2507
131.9531
221.7370
207.4884
371.9740
269.0869
68.9079
100.4679
227.0756
189.7982
315.0079
219.3123
111.3052
128.5077
207.8613
120.0384
83.2021
274.7268
450.9300
126.9161
325.3416
469.5403
207.4159
287.9116
241.5277
416.3012
309.8253
423.3276
134.1584
92.4851
79.0433
48.9784
51.1621
161.2520
251.4958
73.6375
200.5990
378.6338
251.7425
486.2560
66.8819
83.4009
284.7752
468.0762
476.6601
158.9028
272.7098
120.8857
197.3295
376.5046
57.2714
72.4907
233.2222
359.3319
134.2160
239.8014
140.0685
213.0746
282.3618
463.5776
452.5887
340.4229
297.6444
317.0825
387.4667
137.4985
112.0183
53.5011
108.6575
168.6876
265.5100
466.1486
417.3918
527.7509
69.9848
296.6987
277.5854
216.0241
201.1063
269.5377
561.1570
393.4353
496.0101
188.8233
124.9890
248.8573
92.9329
173.8916
94.8357
184.0076
202.6457
320.7424
188.4505
153.8177
204.8874
196.1792
61.7696
202.7824
612.7286
468.8753
141.0305
110.0109
77.2420
136.1647
381.2081
408.5733
79.3460
119.7018
298.5132
468.0680
73.5499
79.5331
227.4769
397.4501
507.3180
288.4236
490.1380
469.1048
78.3872
63.8198
361.5108
630.5422
173.0774
469.4106
235.7353
202.8348
309.2143
787.7794
523.0395
222.0454
376.9657
503.0528
108.9532
250.0463
658.5794
540.8632
129.3220
141.8475
213.5044
113.2299
137.6123
242.7020
89.8346
137.2052
452.9089
513.2043
37.6998
67.1686
235.8824
488.3024
157.3688
159.9498
579.3160
451.1356
126.4773
117.0380
133.4414
492.8675
593.6427
138.5652
116.3056
126.4027
123.6621
124.2012
105.4063
74.0008
100.6661
147.5452
176.9146
242.6220
173.4085
303.2920
90.8309
307.9359
498.1093
147.6981
128.3687
78.8618
143.2060
208.1396
162.4746
170.8076
274.9775
99.4894
377.5533
431.5291
104.7014
278.7011
585.1227
365.3702
148.7808
241.4969
172.9831
522.0101
674.2841
379.4545
98.8985
116.9155
77.6539
82.2104
55.2188
177.4509
304.9425
157.8973
178.5019
125.7587
317.4729
378.1109
187.8478
330.4955
222.5689
455.8066
435.6185
327.7799
332.0953
167.7761
106.7061
46.1180
137.2436
419.0758
620.8084
388.1620
97.0500
166.8775
113.7236
190.4599
579.1013
739.0737
774.4086
578.3118
200.5137
144.6437
154.6034
292.5681
259.5963
107.5609
346.5582
493.4609
282.7424
515.2675
168.4882
162.6443
228.5725
155.5373
134.7007
77.0693
102.0634
207.5595
501.3831
451.1694
124.0833
316.5654
359.2595
167.7983
123.6569
357.9270
199.1219
97.8831
172.0489
414.6501
471.5119
166.2870
166.1907
53.0735
62.3432
91.8895
115.5570
107.8686
248.2418
181.1320
268.3170
223.9706
107.7957
170.7206
249.1131
146.5456
291.1865
40.8017
91.3310
98.5955
355.9117
470.8597
325.6731
520.6430
499.9691
562.8344
355.4101
500.0758
352.6275
613.7937
461.4486
115.1963
194.5099
158.6464
70.4902
137.1038
333.2341
432.4407
177.3098
48.4814
109.9577
118.4970
204.7019
187.9098
462.5598
476.8976
376.4173
288.7168
137.5333
146.7688
209.5845
78.2610
238.2125
466.2060
483.3747
210.0851
232.1843
186.7770
443.7700
239.3097
175.4393
116.9834
193.6575
362.5723
201.4066
354.8488
302.6862
168.8606
316.7578
176.9451
195.2084
218.6860
107.3472
207.1660
399.0279
293.5277
212.7772
149.2273
337.9135
474.8992
157.3122
141.4800
252.2507
166.6880
206.1040
344.1089
221.6939
245.1096
298.0054
343.1728
400.4002
180.0968
94.1828
113.7918
78.1685
86.5966
79.5858
121.6414
145.6907
137.4696
233.4101
243.9003
74.7343
63.3195
133.5566
281.4946
42.8272
84.2161
228.0871
473.9037
361.3561
378.3007
644.5294
361.9116
77.4844
188.5152
285.5439
251.8467
367.9425
303.6025
516.3097
297.2642
492.7658
216.8739
143.8959
314.0572
569.1057
295.3838
271.1746
211.6877
256.8601
162.6182
156.4875
73.6166
102.7891
157.2884
168.5712
310.5042
261.3743
366.0437
46.7766
218.8816
142.1170
279.3607
548.1500
714.2319
495.4356
89.9738
52.7018
85.0463
180.1745
169.1391
221.0397
293.0242
481.2291
194.7282
175.0528
322.5968
494.2911
94.7800
94.0322
416.8566
419.0370
127.3852
155.7912
334.7571
469.4238
325.3808
163.3128
209.6566
346.6731
125.0069
155.4845
185.7280
145.1543
262.8986
395.6240
572.1378
328.0180
490.1061
364.7063
470.0934
106.9407
174.7429
90.1940
47.9204
102.6603
341.2779
444.9980
195.6970
602.3224
564.1794
227.7784
63.5107
126.2976
237.5468
64.0598
127.7183
537.5078
595.9120
191.9672
183.7777
266.6895
169.9912
384.8852
130.2463
341.0894
511.6635
106.7937
408.0012
787.7816
404.1170
124.9189
332.8166
141.4623
320.1563
581.0621
864.2028
554.7501
102.3622
279.0356
370.9288
182.0574
174.0613
181.2892
88.2163
59.7494
187.8618
335.6271
173.6818
249.9149
178.1329
141.7938
93.0469
120.4086
183.5533
386.6062
77.4388
112.9493
91.9664
100.1319
126.0409
204.4446
233.1542
107.8563
129.3129
198.8318
222.4267
278.4733
464.7623
81.6109
102.1031
130.0287
104.8825
155.1336
234.3535
255.0532
490.8173
145.7524
292.9953
203.6563
315.3370
219.0434
61.5196
236.9393
201.6851
255.3750
715.6548
629.0665
341.7740
748.9302
507.4415
119.6420
188.9470
122.0813
222.9498
369.5666
302.4395
265.6548
451.1825
510.4954
171.2030
320.5713
459.4859
184.8033
488.3310
444.8386
146.3445
369.7439
235.8586
87.7614
92.4524
172.1883
353.2177
147.5243
142.9008
381.6036
383.2253
90.1520
413.6599
552.4592
313.3104
527.9313
348.3604
278.7875
527.9694
230.3925
211.1508
392.9707
256.4058
116.0047
120.7166
153.2627
103.2887
259.7876
365.9154
115.6415
82.8031
95.7287
177.2798
383.5239
510.6226
170.5513
94.7725
101.6965
150.3992
192.4116
144.3586
176.2553
362.7356
102.0915
157.7984
141.7928
212.5444
64.9361
160.1041
369.0316
186.5105
263.7277
595.0889
561.5621
358.3915
154.4455
152.8647
49.2986
143.1335
166.3129
110.2633
330.3208
367.5824
310.3020
333.1569
590.9595
516.7312
129.0961
212.1939
560.8689
436.9806
287.8831
235.7656
252.5992
282.1422
105.2236
287.6234
404.7209
225.7922
136.3806
89.8056
271.6480
362.0412
273.9485
324.4255
84.7081
98.7064
70.4519
52.4210
204.7258
358.4790
112.8696
290.8275
457.0329
464.5739
115.6951
140.2312
117.1429
116.0629
288.5837
250.6886
272.9679
140.1801
177.0359
279.6581
199.9809
131.7461
172.9794
324.2265
334.4854
459.2571
146.3512
163.2566
134.0519
290.6576
389.4501
107.4761
180.3440
435.8925
226.7097
269.4039
763.8466
487.8692
109.5807
149.2660
348.3609
312.8838
141.2154
76.9844
79.1992
150.3351
51.2333
118.6648
299.2476
733.1157
752.5316
617.1327
471.3051
542.6357
534.4344
458.2475
444.1057
242.1695
85.3848
90.8204
128.3491
259.7191
51.7011
310.1953
499.5874
394.9608
112.7944
67.5551
101.5360
163.1874
106.8872
125.5742
237.9745
441.4196
594.0448
562.7296
134.3648
123.7644
430.4075
467.3207
124.6690
401.9360
720.2221
487.2057
204.2394
433.0343
830.8629
606.6960
237.2210
168.8909
363.0444
405.2959
452.1092
211.1726
146.8543
75.2503
106.7281
263.4653
370.2068
140.0735
117.8337
205.2248
217.2035
202.1990
111.9460
151.0582
308.7666
370.4818
264.8419
368.6140
55.5924
48.1561
116.0524
387.6741
557.4295
211.2465
127.2599
316.4224
514.6258
217.9250
219.7221
456.5850
386.0846
248.4830
466.8012
373.4108
240.5967
481.2865
104.6099
148.6167
353.5080
256.4184
108.9543
351.8645
615.9138
355.3558
268.8328
402.2389
419.2498
535.2946
216.0551
325.6494
316.3522
558.4233
294.5131
245.8703
265.4598
380.0590
284.6944
205.2352
417.0907
120.6885
121.7274
113.6140
222.0651
568.1619
498.0399
369.6524
119.2197
410.5917
449.2931
238.1678
555.4485
704.0789
571.3085
135.6064
309.9114
436.2284
648.5258
384.5382
214.6728
396.2410
454.4415
184.3908
366.2399
119.2669
295.5270
360.9559
418.8273
256.8947
347.4483
419.9236
101.9669
223.4451
350.4295
235.5404
270.6238
611.8301
402.6578
137.5572
250.9464
575.8214
558.6999
475.7644
216.7443
315.0189
94.2116
120.7353
63.5256
185.7958
337.1545
115.5046
230.0099
367.2098
158.9165
290.6343
270.3403
134.2577
208.7724
414.5513
294.2692
217.0013
324.2955
123.7093
368.6766
533.1854
276.4208
301.5837
525.5653
327.1732
468.6045
395.2896
626.8184
203.6670
61.5015
95.0846
160.8871
436.8412
642.9491
301.2368
226.8172
224.9909
421.5230
89.2483
208.9899
350.9042
407.1528
123.8542
382.5183
518.2145
547.6466
160.7498
331.6312
280.1572
546.5468
379.4643
554.2552
98.1590
217.8078
202.9899
197.9837
322.0268
205.0463
510.5498
612.2416
310.5123
156.9211
339.3049
429.9991
478.3948
139.2145
270.5715
191.8423
189.7039
121.0688
185.7326
215.1952
80.7136
255.7052
412.7492
138.5971
327.9323
338.4767
132.0403
235.1586
119.6935
160.1699
222.8804
111.6899
251.1116
411.5773
100.7896
164.7149
236.9941
276.8342
641.4716
217.1943
184.0008
305.9776
698.1917
439.4259
117.0006
66.5009
83.8977
233.2722
346.8279
143.0652
283.6500
97.4252
103.6512
120.0861
95.5748
268.9152
384.4148
162.5968
361.3900
323.8340
139.6027
244.4568
223.0120
200.2539
230.6724
52.4758
84.0187
144.4115
270.6258
395.8534
116.6617
265.5191
382.2623
711.1612
456.9411
206.5796
363.6720
105.2347
53.9172
79.2976
94.8070
111.7506
114.3941
251.6851
124.9396
136.5015
145.5230
144.7079
256.6324
550.0344
500.5121
522.8402
160.0277
279.0986
294.9539
728.0136
444.6256
200.1277
386.3051
307.0759
273.4559
76.4292
144.7249
93.6960
250.4727
365.1654
270.0188
354.4996
170.9153
287.0812
466.6583
320.2668
431.9444
108.7061
153.6614
596.0086
474.3974
100.5460
235.3794
150.5095
176.6206
308.5142
128.8191
101.9424
181.2188
234.2454
140.7286
330.6094
489.8901
196.7425
131.5160
342.6653
312.4705
223.0836
381.6452
251.4820
467.6858
236.8600
130.8930
61.5389
85.9793
96.0975
82.4513
170.0240
229.4285
288.7628
328.0491
326.1182
757.0954
727.3596
479.7221
148.1689
141.6335
94.8076
160.2267
110.8852
220.9251
563.3701
448.7624
209.4584
221.9621
368.1874
135.2223
120.8465
82.0173
78.6177
147.5988
210.2897
122.0499
73.9909
96.5790
86.7412
224.3009
594.5142
372.5138
86.7933
201.2698
484.0344
324.2760
409.5527
241.8547
151.7512
76.4659
191.4553
340.1385
153.8097
99.2065
205.4627
290.2611
50.3171
67.2967
128.8406
268.0843
259.3715
462.7455
180.7720
113.3777
139.4665
150.0979
46.1915
248.6811
397.2846
475.7812
113.3306
242.7806
478.3423
161.7341
170.2422
354.1264
540.6332
537.3563
653.2155
325.9453
328.8141
368.0200
455.2776
242.4070
390.5222
758.2337
803.9887
815.3930
511.9448
534.5953
649.3383
311.2960
530.3550
280.6441
430.6482
174.1266
152.1696
503.2948
598.9906
370.3605
145.5845
259.6742
319.4839
497.7782
113.0787
180.8364
255.3357
415.0519
292.6397
528.0155
381.4591
675.5626
339.0224
98.4943
102.9405
130.9845
77.2011
111.7737
215.0992
273.3296
319.1165
69.2853
181.8498
615.6675
637.3278
262.0506
290.5618
66.5199
99.1652
303.7742
544.7904
615.5756
337.8784
341.8761
484.8094
397.2784
531.7505
240.2227
355.4341
356.7081
117.8927
191.5788
531.4491
520.3565
139.0595
276.9693
120.1272
181.3515
329.6555
263.9564
352.1131
167.9370
386.8616
115.0307
220.5124
180.8452
119.6628
274.1171
515.3929
576.9907
96.4325
304.9332
484.9198
218.8966
44.0142
49.9023
163.1026
564.7987
490.6990
289.5172
344.1330
740.5343
521.5741
246.1595
283.8819
302.0884
516.7522
243.6862
252.3774
294.7772
199.6540
304.3564
454.3271
285.2195
317.8809
766.5129
503.7447
274.7010
241.9672
153.4572
410.5774
544.2936
546.7309
687.6532
774.0878
498.6609
319.3493
535.2685
136.5142
180.5965
116.0902
77.3719
256.4392
443.1660
235.2025
339.9124
63.5992
345.8494
726.0481
541.0160
307.6437
526.5309
359.9907
576.9523
167.1646
234.6154
346.6361
463.4764
107.3113
75.7200
135.6767
91.6613
86.9580
295.7797
506.6688
295.1554
816.1113
492.2471
200.9907
535.9564
620.9531
373.1026
201.7589
396.2323
234.5139
152.2095
232.2623
74.1884
49.7554
366.6070
558.8207
280.6622
694.5410
512.5013
125.9450
308.4028
455.5736
123.8182
183.9091
436.2209
501.4421
194.5847
130.1722
69.7554
133.1270
159.7745
136.8184
243.9829
174.8670
450.2487
792.0923
481.9391
240.1076
134.8931
277.5748
234.3515
360.5870
78.4783
172.9144
320.3928
393.7214
303.0166
611.0785
660.5537
287.6757
306.8797
405.7388
539.8758
77.8911
140.8577
542.3736
724.2357
723.9109
117.5934
158.4599
285.2084
560.1107
558.7899
180.4161
90.3683
181.9983
417.0180
131.6605
110.7294
152.1014
263.8584
494.7014
939.2245
578.3110
64.5794
83.1299
89.2190
97.3206
148.5688
201.2751
367.7064
297.6823
342.2893
72.2247
164.2247
379.0496
89.2138
135.0920
270.4370
498.1459
94.9220
359.6124
525.2809
112.5697
331.9535
560.4716
164.9430
191.5202
273.8376
143.5631
219.5230
96.8874
131.4669
242.6097
209.7511
326.3096
499.9986
455.1496
173.6194
191.8606
309.5007
188.1406
328.4357
446.1914
61.9278
208.4360
165.7203
136.0065
207.6995
210.8218
512.1943
466.9569
354.4675
324.8006
518.2725
573.5476
291.5082
160.8973
272.3183
99.6818
70.1295
164.9580
275.4175
125.5837
361.8007
517.1761
382.4393
139.7825
372.3865
853.6369
663.9436
724.7867
451.7045
104.9801
329.6211
334.8613
101.5755
558.1996
809.2397
577.9222
172.4328
157.1909
70.9379
80.0808
405.0648
738.1475
427.9921
92.3078
56.1284
51.9911
72.0635
330.3992
594.5575
560.1843
191.7250
333.3011
267.6610
72.5632
108.2232
267.8067
557.3391
469.3975
313.6350
238.5212
114.6815
51.1547
56.4286
276.0486
301.9690
424.6064
164.9449
162.2747
181.2952
217.7809
41.0388
242.3204
520.6892
140.5853
347.5886
230.1657
530.4656
462.2858
210.4159
197.4797
90.7597
67.2910
260.9477
395.9891
232.4377
342.8057
341.7574
94.2237
409.5970
486.7819
317.6210
291.0537
307.5386
203.6572
265.3092
282.2357
352.1028
47.7453
164.5783
289.4888
460.6467
317.9373
149.5375
177.0309
419.6948
408.0378
292.7082
662.9332
725.6262
347.4238
177.8171
172.5414
188.6685
455.6639
210.1978
492.1633
369.1319
147.4574
321.5224
536.9902
110.8977
313.9234
321.6404
165.4727
508.4538
541.6242
107.0682
132.0530
285.0862
383.0474
77.7505
105.2866
303.7601
344.3315
64.2219
145.7873
311.5781
774.7399
752.6495
521.2340
279.0124
316.0513
222.2693
354.3334
295.8486
524.3354
122.9585
340.4182
678.7426
762.1419
699.9824
703.9434
803.8548
657.7575
343.1926
251.3206
113.0435
174.2785
329.4334
504.6781
149.1665
91.2313
125.5377
671.0388
529.1276
417.7990
714.2179
357.3596
194.7453
219.3504
127.7512
72.2967
83.2020
179.5489
307.5600
145.0824
454.5696
523.3519
320.0278
424.9025
162.9726
170.3440
213.8421
167.3448
67.4603
231.4620
358.0032
151.1842
384.1164
489.2226
181.7144
631.7654
579.8508
408.4344
227.3840
37.2798
242.2763
737.2322
599.4466
155.1541
145.8467
148.7764
353.5384
638.5953
754.8107
599.9086
93.2777
39.1214
323.9708
874.0149
820.5046
767.7634
529.0851
88.5356
135.2006
280.1500
469.3551
522.6421
430.3479
86.6413
354.8681
530.1674
81.1994
75.7747
131.3639
290.3053
276.5294
172.5043
75.6664
182.2035
118.4624
285.7742
225.0766
353.8614
652.3000
795.3803
545.9391
99.3845
393.4348
443.1444
138.8376
304.0112
464.3625
418.6514
590.5062
158.7117
223.4136
325.7698
339.4289
573.3588
449.8151
668.5364
409.8700
673.2086
316.1249
347.4950
89.1623
105.9097
351.4949
452.4537
220.5530
195.1572
155.9380
116.4209
88.8356
51.3919
207.5308
399.3917
693.3803
562.3765
729.4158
602.4013
736.0870
542.5226
154.2195
143.5360
157.5174
330.6679
550.8422
185.9183
251.5527
381.9456
771.6566
502.4947
237.5228
438.7010
706.4888
516.7091
381.2780
532.0985
105.6677
58.5188
286.1056
710.4787
554.1386
97.5835
184.9372
166.4203
136.1911
200.0348
242.4963
374.0299
297.8351
69.2863
278.6662
101.0721
86.2682
180.0759
248.6011
187.3567
286.7744
113.6904
202.0264
500.9748
687.3548
569.4630
425.0042
451.8348
166.2646
203.1850
338.6383
275.1726
75.5142
69.6747
288.6035
590.5148
517.4863
175.4004
146.0868
97.6258
76.2348
189.3360
255.5580
463.3622
591.3755
244.8888
275.0451
390.6190
148.3015
289.0739
221.2011
356.0014
131.3975
107.4238
53.2242
225.1498
281.2640
407.0739
164.6867
136.6258
94.7411
161.3152
210.9820
228.6792
412.8254
469.6846
397.7787
509.7943
253.6104
608.0281
127.4391
207.6823
406.6397
562.3685
127.9285
244.9488
275.9002
426.4269
652.2426
464.7246
291.3189
147.0848
403.1013
391.6137
147.6127
178.1998
205.6372
199.2625
335.4362
165.2788
376.7866
762.4727
584.6541
127.8079
209.7169
428.6495
415.2408
437.8655
229.4236
411.3369
724.0659
349.4455
302.7073
115.7119
293.4361
520.3190
401.6062
88.3191
240.3924
400.8955
183.8251
118.0821
315.1556
515.9765
451.5453
500.7737
241.4221
644.2702
331.6150
152.8964
224.0466
312.5847
223.6161
451.7138
153.3973
164.6199
192.9288
496.6573
555.8343
676.3238
260.8782
77.9118
149.1085
256.9873
522.8870
815.2462
617.0061
335.2042
461.2444
227.6757
193.8134
274.7402
365.4130
167.2586
350.4733
423.4124
312.3579
510.6927
103.3799
113.9260
443.5968
659.3398
530.4802
586.6282
794.1205
518.4935
122.5642
253.2612
305.6342
117.1889
372.1760
522.9859
121.4706
325.3254
814.6184
446.1781
177.2412
143.3582
206.5232
110.6055
108.0158
148.0501
268.8877
344.3977
336.0757
473.1838
688.7325
292.0752
218.6852
342.4777
241.9139
350.0707
863.2575
623.8236
344.0214
561.8990
200.6575
318.0591
694.4127
413.2913
137.3456
481.1581
484.9277
84.6319
124.1035
285.3038
411.1879
456.2792
278.2060
244.5775
326.6624
668.0183
514.7790
369.1241
584.0168
646.1480
557.6713
378.0989
414.0523
81.1154
186.6173
373.3425
552.3155
210.8732
319.8564
402.5530
82.4961
197.7569
420.6537
352.2204
505.2982
333.8630
454.5085
63.9360
225.6228
222.1493
345.7776
207.3957
285.7340
805.9163
566.3089
247.2318
486.6105
670.3284
753.9451
544.8693
488.1888
618.1484
98.7238
78.3625
87.6243
135.1772
413.6249
340.4879
368.6475
160.0555
319.8357
479.4329
126.7614
414.3320
455.1504
321.6343
155.4172
432.8353
521.9192
189.7092
79.8192
460.9608
779.2856
616.8200
200.3460
143.3059
260.1706
368.4306
544.2900
413.5024
350.1853
653.4436
551.8722
473.3331
443.2170
255.5046
256.4244
89.7678
82.7655
149.6283
176.3810
100.3424
156.9374
270.9279
412.8845
610.2052
104.1306
236.6438
280.4756
188.7992
500.7538
601.9357
105.8523
49.3492
125.4709
237.5588
210.4005
305.0959
306.3714
175.9752
143.5930
45.5304
122.2334
212.7886
159.0165
548.8410
488.8232
258.4811
618.4676
421.4890
205.3290
379.2744
297.8235
488.6938
283.8861
42.1040
338.9893
903.5192
902.5496
509.3430
221.5860
371.8772
548.4367
254.1411
74.5023
158.1439
406.8008
259.7509
210.0951
448.6327
206.7694
231.9392
311.2956
104.3947
199.5409
294.7335
731.0537
805.2670
555.3979
291.6154
297.1182
182.7788
109.0706
69.9104
116.6892
225.1818
248.8175
371.2506
795.9473
610.0778
220.5258
246.1565
251.4757
141.3541
492.3248
770.1192
638.7655
148.1953
253.6038
536.2570
381.4455
614.4319
477.2002
170.4882
294.3658
285.2112
201.8731
336.4784
625.4504
364.9526
399.7919
236.6989
124.9673
167.1021
365.7060
134.9152
53.3406
100.9291
326.4559
113.5606
200.2209
711.5309
756.6204
435.4728
400.5821
332.0692
165.0847
278.8945
409.0865
109.6121
277.1031
410.4600
223.5067
384.3006
426.2213
882.2408
570.0651
76.8550
279.8512
472.4054
302.3177
656.1492
652.9805
620.7462
480.3487
598.9551
440.3076
114.5672
309.4677
146.1030
430.4598
539.1174
342.0533
566.0156
237.3148
793.7264
884.9371
525.7842
73.1833
127.1050
119.3923
253.0037
718.8175
571.0148
77.8297
192.8968
261.0016
384.0546
93.9552
224.0212
661.0455
485.3924
257.3136
98.4529
187.6115
289.5807
450.6532
105.8095
154.8702
468.4113
540.8885
499.6670
282.4924
756.0229
742.4073
797.7816
824.7324
313.1071
114.2188
341.6649
335.7125
485.5662
239.1543
134.2414
308.8807
410.9844
319.0530
237.8736
367.1433
406.1056
238.3060
380.8504
125.8847
170.2943
262.1371
269.9272
421.8053
155.9933
196.6501
460.6630
459.5377
356.7356
387.0465
276.5795
260.4912
310.3414
662.7525
213.3835
61.6630
303.6968
648.6480
597.6775
170.9945
355.6167
728.2702
645.6832
338.3675
333.8319
305.1262
364.1925
463.4400
288.6735
544.6589
298.2751
448.3687
588.9399
305.1727
348.8675
477.0785
130.7044
174.8877
499.3391
623.4024
234.4082
301.7998
430.3744
689.7002
543.7774
432.1718
154.5026
519.5106
502.9901
241.1035
304.6726
508.9875
199.9303
139.4904
252.9567
409.7026
208.4883
40.3556
116.4109
152.5583
159.3409
353.1520
734.3021
662.8151
331.9402
219.5626
236.2281
379.8367
42.8295
127.0350
115.6181
220.4791
417.0936
179.3067
75.0791
140.6539
350.9421
608.5055
385.9848
232.3213
522.1379
539.4958
433.1224
271.9310
126.9823
78.9976
288.0864
494.7187
74.3271
84.3952
302.2413
393.8180
282.3320
539.6610
393.7208
551.9015
133.0215
371.4310
870.2767
828.0863
642.6715
422.5364
301.9440
607.7758
306.5462
588.9351
537.6498
281.7999
628.6093
305.6652
158.7189
65.0341
289.4180
407.2595
123.2852
245.4405
246.2445
413.8483
621.9726
335.2658
136.4275
126.7553
71.5989
221.7808
207.6101
87.2966
200.4063
220.9209
174.0221
256.3965
321.9993
265.8544
454.9839
492.9269
231.6814
352.0430
577.8291
307.7539
182.5899
212.6388
207.2670
259.8773
372.1533
266.6620
376.7314
120.8044
521.5641
746.9724
403.1934
125.2407
52.5859
101.3182
189.8904
89.2651
126.0886
126.3929
80.1804
357.5427
730.8821
493.3626
158.4657
197.5432
389.9880
259.1883
111.4253
90.0501
171.5070
352.7287
111.4699
339.9491
614.5908
584.9899
451.5676
145.4954
270.9883
329.1083
535.3862
358.5381
603.2750
736.5622
804.2646
577.5250
253.5440
516.2045
139.7087
554.8189
309.8185
109.1083
122.3259
228.9715
406.9535
599.5536
357.1250
565.9879
493.9401
104.3499
63.5551
173.5750
425.5289
204.2058
648.9040
594.3362
635.3469
471.0078
183.7301
139.5889
372.8379
374.3996
92.9516
113.7841
298.2845
560.6366
490.3277
73.1464
88.3039
205.7892
101.6835
56.4205
403.7531
792.1416
775.3224
516.6003
123.2406
282.3992
144.0676
165.9379
327.7521
230.8482
373.2824
100.7377
237.1964
490.1396
401.2500
191.4445
198.3558
715.0452
792.0613
522.8289
266.8476
552.5747
627.5043
860.8537
563.5264
475.5391
337.7618
136.9679
128.2863
83.7493
45.9923
161.0017
408.3605
863.5491
707.2752
588.6909
493.2052
18.5702
41.5854
91.3196
237.3681
399.3422
327.0247
738.5355
556.7377
289.1150
457.0399
286.0318
478.7692
248.5442
340.5386
608.1742
551.7198
234.0837
240.1600
151.4527
362.4642
398.7264
57.4839
355.2137
977.6172
1035.2018
716.3427
297.5646
299.0075
316.1431
666.2485
682.1473
189.8220
166.5825
465.3612
808.8808
445.6385
109.5936
144.2568
151.8111
411.6062
888.6952
653.4134
524.5950
382.5068
459.7826
977.8752
989.8220
978.5045
642.5638
344.4478
188.4483
446.5266
159.5532
89.9693
154.2268
290.5997
135.4127
227.6644
167.7333
384.2911
784.6998
614.9756
303.0413
465.6888
90.6291
426.9281
636.0872
382.5330
267.3365
369.8518
383.8733
367.6329
40.2680
254.8937
542.8897
204.7409
626.6601
767.7492
483.3317
265.3512
429.8966
190.5300
325.5138
666.1466
487.9479
117.0235
276.9786
503.3078
313.2408
156.0328
525.4982
542.9691
136.9054
194.3542
99.3755
169.0791
344.9296
589.6538
705.1976
285.4707
309.3017
351.5539
115.2787
297.7185
481.9304
290.1812
194.9724
199.3804
208.4103
469.3701
190.6663
99.2133
318.1903
587.6515
548.9498
448.9042
100.7288
200.1452
328.8134
365.4777
446.9085
118.2532
111.8939
135.5670
388.3080
692.7601
689.6322
285.3549
215.1713
202.3538
425.8467
386.2926
503.6962
315.3104
452.1495
98.1336
212.1075
105.2035
282.8086
321.3217
584.6497
540.5782
126.9626
144.5025
396.2803
825.4237
247.7520
122.5285
453.8139
903.8379
588.4028
183.3669
487.0075
213.6636
402.7934
685.2904
646.3678
565.1131
482.4769
901.5414
720.9094
645.1272
231.4680
191.1056
375.8796
444.1625
625.6371
724.2136
722.5351
170.0871
384.7238
675.0083
426.0843
560.7747
811.0095
504.3248
163.9022
215.9218
209.1689
343.6646
500.1126
59.9299
89.5294
250.7591
511.5816
209.4972
499.4809
727.1213
317.7449
292.3639
148.1002
274.5988
746.8974
519.9097
529.0536
576.9206
246.5823
525.9798
326.1899
452.3960
415.5410
576.4215
353.4105
163.1928
431.2555
336.2513
530.2727
615.4694
154.0849
289.5467
467.5613
464.6652
884.5323
801.8979
419.7216
207.0333
307.2538
483.8267
481.4251
604.9453
535.5860
450.5612
721.9673
961.6324
633.3964
272.7589
95.8423
184.2224
255.1974
145.5058
186.2750
168.8768
342.0706
475.4390
582.0857
176.7027
123.9598
164.0378
405.9015
734.2924
683.6470
467.8030
669.7926
453.1103
283.4301
778.3924
587.8143
86.5947
305.0080
709.9487
335.5393
101.0928
95.8968
337.0003
591.4680
353.8234
349.9237
610.8481
651.9836
630.2133
458.3424
785.7935
540.1082
746.4394
730.8463
681.5339
354.7471
505.3860
83.0840
241.7077
423.2410
475.4047
150.9909
165.8468
298.0161
292.8556
240.9749
95.1567
218.2202
406.2212
160.8547
363.7506
535.9044
112.6571
197.8226
533.3117
774.1393
320.4933
774.1578
666.6326
272.8053
441.2734
573.8208
142.5352
68.1545
119.4799
215.9030
343.8869
569.1191
466.0460
986.1996
562.3805
374.2843
789.5844
946.7927
918.2777
572.1297
239.5360
511.3748
381.7421
613.9977
493.2776
241.9984
314.6134
425.2392
583.3713
858.6842
666.4193
515.9888
750.2882
437.2649
189.0473
252.4076
80.8560
161.6449
479.2420
600.1789
396.8582
98.8281
200.0700
181.3718
197.0746
329.4240
329.2904
340.2479
275.3188
651.7581
340.0587
212.6734
412.4962
161.7861
634.7483
789.2044
549.3855
119.7910
151.0528
384.1339
151.0692
434.5117
854.7282
572.5071
330.5585
133.2495
264.6063
200.9685
294.5087
352.5883
402.5377
239.3412
600.1318
557.3463
341.4427
760.5864
844.0407
812.0519
427.5450
132.2911
292.0983
352.0418
552.5028
216.1039
432.1133
837.6965
827.3973
381.1411
178.6861
158.2065
360.6125
458.9437
207.4814
418.8365
133.0070
363.7284
548.2236
196.2983
336.4079
444.3606
491.3564
293.6897
39.5439
97.0209
287.3678
433.8509
461.7149
452.4897
88.5618
278.7983
705.5895
783.7687
530.4277
150.4812
548.2192
533.6155
377.5746
582.6053
117.9936
239.2776
235.1607
389.3744
482.5684
581.6373
201.4477
238.9509
138.0784
95.2066
220.0348
406.9043
529.1549
32.6120
62.4130
460.2018
622.1787
239.8241
167.3027
222.0356
226.9709
176.5845
343.7656
532.1082
701.0622
445.6187
225.8817
255.0271
168.4581
34.7611
47.3762
170.7223
145.5119
86.7347
342.5469
840.5011
504.0646
228.9529
128.4610
196.0743
83.1012
498.5570
743.6135
432.0152
111.1340
65.6290
168.8185
217.0628
392.2648
459.0576
222.3066
419.6671
224.2769
434.6673
146.1184
210.4179
255.7571
148.1040
312.0240
98.5053
119.3181
443.1955
458.8172
356.1579
547.1122
413.1553
709.5498
545.1692
160.7424
516.2306
602.0630
202.7682
159.6501
514.7816
887.1104
658.5789
410.3468
612.2327
79.3697
91.0144
282.9915
196.5810
315.8557
251.6411
359.6057
146.5886
116.8955
354.4749
640.1312
591.0689
436.5760
270.8266
496.4829
547.3285
285.7063
250.8384
227.2452
500.5195
877.1165
704.6453
386.7720
547.3609
275.6631
116.1195
397.6490
415.2714
590.9188
426.6499
620.0562
570.5739
308.9399
718.9824
591.0520
468.6174
740.6701
442.5442
103.0896
493.3472
950.8362
786.2544
439.9913
174.8939
165.1750
154.6998
254.6191
814.5145
894.7025
703.4473
336.5989
366.3663
726.0102
789.6961
648.6924
638.9189
371.1083
191.3884
537.0966
863.6852
486.8219
358.5767
542.4376
213.2845
625.3337
590.4126
481.2477
634.7706
363.3148
287.5070
293.3707
528.5315
510.7798
633.0002
67.6469
144.9465
226.6980
402.7711
290.7133
475.6338
91.7444
307.5281
762.6124
744.9664
291.7311
69.4922
43.5921
66.6721
451.9579
859.1076
494.5876
354.6385
621.7665
482.4462
109.0353
549.3337
663.2461
638.5264
408.9755
327.8192
478.1051
792.5153
660.4683
593.9723
182.9438
310.5789
750.5802
872.0342
729.0911
498.1707
139.2279
153.2950
75.8190
435.8732
506.5789
248.3240
579.9256
576.4856
267.0052
147.7742
224.9213
587.5808
274.0034
263.4586
509.3593
782.1731
550.1017
576.0899
229.4881
358.1002
349.6200
657.5837
533.9704
211.6382
203.1191
386.6869
154.7195
174.4241
138.9367
314.7676
837.8353
870.8119
500.9276
434.9441
662.1935
341.8681
166.7129
214.8107
169.0513
426.8746
524.9921
67.5312
438.4264
682.6359
438.4163
674.6097
303.3675
79.9884
309.2025
410.2256
291.7945
563.6423
512.3093
631.7206
401.4139
116.5723
207.8819
77.5041
107.2790
88.3734
346.5127
551.1055
258.7282
539.8619
588.1250
251.3488
612.8492
592.9391
130.2491
220.9525
455.8992
368.6761
411.6523
658.3182
184.9679
216.2307
290.6508
290.5857
536.8476
158.1794
139.0230
289.6941
287.2910
272.7584
431.8543
345.4926
808.1589
888.4782
595.8045
73.3980
163.5101
211.7559
277.6370
466.7379
451.6242
545.5999
858.3531
524.2217
395.2231
553.5245
307.9514
477.7511
269.6762
148.6946
270.3535
322.7563
314.2875
277.1505
467.1285
209.1958
456.1921
432.4723
926.2524
558.3927
350.4190
498.8430
161.5756
88.3774
105.3929
480.4938
633.1048
456.1370
329.7374
405.0700
212.7105
130.4474
85.3946
242.5175
306.1307
164.1405
337.9633
209.3276
497.3871
750.5592
663.2696
458.3219
360.1216
428.4600
420.9737
436.7375
610.0190
333.9526
393.9734
223.5845
528.1797
540.4833
391.8436
560.4136
309.2299
788.6527
473.9882
359.0285
626.5342
311.6370
189.8743
146.1178
284.8144
97.8603
134.9036
242.1109
232.8666
461.6937
1010.4634
989.7669
494.3445
203.3166
330.9732
379.4073
82.7136
192.5338
535.2644
283.1575
379.6201
288.0491
600.2201
508.8573
256.6703
501.8980
420.4109
452.6989
692.6238
328.8436
254.6632
563.7298
627.6088
370.2570
228.8949
575.1887
242.5102
667.2355
825.2719
531.8478
347.1120
361.1865
461.4682
360.2555
369.8894
514.4876
330.4123
418.2127
285.5321
465.1064
253.4519
252.3230
255.6577
358.0832
277.5315
806.2640
622.8367
415.9609
581.4944
195.8796
598.2248
579.4592
475.6985
930.6510
874.6743
613.0553
194.7527
203.9666
309.8000
453.8579
231.8358
144.2058
804.5411
1017.3654
918.1662
544.7662
57.4072
79.7607
273.6567
151.9027
211.3615
133.7019
504.6140
751.4004
482.4471
192.4464
411.5974
398.7696
129.1108
346.8695
631.5535
540.4331
315.1155
354.0219
567.4923
723.4441
764.7349
609.8526
109.5932
163.5563
183.6445
198.6906
183.8324
273.4710
623.5969
704.2569
695.2761
721.2014
639.9421
344.8286
302.8027
145.8408
273.4290
555.4509
898.3042
919.6472
533.2051
186.4250
190.8035
336.9056
179.2666
100.2843
311.5755
510.0093
280.5464
504.8746
525.4231
462.4532
642.9247
709.0427
891.8146
726.1828
467.8383
209.9291
427.5932
332.6622
801.3906
912.9726
614.4399
575.9098
684.4816
359.5672
89.9329
276.9758
547.9498
516.0672
515.4363
449.0600
638.4585
115.2492
106.3000
315.2408
348.4287
754.2323
902.0702
946.1546
524.6405
273.7306
433.3895
583.5083
544.5331
104.5329
197.8302
423.4266
770.8078
981.7622
1110.7102
614.7300
201.0054
565.8134
566.4938
307.8607
371.2886
959.8954
632.6992
178.3014
632.0257
921.5502
647.9108
411.7467
175.4969
240.6950
353.6690
719.1632
480.9792
233.6873
370.4525
97.1882
103.1532
344.4447
674.5310
609.9819
252.0474
275.3628
345.5413
793.0387
628.0475
383.9614
417.7019
317.9130
469.2977
507.9593
892.8627
576.9274
115.5673
283.0182
221.5784
232.5679
451.0771
795.8773
564.2495
136.6540
289.3437
237.9640
372.7891
335.7097
483.8840
323.4334
447.8495
166.2320
309.5629
206.0058
214.6224
675.3550
567.8629
283.7938
695.5694
602.9657
595.9147
207.6932
268.0924
408.9827
326.6281
346.4271
395.2931
230.2686
418.4274
423.2377
551.8361
802.9633
431.6406
215.3791
397.4127
150.4713
243.1711
455.9200
834.1060
838.7576
1057.0539
1014.6643
767.7778
537.0052
665.6046
780.4936
790.9849
551.3066
383.6807
422.9811
127.0623
183.5068
431.5507
519.3972
839.0719
652.3718
102.6951
627.0826
559.8329
448.3559
625.0541
328.2180
728.2698
648.5475
508.4892
878.0790
877.6055
418.0300
112.7914
161.8996
258.3197
446.5079
528.6344
952.4696
733.7850
535.1770
97.6190
129.3390
86.3040
192.0018
369.3599
447.3073
425.7050
683.9873
727.3727
667.9788
430.3134
492.2002
260.1008
765.3494
978.1822
770.1465
904.8109
557.1606
224.1493
303.4787
505.4979
950.2659
616.8188
298.3125
586.6843
132.3170
253.8331
523.2991
440.4954
183.1666
636.4975
989.0257
1040.5119
935.5348
500.1327
291.0292
302.8260
218.2007
531.9394
982.5020
539.3555
335.1096
482.1521
549.8749
249.1880
381.2976
301.5780
263.4628
724.4988
557.2690
235.6718
432.2114
236.7076
295.6476
436.8768
93.0225
90.1079
145.2873
401.8349
650.1381
366.5537
707.2044
699.9855
779.8174
690.0225
661.3414
650.2691
786.0663
445.5162
376.6711
771.6957
329.8600
680.1367
1036.5029
1022.4666
779.5389
525.2105
144.2391
203.4521
774.8104
983.7322
958.1985
528.8836
249.6199
322.1947
570.2001
643.8696
318.4049
339.0997
475.7855
312.5651
506.6139
644.9690
357.9098
323.5093
288.0854
325.8291
217.1463
509.2837
531.2981
156.4104
546.3617
608.9406
188.3168
90.3634
232.0030
231.7742
665.7063
633.5987
185.3680
352.1654
572.6793
730.5396
897.7330
818.2349
592.8984
140.5408
135.3633
207.9239
169.5524
196.8817
134.3549
206.0046
501.0161
716.4940
465.9051
208.0551
80.8523
182.8061
183.1880
246.6647
478.3822
152.5336
270.4685
843.1648
972.1010
745.7614
494.5968
209.3327
202.7826
677.6010
744.0072
480.8618
558.6374
415.8211
501.0615
427.1605
362.2537
319.4227
428.3326
80.7419
151.0914
117.8672
177.3022
350.5954
205.0808
540.5545
430.1144
98.0140
356.2839
201.9222
554.7771
591.9313
222.1903
103.6085
119.5592
206.8075
445.1254
740.6328
615.2270
305.2676
270.0098
83.9728
214.3921
503.3197
649.8633
759.1373
950.0359
972.5527
990.1491
919.1682
580.5920
114.9867
254.9383
747.9098
815.2409
705.1575
557.4842
406.6927
147.7422
177.7027
403.6841
809.4180
494.3792
162.7999
442.5640
733.1692
394.5193
172.5215
110.2833
167.6775
173.0543
164.8481
222.6220
382.0382
286.7193
572.9699
864.8094
984.8803
694.6172
572.2611
984.0957
545.8880
167.1670
111.8106
70.5486
149.5334
189.9990
524.6147
936.4184
585.7837
91.9830
279.0063
474.7335
442.8306
862.2420
690.9278
316.7746
530.6020
636.5756
466.6674
225.0393
231.1860
334.7346
446.2075
962.4780
755.8854
605.2072
503.7297
220.9455
384.2513
387.4448
472.9485
765.2104
703.5511
613.0743
408.3943
703.5071
433.6462
415.4683
386.4239
370.2726
572.2691
135.2455
287.6721
297.4485
483.1636
154.8625
158.8766
225.7304
503.1123
661.3679
648.4774
803.2134
542.4822
112.7386
238.7666
123.2087
503.7193
969.3275
575.2303
340.4672
381.9846
327.5816
356.9189
475.3460
147.2674
426.7126
361.7434
252.5381
117.4566
382.3375
677.7436
532.6579
628.8610
68.2954
179.2997
512.6366
653.9145
265.4435
485.1016
1006.9842
948.1874
578.3728
212.0499
289.5818
888.9390
646.2255
208.4079
415.5312
537.2177
329.5264
51.3132
51.4913
347.9976
349.4702
163.0328
280.2284
159.2319
67.3125
421.9715
890.2685
644.1423
396.0059
348.7112
322.8230
195.2312
339.1409
422.8903
478.8203
327.3884
371.0924
91.8035
300.8516
474.1306
153.2019
205.8910
140.4469
194.2527
582.6942
707.4121
265.0904
221.7178
703.0389
673.6376
217.9196
162.0202
399.7189
640.3196
819.9991
503.1617
139.5550
408.9304
162.7301
240.8785
474.1035
943.3646
748.2491
640.5990
247.9215
786.4748
974.9650
1048.3816
676.9403
264.2164
474.8289
109.5648
280.2382
129.9705
244.1683
680.2900
501.7649
287.7889
420.8529
405.5898
105.3673
463.0156
668.6670
346.7471
507.7699
438.5483
583.1988
165.5289
272.4472
197.7083
318.5053
881.8432
744.1211
556.6351
481.3891
122.1336
354.1799
577.1270
162.0291
146.0689
288.9123
175.4224
375.5802
73.7301
479.7677
499.9484
461.0801
839.5624
642.5893
435.1304
479.1259
384.5326
584.0303
165.8351
210.4254
219.3963
550.6852
573.6982
475.3877
1032.3486
474.5061
375.4854
453.6207
174.9634
502.6279
536.1514
261.7958
385.2712
860.3421
899.1635
540.1612
107.3743
594.8350
1075.1546
1048.7214
638.7779
187.9355
273.4844
255.5372
346.4717
886.5488
893.0919
603.0531
138.9134
192.0259
153.5053
234.3342
283.6983
129.6636
470.7676
466.3209
234.9683
499.0532
205.3640
361.1758
355.5644
201.4815
206.1823
554.1207
956.4600
825.6044
894.4041
580.0808
74.3665
60.0435
67.8825
341.6134
617.9806
878.7347
1016.0405
946.8493
852.0543
452.1443
382.3838
468.3142
218.5254
273.6245
629.8539
506.0197
357.3702
614.0694
828.6675
888.7665
629.6659
279.7236
343.0032
544.9813
853.6804
977.4444
918.3453
546.2802
119.1370
365.2192
453.6585
176.1036
385.8885
313.1273
239.0165
637.5108
461.0857
421.7685
98.2317
174.8961
247.9518
255.0620
522.1182
611.1830
559.5743
496.8693
495.3033
159.7535
58.1754
120.8614
463.0559
1044.7485
704.1761
351.1722
316.3601
166.1123
138.2868
116.4431
203.4495
428.0283
472.1426
860.3927
942.5307
857.6214
445.1470
194.8644
180.4576
248.5177
237.7802
73.3787
66.7901
183.7695
536.2560
382.4419
312.7983
501.3282
590.8192
1036.7704
1021.1416
796.2871
562.0505
736.8292
492.9395
352.0382
680.2456
860.7388
690.7353
961.2888
615.6659
326.5812
410.4925
107.8554
229.3990
324.0641
820.6435
515.4448
191.4147
406.1480
107.3568
355.3617
840.5032
724.4326
932.5480
1005.3407
619.6599
33.2067
103.0853
300.9423
529.7387
157.6861
90.6068
256.1701
255.4741
310.7733
163.3206
260.0904
859.1195
873.5858
638.0924
643.1313
320.3626
643.4568
902.6460
1023.5649
1122.0450
823.6895
479.8607
411.6909
837.6253
1018.0002
1098.0128
1086.8460
960.3253
591.4929
512.0460
685.7505
270.8237
200.6613
293.2020
164.1346
75.6086
336.2482
378.5840
215.1431
382.2871
171.9412
251.7756
304.0292
686.1709
730.9254
723.5773
422.5347
169.3954
420.2513
358.9347
369.7392
338.1114
629.1501
295.5241
254.7917
472.1096
892.2495
527.8945
223.0801
300.8029
572.6667
634.4479
614.9853
323.3564
558.2752
619.7812
380.5884
726.7234
645.3076
128.8094
260.7335
173.9979
289.8603
227.7865
361.5785
947.5870
520.0102
66.7282
40.7148
76.9868
364.1947
1015.7176
741.6446
722.8089
641.8896
562.0564
1081.9748
848.0499
472.5520
402.4873
324.3664
283.9814
523.5623
295.0060
479.5101
493.6523
529.0344
776.0835
630.1781
295.4992
155.3014
181.4383
333.7852
882.4404
530.3443
173.6832
356.6743
186.8462
270.0284
472.6299
514.0779
85.4581
223.6931
691.1217
838.2882
479.5406
154.2061
447.6275
691.9925
316.7795
223.5553
1001.9451
1014.1644
910.5927
720.3142
365.4460
153.2381
521.7896
817.9342
931.1340
644.7445
238.4357
351.7975
984.1352
931.2078
779.2189
506.9384
269.1290
515.5702
133.6042
268.3423
492.0007
809.1852
978.6053
777.6751
989.6187
699.0956
264.8971
442.3859
393.1480
249.5282
378.9507
391.6259
290.2851
457.7626
967.3133
627.2215
544.4021
567.5709
228.1371
258.3274
885.8871
664.1998
407.1193
468.3930
238.2425
727.7026
751.0682
498.1365
206.6811
554.6111
445.0588
256.2285
657.2007
1039.8669
922.4691
853.1255
323.3977
431.8211
673.9705
703.8215
1090.0367
668.9245
264.7910
244.4269
502.5646
483.8165
236.9924
345.6627
94.2417
291.5534
465.7588
185.9142
171.7700
141.8474
49.1818
203.8768
551.3188
442.7605
340.4654
659.7042
690.5472
552.7489
84.7433
94.3629
143.8242
96.9446
291.4683
563.3600
505.5467
733.8852
897.1063
679.0694
495.2267
468.5534
389.0364
539.4066
559.9481
804.3159
512.4535
702.5672
168.5014
424.4172
769.1956
698.3937
899.0768
1049.4655
882.3955
981.4215
957.9684
907.3378
1018.2127
727.8014
288.6664
650.2327
689.7572
931.9421
716.1459
312.3866
648.3110
408.9831
260.6468
125.7485
215.8701
507.8709
741.1596
448.5291
73.9618
219.0712
646.5442
1038.2940
710.9116
297.2882
545.8451
418.8252
480.8214
476.1840
242.3112
48.9385
287.3144
864.1697
960.9437
881.4780
953.3094
960.6736
905.9521
895.2941
675.5161
756.8704
473.1789
277.9079
497.5677
164.8173
165.1237
563.7972
829.9846
398.5534
420.3066
917.7154
495.7171
155.6792
433.8169
766.8623
555.9262
340.1437
327.0322
241.1059
693.5998
615.4067
461.3073
939.7355
756.7457
496.8012
173.8578
33.5081
71.5363
398.7759
818.0895
686.5483
234.8904
265.5152
560.9475
890.4983
931.5052
682.8946
168.5327
142.5293
256.3488
498.6718
782.1747
698.6957
223.9042
166.2743
181.5228
491.8628
777.0934
648.5672
174.5589
231.4319
189.7474
364.1475
484.6277
915.6487
982.7615
641.5129
374.8796
277.1525
381.7115
586.3672
825.7884
508.3097
250.6029
431.5041
573.2195
289.7892
581.1096
617.9878
365.8394
123.6143
439.0294
526.1529
83.7859
159.3886
249.5229
131.8172
335.4593
506.0103
452.7413
992.6519
858.8345
826.6470
901.6040
597.9804
267.7647
257.0276
578.6220
504.1939
256.5004
383.9632
457.8827
981.3095
569.4422
157.3001
308.3951
553.0417
914.0259
758.0456
279.6639
161.8310
230.7341
262.7336
544.1206
1024.1493
997.7528
936.6143
664.7882
560.0508
648.5479
494.1017
1003.9271
666.1908
570.0878
283.7066
188.3091
142.5363
233.9319
451.4992
221.2563
142.2796
257.8223
515.9291
643.2617
216.8140
72.3350
145.7927
318.5770
226.6382
419.4581
860.5531
446.1018
370.7738
569.8548
237.0713
739.2632
539.0819
470.5689
101.8259
423.1755
671.5286
347.4260
451.1168
487.0796
605.8757
335.4566
483.8019
661.6140
623.8406
615.8824
181.2507
767.5732
606.5733
348.9503
403.3575
265.2394
477.9044
305.9119
206.1376
497.1406
665.4578
547.1351
170.8507
305.1869
428.0449
340.5686
155.2008
314.3266
196.7811
252.7495
392.0429
558.2579
479.7631
478.8903
499.9780
917.0807
723.5451
705.8159
508.4369
272.7339
350.5092
288.3336
631.5150
503.4452
1002.0203
683.3606
195.6644
241.8334
228.6671
94.4715
264.4391
360.3858
622.5260
468.4560
94.5840
308.4915
571.3155
206.9504
195.2932
225.4322
691.5594
922.9068
485.0226
334.6552
642.5612
678.6954
830.6330
539.6892
586.5987
1027.3997
722.8628
375.2311
278.1709
991.8275
1001.9341
779.7129
407.2644
65.5022
352.9524
450.1536
125.7786
272.7176
521.4825
581.1242
372.5041
581.2455
768.0360
507.1492
306.6951
333.9374
440.4171
596.0124
740.5322
311.4703
553.5656
1001.5756
599.5980
112.3832
207.7296
150.0732
295.3645
181.8650
115.3170
172.5679
384.2091
515.9182
1021.0275
1061.3068
784.1407
395.2750
241.9126
241.3622
595.5668
795.0636
629.0030
210.3948
53.7316
103.9828
270.2530
417.8450
260.7121
256.1528
163.2877
298.1451
269.4898
864.9359
988.1759
594.3550
312.3226
520.1989
457.4018
215.9449
289.4503
185.3567
433.3122
383.1835
564.9953
621.3056
552.4417
910.7364
585.7907
72.0980
200.1188
797.7223
987.7613
927.1347
590.4082
157.5386
260.0205
554.5759
421.3649
779.1018
636.2327
72.0060
148.1630
211.8090
243.7538
553.4646
987.7737
966.2997
989.5820
577.8180
55.8245
192.5719
377.0368
216.7324
574.5157
950.8798
1012.7870
607.2623
74.8571
89.1267
220.7837
384.6884
158.9078
450.8677
634.1313
336.1667
179.9427
373.3180
714.5644
683.5860
665.7338
443.1518
189.8426
219.0567
437.4263
1021.7645
612.3906
179.5260
126.2023
81.0454
168.2086
748.2069
912.3263
633.1762
335.8470
264.6719
742.0364
639.8870
221.8133
163.3116
522.7423
960.1447
1055.4805
749.2788
311.1743
271.1264
353.9364
276.8347
376.3308
931.3580
853.5716
1109.0419
719.2745
245.1439
231.5131
216.5416
614.3270
698.1768
562.2860
578.4885
65.6585
343.0143
735.0476
391.5240
326.4303
313.7856
84.7665
342.3004
537.9546
262.3800
548.9378
1017.0415
658.5744
385.4415
274.5054
151.0102
191.2142
240.0206
626.2365
226.5065
106.1616
103.3473
64.1110
114.9926
252.1326
546.5402
599.2877
344.3841
477.3010
427.8957
629.7584
975.2700
929.4144
844.6075
592.8127
164.5399
251.8228
416.7126
305.9691
535.7057
214.9450
309.6917
752.8820
473.2730
60.3026
311.8315
895.5667
1106.9754
688.9380
139.9204
231.7217
29.0688
252.8780
613.7567
341.6474
590.4270
464.0239
221.4535
105.1080
344.9181
271.4760
292.9155
160.9411
265.3788
91.4929
302.7373
583.3835
346.1024
575.4993
162.2946
313.9091
206.3176
567.0676
1003.1921
1042.1106
914.4476
814.1425
896.8023
877.3543
499.9950
319.7684
551.2805
621.6572
647.3118
105.2877
231.6885
438.8801
433.3395
57.1437
411.5013
538.3641
153.1430
243.3753
371.1966
684.7108
332.7998
59.9015
309.4425
743.1180
518.8655
233.3864
408.2064
113.3176
245.1728
413.4942
290.0044
284.2798
244.7348
240.7109
301.4225
393.5081
609.4074
320.9454
203.4712
269.0197
555.4540
573.1608
878.3421
715.2210
552.0518
303.1900
502.3356
188.7832
129.3506
254.2622
349.0854
532.1681
201.0869
309.2302
546.6668
616.9225
457.2790
603.5647
467.6399
159.7014
482.0001
818.2861
778.6112
1067.1452
946.1209
625.1678
534.4962
893.4933
958.3667
1108.1679
1089.1243
650.3364
510.1203
939.1185
764.7124
456.3301
556.3705
262.7276
662.2392
398.3056
354.1867
282.7477
296.9478
400.5555
311.2245
651.2978
719.1764
284.2093
253.2280
746.6880
1053.5923
593.1167
269.6047
608.1739
776.6772
643.3210
362.0375
272.3513
205.3212
575.7233
1071.2123
709.3023
635.4291
649.9722
417.7233
1029.1315
997.6864
715.8500
471.0407
219.6832
358.0698
837.7586
1046.3355
732.2050
306.0541
776.9597
563.1098
195.3282
105.3179
109.3297
552.2068
712.0636
249.2330
512.2849
97.4695
90.5772
41.0931
56.7452
253.5086
463.8870
286.9311
232.2499
139.7852
260.1509
894.3924
985.8279
811.3296
983.4751
1119.9554
1058.7323
702.9830
354.7103
72.7982
70.6241
178.3660
208.9178
269.6165
210.1425
475.0517
504.4548
228.6726
432.1004
568.0278
191.4882
574.0327
900.4849
608.2894
273.7196
433.3097
267.5988
437.2192
444.4823
432.2565
299.6730
564.0135
712.9344
671.8079
976.3484
1050.5877
1067.8604
797.1696
846.5828
537.2299
119.1366
607.3026
636.7705
145.3928
416.4047
231.5418
711.4492
813.0547
853.7009
565.3351
344.8056
310.2867
506.3364
389.2327
500.0539
599.0220
505.4050
567.4982
129.5215
295.8471
664.8811
643.9763
227.5717
640.4966
1142.3144
1138.9687
1129.0654
1026.7765
1171.8219
1017.7626
801.9885
444.8091
274.3294
152.0126
211.5675
307.3905
341.0577
271.7697
380.3193
385.5827
641.6762
993.2183
630.3418
490.8600
716.8181
475.7459
350.4057
49.8441
198.5019
641.8746
744.4278
672.3946
1047.9674
579.8382
239.6047
532.6588
519.9730
695.9309
797.8333
492.6816
786.9528
740.7942
668.4189
914.7273
1117.9233
611.8727
427.6248
967.0162
1054.1309
1164.8996
1130.7380
1034.9111
1084.8348
584.6640
213.6531
487.9439
308.6110
584.2207
1055.9323
503.9474
239.7624
315.0889
146.4379
208.6737
279.2331
240.4190
265.3104
366.4484
592.7426
784.0702
421.6706
277.9762
526.8599
1023.4466
1070.5756
973.3772
1075.9301
624.2095
229.7714
120.1889
81.1603
350.5121
571.1915
194.7053
301.6808
476.4250
630.5063
322.5799
193.6465
318.3063
523.7250
1067.9410
997.1812
926.0024
1011.4221
920.5864
1121.2460
1028.4260
579.7117
240.3288
314.8743
434.0307
700.6712
1093.4260
681.3069
85.9216
216.6825
565.4433
366.3331
220.3656
179.9005
230.3562
364.0752
1013.7396
1061.8925
913.7369
396.5159
367.9763
1064.4444
1086.0330
1124.8987
1134.3872
662.8867
415.5056
759.4432
547.2283
742.5414
505.4755
258.1087
234.8964
388.5890
163.7985
528.9238
540.6934
327.4204
437.0687
743.4697
286.7175
821.9450
840.9996
547.6944
755.1580
1035.0346
1005.7789
1152.2381
1119.1522
678.5477
389.7518
586.4706
383.1765
123.1331
242.2799
173.8010
50.4789
187.7286
263.9653
99.7635
55.7238
127.7917
298.3119
486.1231
605.2948
1037.7242
910.0498
457.3580
136.1610
184.1592
210.1962
193.1080
594.2563
1058.7974
999.9250
687.1474
439.4435
234.2962
151.9135
307.8402
483.3136
489.3895
276.2998
716.9732
1082.1073
1094.9788
1039.4982
1000.3653
1052.6031
651.9386
76.2856
183.5605
397.9923
550.2772
1104.5222
1016.8116
555.7036
284.5981
494.5324
461.6550
125.7122
88.9913
168.3365
320.1032
465.4956
1001.0127
984.1366
575.1879
494.4635
940.9470
522.3546
366.0400
502.5232
140.7315
142.2442
159.2849
363.7501
491.5646
524.7518
207.7659
733.3201
816.4374
604.6002
789.3502
685.3299
654.9533
1050.8717
1027.5321
932.5318
1135.6206
515.4234
242.0000
531.2178
284.7833
305.1645
523.8246
665.2681
235.7379
307.1062
627.5789
789.1208
675.7986
747.9413
1051.6089
644.3897
223.4246
448.6268
285.9842
540.3849
402.2409
527.7813
1092.7007
1132.4577
601.6593
433.4806
549.0978
119.0571
224.9770
463.4931
374.9452
482.7243
898.6529
647.0078
666.4275
679.2975
428.9515
677.4828
560.8899
590.9668
175.4118
474.9716
975.9051
571.0822
215.6306
336.9135
351.2271
335.4956
288.2746
95.2135
371.2221
409.6858
65.1475
70.7968
138.7493
276.7077
549.9570
548.9634
1106.9911
1186.4981
1128.4628
1197.3547
1132.5238
1142.6080
951.7356
1014.1460
1062.7671
583.9396
268.5075
329.4633
446.7763
593.5484
887.7625
621.1195
119.5093
262.6296
481.8234
453.0201
1018.5081
920.6017
714.7551
716.1844
408.8441
807.7253
1099.0908
1154.9627
1071.2811
707.5976
940.5007
696.9165
438.6624
269.3934
196.2392
246.6433
425.3294
273.2448
521.1068
406.9856
286.7597
361.7362
536.9633
691.6756
268.2254
459.7167
432.2228
236.1221
454.1809
410.4148
677.8882
417.8778
300.0917
544.1500
344.9439
479.2314
1047.2205
1066.9315
1070.6112
1178.5154
1074.0440
920.0683
1000.8731
625.5293
67.5550
483.4404
667.0169
736.3856
1050.9740
1080.8542
1061.7882
1154.3411
1024.1625
714.7699
809.4288
934.2699
785.7678
328.2967
431.8623
806.3632
1042.0073
841.7937
651.9088
565.5561
876.2658
1066.4733
614.3903
641.5303
693.3961
557.8256
55.3841
586.2342
947.6453
482.0762
340.9687
396.9783
343.0886
607.5955
821.7551
864.9958
662.6702
591.4662
423.8916
611.5640
584.5116
165.5749
685.2631
491.9934
522.1823
578.8833
315.5952
471.8049
509.3288
572.0065
99.1975
252.2334
260.6952
296.9893
826.3846
628.9666
77.1697
43.0873
260.8050
368.0204
187.4507
220.2628
356.1076
1067.4052
887.0753
581.3682
166.2008
597.2829
325.4819
457.9763
993.3749
891.7522
506.1818
174.1204
398.3503
327.0272
630.7747
522.7112
315.0012
1029.9521
820.9975
498.7342
437.1290
417.9106
544.2895
78.8328
241.3304
260.9046
366.3932
1086.8639
1161.4297
806.5212
500.7372
609.3960
719.0294
1174.4942
1082.0488
771.3096
544.0485
130.0938
168.7342
153.4166
105.0123
144.4136
451.6559
678.0706
676.3657
400.4547
208.3177
399.4687
611.0036
688.6243
464.9427
286.8894
380.1538
653.8144
729.8259
122.0482
97.4468
241.9459
365.0276
679.0416
492.8074
140.6698
194.9176
190.8382
236.3345
173.9612
266.5461
130.9584
368.4421
424.7227
368.6149
277.7123
382.9354
609.7805
1091.5617
820.5215
750.1020
560.3752
347.6741
561.6365
112.8176
370.0053
745.7991
621.1848
164.5463
587.5322
567.3422
279.3310
290.2865
69.1005
166.7324
467.9096
308.8861
372.8004
549.6293
484.8560
123.3397
242.9421
79.4664
287.7991
152.0756
190.2677
283.0262
686.8266
1110.2818
864.0569
436.0016
20.9621
25.9720
266.0162
1074.4165
761.5260
707.8805
803.3795
565.7576
308.6872
553.5340
163.6115
507.0401
1165.9266
1125.6943
1128.4162
647.4848
776.0140
693.7357
279.8626
411.0102
318.1313
361.2835
125.9184
494.5922
629.8962
105.0798
328.5024
337.4726
175.0749
246.2252
400.3860
523.3976
320.4376
921.2635
861.0476
788.4112
464.3885
162.7555
144.8843
233.4098
995.5913
641.6091
252.1923
305.6669
250.7903
159.0258
302.1764
106.9410
151.7249
190.9611
461.8930
672.3561
1136.9105
1044.0921
654.2591
181.3573
251.6933
78.6683
153.0373
379.4145
600.5279
355.2157
587.7670
624.9454
125.0492
271.5314
531.0162
156.7042
173.8188
365.3562
348.0432
741.8522
312.8717
513.2416
519.6633
481.5479
340.6448
474.0509
163.6505
154.1571
335.2746
327.5753
394.0166
1014.1038
1109.7770
616.3296
221.0204
257.0575
514.0263
452.4180
397.9251
153.8041
309.6399
765.6902
1103.0175
1140.6928
942.3730
616.9412
500.0811
748.2845
787.1602
1200.2072
928.3465
574.9161
226.1177
230.3067
592.2792
1124.1163
677.7645
308.2481
130.5672
351.1653
467.9309
304.6188
314.0902
1047.8900
769.3135
578.4603
465.2323
128.1056
477.2995
666.7099
695.7535
495.0391
136.9973
175.5906
806.6137
1116.4398
1067.1433
1063.3992
1064.6708
829.2731
634.8533
280.0911
871.3057
935.5541
475.9022
398.1635
764.0887
223.7373
404.6524
1024.1613
1123.9477
953.3741
963.2553
799.8105
124.9529
48.4950
138.3939
308.0890
866.2530
1078.6688
690.7602
220.8229
115.4872
145.4503
466.4637
483.8781
132.1833
346.9004
758.7512
1000.6151
1144.9476
774.8347
354.5145
677.3831
1023.9455
738.0301
786.2252
914.5990
959.9853
693.3321
473.8626
469.0184
947.5300
603.4943
302.0239
545.4778
256.6696
982.0870
1059.1455
671.4085
138.2291
41.8901
157.7359
331.0141
500.8442
444.4409
279.1299
203.3738
109.2321
305.3120
516.8081
256.2873
338.7077
507.3015
769.4402
626.4778
169.9889
215.2166
138.3266
81.1455
134.8050
157.6400
510.6488
265.8833
491.4059
702.0563
396.2390
191.3877
321.4435
493.5136
172.3169
176.1507
211.0220
322.9887
649.8855
819.3692
1145.0124
1104.0341
1165.6988
1012.6705
703.4272
1026.8045
669.1921
38.5891
35.8074
138.9163
561.3796
1139.7879
864.6740
856.9078
666.4625
138.7317
268.2607
669.8388
626.2897
321.3499
723.1048
669.9756
477.8902
916.0066
1092.2897
1098.1634
1182.1813
1050.9850
695.6602
840.6711
503.1597
484.1538
574.8559
681.9447
604.3896
150.0708
250.8374
295.1728
545.0609
949.3990
1199.8459
1173.1634
1107.2318
1090.9684
1070.6361
947.7403
898.2348
1070.6372
642.2013
123.2721
230.5506
652.9952
890.1505
650.0215
437.7386
374.5281
191.7683
592.1327
751.0038
1056.5011
640.5988
118.0358
128.2122
641.9443
793.4835
675.0868
417.7711
587.1858
551.4103
348.0502
524.8347
963.2582
587.0060
988.7785
1057.8506
589.6390
296.3805
452.3921
651.9015
381.2410
224.3994
103.9461
369.5404
315.6759
309.0284
335.5176
221.3210
122.3099
644.3101
677.8947
365.4002
660.6299
494.2193
203.8421
570.2181
619.8246
601.3141
837.5705
748.9312
442.0871
132.7846
255.4957
543.2051
685.6650
526.7404
520.4354
273.0504
501.7094
368.3179
535.0955
1078.9768
897.3517
708.4246
789.7107
1183.8728
1172.3131
792.5681
726.3783
1056.0043
1161.1365
1190.5984
1078.1556
631.1746
602.1770
685.3972
583.8739
224.1346
123.9046
287.9915
609.3302
355.7308
463.2909
153.1750
195.1454
415.7297
88.8991
554.2010
1113.5213
1161.3142
1098.1254
1129.5018
1067.4713
1110.7131
1182.4489
675.4648
232.7380
1023.7479
754.6167
452.5794
485.3342
321.3119
299.4283
154.2420
486.7917
1117.7582
955.7261
531.1655
615.8859
1082.7215
833.3028
657.6220
447.9339
991.3805
1176.5993
704.7850
466.9252
777.0446
788.9191
709.7132
193.7625
508.4537
633.0188
230.9107
657.3212
1068.9010
1178.4550
1125.5191
1000.7062
1129.0001
1180.7489
1171.1799
898.6417
915.4526
769.6523
187.1530
173.9057
433.5958
445.9018
1162.0794
1200.9298
1078.2584
1089.4525
1021.0457
1089.1951
1058.4828
604.9919
303.3789
465.4474
25.5692
459.4258
639.3913
264.5114
640.0265
666.8035
346.3535
494.9837
887.2152
654.2731
181.0020
370.5789
189.4441
344.9930
478.8610
889.8014
651.3139
264.5219
743.1709
673.3075
755.8467
778.9826
360.8076
879.1058
744.5129
138.9834
249.2801
712.8567
1137.6819
1172.8501
950.6604
699.2439
763.2214
567.0853
708.3572
758.8612
864.7596
644.0925
367.4709
705.5613
556.1213
1157.7208
1190.5654
1142.3670
1093.3941
1084.6230
850.9543
727.4203
612.7187
597.9128
983.0716
779.8590
318.7591
410.5266
416.1319
167.7008
972.8462
1062.3963
792.2367
606.6211
88.2757
509.6902
1164.4131
1208.3526
1040.4463
797.7478
316.3839
105.8421
188.0001
680.7015
596.5779
389.7835
204.9101
621.1052
1077.1505
1012.5499
971.4970
812.9869
510.6427
704.8570
416.3030
469.6255
424.6557
1042.3342
1200.0484
804.5229
916.1016
1063.6234
1055.2283
854.6071
899.2255
1017.0002
806.4556
726.9648
587.5056
777.7013
507.3429
202.7532
614.5014
1190.7698
1120.8868
639.4909
139.2095
421.9160
628.4452
622.5773
269.4499
585.6280
533.2059
382.1326
163.8523
332.3830
830.5983
1127.5919
1150.4578
1168.0464
709.3340
238.5448
331.6823
1129.1311
1161.2310
1133.6280
1148.9629
1192.2973
1082.1572
1131.2864
1034.7212
1161.3567
1190.1519
1107.5395
1188.1412
1149.6449
719.3724
501.8888
539.6656
530.4464
711.0434
910.4946
340.2322
317.2247
432.9713
357.6544
465.7172
488.7660
1044.9666
1026.6159
931.5073
517.3744
265.0800
174.9963
306.4845
460.3114
502.1911
1112.0855
1184.8348
1201.9852
1141.6557
1080.4239
1142.4176
1120.6453
932.6244
788.3425
657.7780
505.4382
305.6344
701.4664
720.7272
304.3754
854.2091
994.6627
856.2063
645.3396
680.2707
1080.8145
637.1709
343.0763
1057.1252
902.8503
623.0749
468.3395
655.3296
1104.7508
693.4368
141.0575
349.1986
555.3601
74.1814
134.5561
84.8665
488.3798
1129.2525
1001.1374
484.3769
365.8880
924.2386
652.4794
968.2670
1053.6702
694.5833
81.2912
400.0965
991.1201
1140.1761
1153.1628
1159.6612
688.8791
454.7470
242.9065
899.6375
1219.5885
1135.0338
1154.5816
1115.5103
832.9471
578.6896
543.1123
416.1401
809.7645
729.7682
125.5673
153.7332
221.7644
451.2209
279.9471
339.6863
182.5577
137.1534
410.0119
830.9621
442.2078
79.8366
565.5914
1154.0691
1112.2665
1109.4037
948.5494
781.7379
268.8394
230.2346
727.6532
1134.1628
945.3188
604.5591
336.5125
536.9058
532.0703
718.5506
1065.7265
528.7256
352.7737
983.7103
1087.4832
1143.0808
1177.8040
719.2047
241.3928
118.7223
476.2951
819.8146
486.6029
250.6222
360.4284
452.8794
359.8885
826.7874
1109.9182
1123.6131
1003.8187
1187.7216
1240.5621
1188.0392
1118.6402
1068.5411
1142.4416
1191.9043
1240.9001
1099.4584
1145.6321
1195.8834
1135.4290
778.2012
927.7602
745.0070
668.6037
730.3902
484.2256
305.1162
321.6182
391.7023
393.8658
376.3232
86.0334
44.5263
93.6250
232.2714
603.7818
594.0971
288.6263
245.2561
174.0599
272.6969
589.7712
403.5581
589.3838
540.6532
479.2397
430.1170
597.0569
664.9198
506.1335
1102.1791
1090.2062
1148.7549
978.7702
698.9812
490.1261
123.2552
301.9770
291.4440
384.3194
130.0074
585.9623
664.4986
230.4201
515.5974
1165.2234
1203.5871
1120.5415
708.4395
220.4383
486.8323
933.6058
658.2703
646.2199
1185.1870
1071.6366
1202.6718
680.8159
536.7667
490.8460
355.8304
858.4741
1222.9370
1209.5281
1037.8203
1185.4272
1178.2885
753.6367
526.1967
189.6941
403.9710
471.8304
415.6110
566.2168
214.5579
165.2119
467.9321
1101.4554
1135.7127
1022.0752
1155.5518
1148.8129
1235.5732
687.6934
195.0004
203.7545
576.9111
898.6354
703.2151
632.2121
817.8881
1077.1981
730.0797
588.4309
425.2278
47.0170
55.1961
229.8093
419.4314
550.5494
702.7923
853.2297
1143.5924
1208.3589
1174.7745
784.9837
298.5006
349.1569
304.2049
41.3666
227.4356
574.0426
585.8432
241.7341
380.2013
142.1306
63.5353
56.4561
162.0935
177.0362
136.8810
109.1527
208.9344
242.1894
407.1811
485.0410
366.3979
694.5684
662.1240
370.7148
276.2446
255.5456
496.1452
171.8366
178.0657
162.7116
72.3677
181.5781
423.7875
385.1552
587.6991
709.4529
704.7839
571.1470
722.3994
1165.5178
1240.8372
1132.6773
654.0197
136.8066
82.9863
389.8461
499.6667
159.8352
516.3537
1045.3364
664.8025
87.2423
250.7974
551.5634
656.4831
472.1260
797.2732
1211.3915
1154.2208
982.3456
1142.7396
1126.7792
912.8694
888.0911
619.3263
248.1830
274.7911
548.4004
430.9439
540.3685
1115.8795
682.5713
333.2943
305.6872
993.7913
1162.5674
1139.3579
1121.6903
1002.2915
685.6455
614.7619
688.0307
525.0960
985.9488
1116.1585
1032.1630
865.9774
1151.9839
855.7316
1075.6334
935.9357
566.2537
519.5816
309.0881
490.4292
297.3512
298.2623
519.6053
481.9601
697.8187
769.1031
577.8234
463.1072
400.4519
253.9719
257.7390
365.4250
398.2030
383.8328
740.4460
541.8433
592.1276
406.5265
200.5369
810.3401
1136.1323
1173.8316
1194.6656
1075.8243
1204.8219
1115.5871
849.3410
1005.6338
815.3034
425.9692
538.5423
863.2638
564.0319
574.0848
725.5533
464.0760
283.1485
633.5731
1221.8499
1123.3223
1195.6560
1020.4098
1072.3000
1092.4508
950.5655
1183.1216
814.3836
846.4913
1178.7520
620.0282
166.8840
214.0967
79.5197
593.7819
1204.4396
673.8726
381.5528
785.0600
429.9438
186.2128
154.8953
404.7825
1062.0580
719.2143
335.5520
592.0685
974.7871
1035.0206
510.5092
157.8722
54.7584
295.6014
291.0113
419.0630
340.7405
421.3398
484.6258
378.0206
19.7646
355.7632
835.8750
839.0574
740.2973
1092.9246
1225.5342
1180.3642
1230.6908
1239.1183
1227.2920
1185.9293
1241.6429
1237.4407
1216.2009
846.2086
915.2051
1143.8008
1131.4964
1181.2096
1111.6946
988.5505
390.2017
321.7226
622.5806
492.2733
391.9461
1026.1242
1142.9144
1055.3709
451.6953
662.0478
1231.8362
1214.0110
1222.1666
1186.7836
1234.3946
1170.7087
1091.2258
813.3710
663.3331
335.5973
501.3021
135.1319
199.5697
709.7907
889.6616
783.8281
1223.4920
1227.6859
1229.0458
1072.1020
746.5521
600.1019
567.7332
480.3048
482.7139
397.3757
640.1477
1171.1663
1202.6425
1182.9999
1179.0367
1141.4195
1206.3481
1153.2967
1215.8881
1112.6767
961.7313
1170.7015
1150.4818
1235.8164
1173.9159
1141.7726
1215.4302
1204.6032
1082.1571
1089.7541
678.9260
388.1726
526.6339
499.9313
431.6599
740.5130
1193.9612
1194.5377
1206.7500
730.1356
478.9137
282.2176
286.9212
665.1264
769.9792
538.2399
150.1981
278.2442
700.3945
993.4603
715.6834
308.9692
740.0467
1054.7506
971.2683
1026.0972
1231.3023
1214.7000
1090.2106
539.6689
194.8956
414.2904
656.7400
779.3463
1131.0840
1184.2221
1145.3653
1159.6434
1183.4383
923.2359
383.2265
617.3016
660.4573
328.2685
587.7810
1248.5944
1100.6346
946.5452
905.0315
1184.6119
1207.2087
1223.1021
1259.5687
1251.7417
1161.9144
913.8432
248.5058
65.4945
443.5718
1136.9772
686.6753
476.5484
266.8449
649.5135
683.3356
170.2678
199.2723
78.6202
110.9316
244.9590
693.4452
1225.1621
1225.9133
1237.6068
1185.3562
1164.1065
1071.6419
973.2197
746.0731
609.4820
539.1001
688.7675
879.6448
1154.5629
1107.8699
968.9289
489.9254
237.7891
578.3586
697.8506
901.5924
476.7789
215.0582
643.7196
494.9508
447.4798
687.7226
980.7973
1224.6450
813.0955
713.0241
1229.7521
1170.5248
1201.7729
1069.6737
1102.4390
1179.6280
1203.5900
843.1550
437.4485
590.3788
898.9598
758.0953
614.0480
563.1012
135.4138
498.2205
708.4035
794.6029
1212.6543
1216.9486
1054.5566
1212.1148
919.2976
536.4489
470.2972
199.2735
411.2877
450.7620
1092.0420
1219.7109
1072.9596
1168.8643
1123.5320
1131.2816
900.4923
651.4111
547.8643
673.7028
725.2582
920.0895
1007.8047
1178.3409
947.4495
1011.1138
1182.8562
1166.1086
1192.4917
1173.7564
711.3708
428.8086
831.5654
621.7759
463.9104
995.3589
1108.4067
696.8942
826.5030
672.5865
347.8145
528.1771
608.2640
760.5725
695.0177
1035.8394
1248.4080
1175.2592
1224.4275
1143.8638
695.5366
820.5946
1228.5121
1249.2957
1131.5425
811.9198
660.6465
487.3820
245.7136
525.7428
753.8816
1209.5901
1172.7363
1189.2385
1183.3466
1145.6752
1231.0723
1185.5911
1177.4385
1096.7063
1159.1817
1236.9822
1165.6905
1118.1952
1157.3493
737.8745
457.6634
1009.6072
1218.0352
1010.0389
388.3849
158.8669
73.6542
190.8124
447.7587
233.9458
489.9118
542.9198
311.0732
413.0877
520.6408
1128.0148
1220.7523
1126.5074
855.7347
479.3980
1016.2004
1210.5650
1235.3385
1082.7700
669.6617
461.1882
561.3457
1112.3424
1227.5505
1199.4646
1235.4797
1201.1852
1019.6562
922.6196
513.2309
97.6427
470.0259
1188.2186
1182.5601
1136.3328
1212.0046
991.7294
488.9955
189.6106
226.2755
605.2015
474.8724
118.1118
141.3157
160.7166
161.3300
444.4986
585.7508
380.2152
255.7408
633.4666
925.4485
1122.8521
1175.0701
913.5458
885.7420
961.4546
874.4845
789.5064
680.3230
228.7308
557.7414
612.8193
1018.3604
1269.7448
1131.1016
1164.9568
1216.5894
508.5541
126.0995
141.6556
149.1005
182.6024
252.7106
10.7208
257.5912
1050.0745
927.7840
568.2985
503.8136
256.0130
1024.5367
1215.3814
1236.3852
1187.8943
1184.9798
941.5910
558.7510
492.1823
592.5375
616.2619
962.0513
548.9083
237.4451
403.3781
946.7546
1184.0559
818.9508
815.8193
550.6998
268.6332
21.0582
272.4627
545.3215
637.7180
284.7841
552.2195
386.1349
554.7533
639.9175
613.5586
543.0778
502.3776
185.5809
254.1958
303.9007
611.0900
372.4232
370.2283
573.5679
112.5149
307.8583
223.2933
177.6478
758.3594
846.0620
320.1277
579.9775
382.5155
156.3515
217.3491
315.3850
1024.4790
1192.0960
1115.5693
496.7056
331.4741
349.4503
365.5036
523.0134
172.0623
282.3796
52.3768
37.7222
257.6461
675.6966
817.0364
1016.7497
1167.4651
1220.6364
891.3213
622.5767
214.3939
279.0807
390.6537
546.7289
326.5611
589.5349
1229.8687
1174.9564
1163.2138
1124.6000
636.1129
187.6271
186.9663
212.1726
401.3507
985.7586
658.1093
490.9907
466.7540
119.4232
172.7907
372.6327
351.7464
495.4456
279.5856
674.9556
794.7873
1201.3036
1093.8746
806.0517
981.0072
1195.0412
1253.3404
1270.2413
1197.3392
1005.4678
1072.5380
1225.2339
1262.5057
1161.8166
1186.4480
1184.9298
1212.5030
1133.9853
1174.0618
1225.9789
1247.8575
1205.4565
1241.6108
762.0638
650.5996
1167.9270
1206.7332
1170.1037
1120.3603
1245.8317
1115.5567
1103.5231
1231.3851
1212.4387
1244.0309
1219.1314
956.0885
590.4398
501.6335
315.4367
66.6304
293.4487
480.4813
528.5356
1235.5719
1177.3637
1241.6056
1201.1646
901.0685
1076.1497
1151.2829
1219.6047
1208.1673
1150.1557
1123.5461
1210.4385
991.5814
579.1638
356.9597
548.0995
111.8663
613.4327
623.1660
411.0090
652.5803
1176.0264
1103.1059
1226.7651
1215.1836
1249.9631
1226.5666
1150.3432
1198.6108
1231.7866
1079.5769
1224.4135
1252.5273
1220.2680
1209.4219
1213.7571
1184.6111
1237.4768
1173.4248
1181.1361
1210.3595
1174.1635
1216.1427
1255.7883
1248.3748
1193.7694
1163.7731
1170.9222
998.4640
992.0937
1065.7178
601.3421
262.4976
186.9343
480.2439
804.2529
1169.4414
952.9003
454.0903
200.9459
554.2208
600.0825
544.0688
673.3987
1161.1946
1193.8627
838.8947
462.0286
535.0113
101.0113
388.6140
672.2476
316.3223
396.1199
594.0713
226.7031
60.9596
396.4192
821.3656
968.2655
1255.9765
1241.2800
1245.6637
1234.3680
1224.0373
1242.0971
1187.5212
1146.7617
1237.9181
1249.1237
1236.6920
1127.1497
1227.1473
1192.8536
1210.5418
1228.8292
660.4141
253.8809
1128.4916
1202.1180
1233.7371
1263.1769
1174.4712
1193.5480
1089.3308
732.9860
586.9057
567.7118
535.2326
536.1773
773.8875
564.9598
418.4831
627.8403
505.5913
232.0250
1023.1513
1181.1764
799.2633
447.8552
400.7202
406.2957
1056.3916
1208.4870
1240.4222
1259.6806
1260.4608
1281.6295
1160.9411
1194.5961
1240.9272
1194.2060
1197.0493
1221.1380
1229.9656
1179.4300
1162.1943
972.8578
1128.1393
1082.4082
1122.6098
1227.6977
1213.0194
1228.1384
1215.3617
1254.3130
1257.6836
1160.9954
1223.9812
1240.7826
1218.3195
1217.1865
1205.2320
1196.5008
1217.9015
1226.7070
1216.1880
1270.1936
1160.3590
1225.8993
1197.0459
1213.3473
1240.1451
1159.4359
1179.0524
1213.1784
1221.1481
1221.5701
1184.5574
1243.5093
1164.2104
1000.0137
538.2907
425.2880
106.0037
327.2449
730.4112
515.4297
286.8966
486.2848
471.6173
1053.9879
1173.4804
1177.5842
1238.6962
1247.3347
1150.7206
1233.9682
1263.8644
1260.9531
1213.6896
1212.1822
1071.8029
556.0970
330.8079
691.9213
138.7704
220.6191
578.2640
497.9795
419.7066
483.8747
448.0386
526.7583
538.0272
330.1523
573.1590
695.9603
810.6250
1232.2835
1241.3246
1141.0799
1214.5042
1240.0154
1250.8645
1265.5567
1228.5599
1245.4253
1251.7272
1222.3587
1268.2057
1096.1364
771.9381
580.5468
611.4836
508.0013
484.2063
217.8545
143.8168
511.9840
819.0811
1076.6719
1138.7454
593.2235
242.8375
300.2767
228.2965
173.6986
556.1022
1215.8156
1233.0493
1132.5803
1208.3186
1255.0973
854.1669
930.2938
1232.3916
730.5044
154.1711
144.7921
320.3187
316.8596
256.8417
685.5829
582.1338
555.9561
1137.2730
1252.5252
1216.6431
1254.0506
1233.4668
1227.6238
1227.3380
1214.3135
794.6454
496.6473
509.3800
512.3418
798.9602
426.1401
296.5880
635.1877
850.1780
1193.9721
1226.0011
1167.6271
1243.8947
1218.5705
1261.9706
1261.9807
1251.2526
1091.4782
1212.4034
1245.3499
1261.4411
1244.4200
1198.7535
1148.7450
1221.3915
1212.2815
1245.0151
1234.0274
1201.2857
1240.9317
1189.6441
1182.1296
1219.9438
973.7582
487.4340
213.2601
174.7251
432.5982
321.1496
866.9123
969.2132
1004.1977
1193.2682
1173.1475
644.9545
122.3490
45.6780
240.6814
818.6037
1206.0071
1183.2272
1230.7814
1260.4252
1258.9183
1257.4403
1264.9502
1269.3168
1203.0511
1193.4738
1227.1241
717.9536
269.2986
36.2058
217.8267
456.7477
530.8540
435.8171
1081.9711
1261.6771
1234.2986
1232.8329
800.7751
1052.8562
1234.4629
1225.4927
1196.6981
1217.0228
1184.3154
1247.2811
1279.6975
1234.5720
1244.0277
1016.7068
990.7167
1219.9752
1258.8178
1170.6506
1237.7012
1251.4872
1233.1028
1228.9451
1257.3382
1222.1565
1211.8474
1201.8142
1165.2352
698.9854
67.7016
28.9793
243.1364
279.7887
268.1692
498.3234
540.4205
345.5195
238.6828
301.8974
453.7973
1058.1161
1246.1266
1239.4447
1247.6763
1206.7726
1243.8673
1226.0126
1196.3321
989.5334
547.9281
285.4860
1082.0653
1241.6691
1230.8731
1139.2150
1225.6578
1272.6354
1196.7973
1260.4525
1266.2625
1241.6355
1188.9168
886.0640
599.0376
166.7556
148.4812
220.2540
165.4668
498.2027
1162.1250
1189.6049
1256.5616
1249.1230
1269.5574
1143.2411
1224.4547
1007.2532
1144.7017
1088.4222
1245.6271
1260.1200
1213.9353
990.7525
639.8546
422.3901
609.5092
592.8553
475.3765
484.1576
665.6609
1245.4932
1246.1634
1275.3624
1224.2965
635.6528
480.9456
708.8688
490.1558
126.0293
88.8455
108.4124
185.6535
444.3545
712.6509
629.8873
462.2722
390.7967
590.3256
582.6522
582.3666
553.4260
400.1257
358.2505
611.0051
251.0645
366.2997
463.4697
361.7532
479.3543
191.4255
575.3178
837.0468
341.9833
509.4767
547.2650
1066.9351
601.1172
106.2135
133.2868
156.9579
291.3697
563.3876
179.7627
689.7526
549.9277
456.9626
483.0134
431.9853
234.7248
461.5924
639.0507
1225.1143
1230.8917
677.2843
633.6167
868.1777
386.9536
550.1662
1167.4781
1248.7900
1242.3974
850.9970
814.8214
856.7344
621.3207
676.7190
1260.6433
1248.6565
1154.1543
1208.0162
1260.4837
1243.7206
1266.7968
693.7178
40.5071
288.8145
307.4252
241.5701
657.6603
1263.8822
1248.6293
1223.8534
1251.2424
1270.4289
906.8516
898.4179
1097.1725
812.0106
399.6744
226.9703
1065.3903
817.4828
1028.4024
1262.4240
1245.9773
1013.8686
763.5031
628.4282
577.9412
433.1596
390.6344
264.6208
297.1607
835.6106
629.5287
63.8865
391.4513
650.5157
419.8164
553.8413
637.9298
611.8761
450.1763
601.9112
633.5195
768.6152
508.1484
242.2546
726.7735
665.2907
1045.7094
1037.5568
1163.3815
1246.0619
1227.9904
1266.1920
1250.1735
820.8951
876.7590
1169.0549
1249.0650
1269.6820
1273.3503
1255.7555
1253.8640
1203.1565
1226.4808
1223.2727
1223.7360
1243.1397
1206.8041
997.3534
714.6703
580.8637
512.7657
438.7297
1103.1934
1171.5878
738.2593
649.8482
858.0036
888.2781
1222.0563
1265.4724
1245.4897
1275.9124
1218.3594
1234.8920
1261.5536
1265.4150
1264.9144
1263.5319
1228.3867
1189.1619
1266.9821
1255.5583
1276.5757
1237.5800
1056.8524
614.8607
722.0150
704.9777
603.6429
558.8713
421.5675
490.0927
1196.8931
1266.2808
1223.5458
1270.5148
1170.7876
1191.7466
1195.3525
1246.0500
1243.5320
1260.8555
1178.4849
1211.9649
1265.4415
1267.0778
1261.0278
1233.0103
1239.5741
1222.2551
1243.2135
1242.0249
1200.6379
1244.2894
1221.2336
873.0124
464.8161
179.7736
100.7909
81.0145
173.2279
402.1427
587.6977
177.9226
386.3030
983.9225
1181.5030
1244.0464
1261.1418
1236.8998
1275.8945
1268.9703
1255.1442
1211.5776
682.1660
142.0106
226.0384
300.8885
1056.8118
1207.8022
1247.7550
1123.7175
455.7168
257.1940
593.5805
467.1604
114.3783
420.0414
786.7688
542.4382
84.2746
323.5402
741.3417
1266.1385
1263.8197
929.7810
904.9255
1278.6102
1273.4600
1255.4147
1277.2534
1043.2652
1149.0543
1206.2130
1258.0690
1260.6503
1248.7980
1258.8130
1217.1321
924.7992
675.8471
429.4645
556.5764
664.6866
1237.7314
1274.0177
1236.9567
956.6893
1099.4621
1258.3509
1232.8776
1253.6832
861.5387
927.4308
661.3533
775.2934
997.8832
462.2059
158.4041
420.9259
446.4196
891.5692
1247.8681
682.7986
355.8785
486.2264
849.0663
1251.6528
1273.3492
1255.9830
1213.6728
1198.4223
683.5701
256.6585
535.3833
858.0604
1005.4719
1218.9668
1229.8081
1241.5346
1255.1060
769.2017
608.5875
591.6538
698.5112
379.2416
609.7101
625.9699
481.5092
72.9939
335.2917
546.1819
270.4251
655.6050
611.4445
1058.4569
1252.2491
1221.5046
1203.0850
1267.5189
1217.2760
1236.3694
1208.0891
1195.3980
1219.9374
1260.7806
1223.2028
1248.0470
835.5966
410.2718
100.7425
211.9616
371.6157
734.2957
376.9549
707.3987
568.8749
341.6684
763.0687
1095.8761
1250.7509
1199.1546
1159.7565
1237.5729
1225.5803
938.5884
628.3815
1020.2004
1200.5157
756.4237
629.0502
691.7564
735.9142
468.8307
527.5781
824.0713
916.6818
1045.8858
879.2376
853.0475
1225.4086
1252.7567
1245.6736
1272.8305
1250.6589
1249.1407
1250.1740
1224.5755
1253.9438
1178.3408
1201.9426
995.9353
590.3582
749.3378
1242.2588
1246.3574
1221.9542
1246.1778
1250.7784
1267.8058
1081.2520
702.3565
550.8207
530.4366
329.3149
440.4559
715.3290
1028.9737
507.1405
440.4740
9.8131
45.2323
144.9056
129.8637
297.0937
690.8451
688.8789
570.1517
806.2146
1255.1738
1261.3404
1264.1888
1264.3049
1239.7576
1266.5411
1222.0693
651.7801
105.6511
458.6809
575.3797
249.9827
466.5719
615.8134
612.6474
500.8166
190.6927
770.6247
483.0113
321.0015
111.6421
23.1347
70.6477
78.3059
372.1078
496.2743
163.6064
601.8318
512.3421
519.9240
746.4242
570.2906
535.2546
574.7713
442.4965
742.1525
1149.3018
1190.5583
894.5890
784.0123
534.9955
372.6872
1104.6165
1225.4936
1234.5545
1254.3444
1140.0078
670.9466
464.2887
587.1632
710.3758
1251.2037
1212.6750
1250.4825
1222.2813
1259.1233
1266.2800
1226.9337
1257.5486
1271.6875
1247.0247
1240.6544
1001.4307
948.1502
555.8287
470.3718
750.1913
616.3637
545.7320
1222.6919
1166.6497
1201.4832
1238.0414
1246.3828
1254.6704
1226.9160
1245.7225
1251.7762
1239.3996
1247.5527
1196.6149
1138.2563
610.5845
1016.0212
1192.7498
1247.8604
1074.5044
1148.2102
1262.7289
1259.8652
1244.5748
1216.1602
1130.1656
1218.1781
965.3694
550.3002
159.1613
286.7615
1042.2722
1246.9257
1164.8227
1163.4772
1086.4488
1143.2486
1231.9921
1263.1941
1223.6919
1224.0193
1222.1956
1202.4205
1225.1429
1215.6601
1200.1384
1210.0085
1255.3279
1215.3900
1239.7271
1268.0669
1254.8759
1234.1419
1224.1178
1210.8243
1248.6853
631.5799
432.8497
557.9851
1068.2424
1164.7054
1259.5286
1132.3550
1167.0370
1043.3397
1150.0007
1247.3541
1242.9024
1026.7043
1183.4861
1202.4092
1174.2675
1206.2646
1194.9024
1246.3149
1257.6980
1214.9286
1241.3372
1239.6672
1176.0033
1244.0624
1229.9341
1226.8024
1261.3448
1253.1760
1216.0371
1246.7702
1253.1925
1216.4430
1168.0187
1254.7170
1269.6009
1237.4446
1270.5945
1233.2873
1242.2735
1259.0845
1191.0923
1210.8357
1266.8218
1257.2264
1223.5820
1264.5753
1274.4427
1265.5110
1251.0418
1248.9685
1265.6997
1220.6757
1249.3595
1237.4993
1271.4405
1254.7957
1260.5379
1118.6697
959.7652
1200.2347
1178.8594
1231.5622
1263.0788
1271.7003
977.7037
652.4496
644.7345
1111.4190
1200.0535
1176.1011
1169.4075
1202.2486
1255.0631
1191.1466
1189.8617
1243.0172
