-3.8336
8.1078
-15.9355
-18.0001
3.8450
-18.8791
-23.3000
9.4621
-1.6195
-6.6211
1.7574
-5.3439
10.4842
-13.1926
-13.2178
7.2516
2.0190
-16.0191
-19.8332
8.0477
-15.3932
-1.6857
0.8308
-20.0459
-16.2557
-32.2988
3.1854
3.3131
-14.4621
-17.8572
10.9136
-8.5516
-30.1449
-39.8559
-28.1266
4.3903
-26.1586
-7.8678
-4.9166
-16.9536
-21.8072
16.9072
-23.7648
2.0330
-15.8051
-4.0905
-20.8750
-17.2212
-13.0208
-6.5711
-28.9844
-3.9271
1.2197
-12.7847
-18.3866
-19.9965
2.0273
-4.0275
-2.4709
4.5091
-46.0367
-12.1285
-26.4086
-18.2027
5.3488
-11.3281
-17.2531
9.4560
-27.0074
11.2362
7.7466
-6.4387
-10.0221
-9.9527
-29.9672
12.4254
2.5135
8.5211
-30.9422
-32.6982
2.9531
7.7555
-17.3732
-23.7242
-20.1499
-7.9570
-30.2414
7.2266
-10.1242
6.4242
10.4077
-13.9990
-13.6102
-9.9837
25.4000
-2.1718
17.0900
-24.5797
-15.0622
-7.7159
-16.0582
-14.5469
-23.2949
-2.7191
-30.2066
-25.4297
4.5449
9.9254
-36.8609
-24.4982
-21.2433
-10.6230
-2.4250
-20.4682
-13.0576
0.9062
-15.2215
-15.9535
-30.9495
5.1231
-8.9506
-2.6286
-14.3363
-28.8281
-1.8440
1.2855
5.1874
-36.6445
-2.4119
-12.2199
-22.4773
-15.0553
-5.1368
12.4982
-25.8252
5.6813
-18.5722
-0.2215
-1.3494
-20.8306
1.8268
4.6204
0.7211
-17.6212
-9.6535
-0.4779
-8.5796
-3.2630
-16.8883
-23.9375
23.4785
-20.1107
-11.8490
5.4543
-15.0000
0.2790
-31.9518
3.7415
2.6879
-17.2681
-14.0154
-26.8559
-25.1319
5.7477
-11.9609
-16.8266
-15.5473
-15.0353
-27.0686
-17.3035
3.2689
-34.2359
-4.0018
-10.7551
-9.8578
4.9612
5.0279
-2.1849
-15.7191
-17.2168
-17.9141
-0.2162
7.9630
-19.9600
-21.8008
-27.5938
0.1966
-23.0477
-1.1816
7.6754
-17.2029
-15.5671
-11.5213
4.5750
-1.7151
-9.1816
-10.0877
-2.8484
-9.4298
-50.4125
-13.9293
4.0908
3.3164
-11.7613
-12.2094
1.1883
-25.3477
-2.5062
7.8926
16.4482
-16.8324
-24.4707
-11.2745
7.4253
-22.8541
-20.9623
-12.8543
-16.4578
-15.3332
-35.2750
-14.1203
-17.7504
-12.1976
-19.5248
20.8824
-10.6945
14.5541
-31.5063
-34.2012
-13.5123
-17.3324
-4.2238
0.9175
4.9309
-25.7219
-8.1117
-29.2031
-20.4922
7.6499
-32.9012
-4.2201
6.2648
-20.8728
-26.2029
-17.4875
-16.7047
8.1926
-23.1145
-37.3441
-21.2000
3.9609
-27.4270
-16.7411
-24.6129
-39.0961
-22.0989
-17.5446
-0.1396
-13.3947
-3.3744
-24.5973
-12.2047
-20.3190
-7.1096
-14.4133
-13.4285
-8.8043
-24.9766
-1.3465
-24.3436
-17.2356
4.5543
5.2414
-3.0873
1.6543
-4.3688
-6.7566
-2.3827
-25.4805
-38.5198
-6.7773
-28.1930
7.2824
0.4545
-12.1825
-35.1445
-12.3357
3.5038
-35.8602
-27.9512
-14.1485
-18.4820
-19.0042
-19.0049
-42.5211
-4.7322
9.3230
-5.3760
-30.7317
-5.7664
1.3887
-8.3098
-7.2848
17.1957
10.2051
-8.3349
-3.3111
0.4961
-13.6908
14.8256
-3.8020
-2.7359
-21.8327
11.6156
-29.7805
-26.7956
10.3039
-15.0329
-22.5809
1.0992
-26.1648
-5.7821
-12.8719
-11.6669
-5.6848
3.4594
-37.8148
-16.2801
-26.6786
2.6376
-2.2375
-3.1729
-6.1301
9.4011
-12.0980
-16.8711
-13.7089
-8.7768
-8.8742
-18.8469
0.2895
-20.9699
-15.0484
-25.4549
-14.7812
1.7367
-6.8094
-7.8750
-4.8709
-27.6207
-6.7828
-0.8506
-15.2014
-6.5625
-11.2451
-14.1638
6.8760
-1.2570
10.5408
1.2310
7.3883
-12.7980
4.5930
-19.3953
7.8926
-8.4740
-28.2685
-20.1543
4.9895
-37.7164
-8.9137
-2.8450
-23.8227
-8.3043
-4.5936
-0.8840
4.3402
-26.5242
-36.0488
-24.4375
-11.6712
-10.5906
-26.0078
6.8934
-26.0367
-21.8446
-9.6296
-8.9138
-3.7641
-30.4875
-18.2326
4.1877
-28.0537
-10.0781
-23.5018
-20.5027
-19.0628
-35.8047
-7.0879
5.1254
-2.1219
-30.5621
-27.4203
-10.3012
-7.4700
0.6615
-3.0585
10.6965
-21.4787
-15.2719
-4.2247
6.0793
-25.4039
-24.7296
-7.1609
1.9022
0.4270
-15.5996
-1.9992
-7.4527
-2.8188
-1.2195
-18.0818
3.1252
-32.0672
-23.0655
19.6578
-45.9258
-24.6641
-19.8814
-1.3766
-16.3330
-6.1701
-11.4438
-31.9201
-16.4773
-15.3762
-21.3078
-8.7159
-15.1621
-31.2676
-7.5749
-14.5430
0.7675
-7.1602
6.6434
4.4973
14.6142
-23.6212
-3.6499
5.1599
1.2619
2.9062
12.7238
-18.5528
3.8230
-6.7404
-22.7977
11.3234
15.8229
-11.7358
6.7062
-15.7832
7.4758
-1.4284
-13.8801
-41.6043
16.9246
-9.4727
5.0167
-10.7791
8.0695
-0.0601
-25.5137
-6.2588
3.7899
-6.7531
-8.2808
2.9475
-1.6894
1.7262
-12.6004
18.3930
0.5734
-37.9297
-15.4042
-21.8690
-23.1812
-27.9555
-35.5234
-11.7744
-4.1254
-6.9816
-5.1144
-12.3625
-7.6338
7.2621
-34.6516
-3.4670
-20.8219
3.1576
-24.6022
15.7240
-5.1530
-20.0927
9.4973
8.6371
-10.7439
-32.2660
-0.0575
-17.8465
-15.8140
18.3512
-5.7739
-9.8324
1.6051
-11.1646
3.8389
-13.8625
-22.7141
-5.0703
-11.5244
-14.6469
-18.9594
-1.6768
-29.5141
-10.3445
-25.1193
-5.9324
12.8996
1.3719
-4.9232
14.2628
-11.6246
-13.1316
-24.4152
-13.2594
1.2760
-26.2696
-28.2113
1.5722
-4.4527
-8.3846
-4.1919
-10.6941
7.2257
-20.9473
-17.1332
-15.1871
-14.6680
-21.7281
0.9828
-3.2527
-8.6680
-4.0633
-7.6361
-13.1872
5.1484
-7.0843
9.4993
-0.5504
20.7332
-12.7971
-13.7617
-16.7816
7.5325
4.8066
5.0180
4.9176
-35.0359
-2.8379
17.8410
-17.7859
-15.3090
-21.6820
-6.0066
-27.5465
-9.5113
0.8268
-13.9210
-11.7769
-7.9516
-15.8910
-17.3352
7.1387
-22.1848
-5.2492
-15.6559
4.5441
-17.8639
-23.6734
-10.8602
-3.6615
-25.6242
3.8445
-3.3650
-45.1055
-5.2231
-11.4823
-0.8308
-26.0182
-12.2849
-18.2778
-7.6635
16.7172
2.8149
-16.6145
-10.7555
-27.8658
-14.1016
-17.0053
3.3563
-18.6440
-8.3506
-16.4630
-3.3875
-15.0298
-16.7508
-10.5527
-6.1878
-45.5249
-8.6809
-18.4524
0.0580
-35.8289
-4.2828
-12.7444
-8.4737
-14.4551
-4.1699
-11.3070
-11.6994
3.5695
-18.0557
15.9516
-2.6217
-32.7785
4.2601
17.0891
-12.8936
1.3215
1.2876
1.2862
-31.9758
-28.9777
-10.1716
-6.6395
-27.9746
-5.5176
-17.3687
-10.6508
-2.5294
-8.5789
-27.5008
-6.3581
-35.5426
-12.6016
-28.1688
-18.7336
21.1258
-14.5637
3.7366
9.8058
-41.3492
-1.2314
2.6508
4.0217
-22.2850
0.4600
-17.8875
-29.6344
-45.6133
-15.9311
-10.4203
3.8477
-34.9922
-37.5484
-28.4609
13.1848
-15.6318
4.6995
-12.9639
-25.4576
-4.6207
5.2738
-8.0159
-14.5184
21.9070
-9.9234
-8.6254
-29.4965
-11.4637
-6.2312
-16.7686
-11.2684
-28.8920
-24.9852
-25.3707
-19.6613
-31.4658
-16.3562
-7.2168
-20.9145
-25.6588
3.4875
13.5670
-19.1730
4.2480
-11.5883
-17.6777
-23.1285
-11.8665
-10.0870
-23.7236
-5.7039
-0.8084
-3.1425
-16.7527
-14.8898
-11.7365
-18.3457
-10.4168
19.1396
-18.2074
-1.0916
-24.4586
-0.4432
-29.5641
2.2977
-8.0137
-14.6138
-7.6370
-5.3547
-5.0383
-16.3047
-10.7875
0.7794
10.5949
-25.7402
-31.3742
27.2756
-24.7906
-9.0367
-2.1087
-20.0773
-17.6488
8.0145
-30.5980
-6.9676
-31.5465
-2.4202
-3.9016
1.5090
-2.7459
-8.3745
-31.6328
-7.9065
-8.5355
-14.5035
0.5277
-17.8061
-22.0096
-21.2840
-16.2127
-14.0118
-19.4920
-29.3059
-14.2207
-4.8137
-34.5383
-13.8109
-12.4391
-5.2946
-15.2176
-4.6445
15.6898
-26.1201
10.1349
-0.7705
-8.6561
3.2887
-27.9195
-34.2410
-4.7088
9.8723
-29.3614
-2.3184
-20.3809
-31.9242
-21.3926
-4.9066
-17.9438
0.6326
2.3840
-16.6238
-23.2081
-21.3391
-31.1664
-8.3560
-14.5451
-2.6770
-6.4340
-14.2484
-24.8957
-28.9195
-1.2971
-8.6129
-14.0933
-11.2738
-15.1567
-11.9656
-47.7973
-6.2355
-11.6291
-17.1334
-28.8250
-18.3670
-24.4291
-1.1869
11.3162
-5.8745
-27.0988
16.1898
-38.5221
-9.5254
-5.5572
-4.2870
-11.3012
-10.5795
1.3781
-20.5776
-18.8057
-25.6656
-8.8662
-18.7720
-12.6426
5.4466
4.4363
5.8200
-20.5830
-10.2416
-12.0221
-28.5033
1.1625
3.4427
-21.2727
16.3227
-22.8687
-25.6281
-26.5205
18.0515
-5.3304
-36.1625
16.1762
-13.9585
-8.5959
-3.8121
7.3820
-0.1580
-17.2500
-18.3820
0.0906
-32.6930
12.7785
-3.3007
-5.9301
-46.2711
16.1313
-7.6420
4.8826
-30.0529
-14.2425
7.2504
-9.6958
-8.6535
-29.4656
-11.9174
-20.1043
3.6977
-33.5148
3.3992
-12.2590
-15.2180
-30.6727
13.3687
-17.1443
1.7439
7.7274
-30.7421
18.5674
-33.0379
-27.9980
-4.2262
-17.4670
-15.7621
-24.0450
6.9679
-26.4010
-14.4687
-16.3449
-13.3506
-22.9266
-31.3535
10.6075
5.3223
-7.6442
-8.4586
-24.3852
-5.9365
-14.2024
-9.0569
-13.3000
-18.8707
19.3417
-17.3428
0.5766
-9.8914
0.2719
2.6813
-17.0765
-29.3801
-33.1806
-5.7402
0.5316
-3.8348
16.8042
5.8820
-50.0508
-17.1108
1.8760
-0.4436
-15.1055
-6.6762
5.8086
-11.0094
-4.4059
-10.1290
-29.9336
-31.8977
-23.9188
2.4183
12.7275
-26.8964
-21.8398
-12.1174
-18.9447
-15.5887
-5.7930
0.9574
-27.8953
-30.5635
-1.1949
-22.9029
-1.0488
-18.1063
-21.0686
-14.5642
-11.4775
1.2535
2.2845
-5.2841
-0.3281
-11.9506
10.9906
-25.8291
-5.3541
-34.0477
-5.2049
-15.8902
1.7270
0.9391
-4.5127
-3.5341
-15.9581
4.7238
-5.2162
-14.0719
0.1484
-22.6191
-11.8822
-10.2401
-13.0268
-1.8389
-25.2223
-28.0473
-7.1278
5.6517
-16.2660
-21.5691
-32.7359
5.0838
-23.5151
-9.4926
-20.7703
-5.0370
6.8339
-18.6656
-15.0549
-25.5656
12.4343
-42.4047
6.1934
-17.4562
-12.9805
-30.3891
-2.6564
-26.8383
-17.7961
-4.2363
-5.3203
6.9406
2.5916
-45.0148
-16.1246
-5.9551
-21.2118
-29.2385
-1.5421
-12.6930
-33.8203
-29.3842
0.8505
-3.1120
2.6730
-13.0072
-13.2352
-22.3292
4.6383
-15.7477
-24.5902
-8.8387
-17.0056
16.5520
-35.1205
-7.0301
-27.9242
-6.4732
-4.9172
-18.7878
0.6787
-17.3664
3.8604
-21.3430
-33.4453
-30.9367
15.0531
-22.6023
7.7055
-32.1055
-16.3696
1.9326
-14.9118
-27.4547
0.2047
1.9223
-24.1563
0.3874
-10.0281
1.5216
-14.3821
4.4548
-14.5832
-3.6537
-1.1625
-7.9938
29.2250
10.6868
-18.4391
-18.5305
-11.8137
-19.6703
-2.9717
18.5545
-2.0592
0.6660
-13.1402
-4.7752
-41.6723
-7.3977
-4.8664
-24.5078
-2.2539
-15.4893
-14.2805
-20.7709
15.8059
-17.1574
-37.9437
-35.0906
-30.4898
-18.2672
-39.2359
-38.5227
-29.8867
6.4270
-21.1230
-23.9141
-15.5710
-20.5151
-5.9589
3.5510
-8.8474
3.1141
-0.9017
1.1371
0.5381
10.7439
-22.8297
3.7040
-0.0165
-15.9125
-31.7938
1.5076
23.4754
-13.5073
16.4311
-15.8008
-21.1492
10.0477
-13.8512
-10.9403
-2.5064
-3.3680
-23.4701
-33.5777
-24.8207
-24.9348
5.0020
-27.4910
-17.1125
-16.0528
-11.7698
8.3969
-26.2703
-14.6047
11.2566
8.4537
-18.9863
-9.0975
4.0935
-16.9691
-0.3442
-9.9998
-20.8041
-10.0980
-24.3976
15.0396
-20.3797
-26.9930
-11.4031
-11.5609
1.2291
-11.2095
-14.4656
1.6020
5.1267
-21.3973
-21.1512
-9.5129
6.0441
4.6930
-6.7264
-19.4045
-22.0343
-6.4684
-28.7641
-22.9035
-13.4641
-4.4094
0.9264
-9.0992
-20.1375
-24.2863
-20.9049
-23.0836
6.4329
-6.4059
-19.6037
-3.5865
-29.2830
-32.8789
-2.8039
-23.0191
-40.4477
-29.2605
-5.8662
-20.3094
9.6586
-26.4547
25.0541
-14.3420
8.6938
6.2016
-1.9289
-31.4203
1.0664
-16.5237
-0.8164
5.8842
4.3042
-21.0133
5.3379
-3.9150
-14.0479
1.2270
-12.7871
-5.8590
-8.2453
13.5841
-16.7555
-21.1375
-5.4424
-7.9020
-21.6809
-0.2391
-24.5820
-27.4852
-22.8326
-22.5193
-19.6559
-7.2883
7.8316
-7.9906
-38.0922
-6.1339
-15.0962
-14.6576
-5.9178
-39.8461
-34.7234
-22.1536
-13.8000
-2.2888
-29.4891
-5.4715
-23.6819
6.0534
-11.4633
-40.0461
-39.8895
-29.5461
-11.6246
-5.1892
2.5924
-24.2582
-11.2082
26.3311
2.6475
-5.1367
-6.7956
6.4150
-20.4121
-23.0617
8.4026
-28.8660
-22.0705
-15.4605
8.7073
3.4242
5.5707
-4.9379
-25.2736
-14.5071
-5.1160
-28.6213
-13.1109
11.6109
1.7656
-13.5325
10.6109
-5.7886
-8.5889
-10.2984
-43.0184
4.0891
2.5602
-5.4879
7.8126
-8.5104
-16.8389
-31.2139
-3.5227
-5.9543
10.3494
-2.1979
-30.9937
4.5150
-25.1020
-13.5946
-21.1161
-1.1111
9.8734
-0.9401
22.5672
-2.2611
3.3258
-5.2221
-26.6711
-29.2930
-3.0625
2.0200
-7.8883
-17.7473
-19.9867
-22.0312
-20.2980
-14.7019
3.6083
17.7570
-22.5438
-32.6422
-26.7402
20.8929
-11.6838
-16.7039
-15.3770
-15.5037
-10.1859
-18.1395
-25.7191
-27.3953
-25.4792
-23.2715
-2.7092
-40.4875
-30.5641
5.5807
-29.6818
-42.0516
-37.1068
-25.7789
-21.8707
-4.7075
0.1443
-22.4516
-5.0363
9.0430
-20.5957
-14.1535
10.7588
-26.1594
5.2635
-10.8547
-28.4695
-18.5311
13.2719
-21.9480
-8.1645
-0.3891
-3.4215
-24.2869
-25.9611
-12.6545
-28.3034
-23.7684
-9.8227
-11.2176
-22.3996
16.2881
-20.6583
-24.1156
-7.5914
10.2125
-31.9590
7.8691
2.3518
-44.4254
6.9572
-20.4398
2.3186
-3.5609
8.2385
-21.0740
-38.8273
-7.1461
9.8176
2.9418
-22.3344
-28.4023
-20.5175
-2.2946
-7.4731
3.9721
-26.4756
-20.8828
-0.8348
-17.5086
-9.0672
2.3128
-13.0270
-15.3500
-8.3729
-8.8042
-0.1837
-6.0100
-8.8832
-15.8940
-8.0578
-10.6277
-11.4350
-27.9230
-5.6602
-15.8984
-28.9512
-18.2637
-3.1418
9.1137
3.4036
-11.2701
-13.3111
-30.9820
-3.7573
-3.2808
-4.2398
7.3036
-51.9086
8.4270
-11.0196
-24.9625
0.5010
-21.3073
-3.1237
4.1383
-5.1285
-6.3618
4.9246
-29.7266
14.2932
-23.7871
-31.8898
-29.6070
17.0125
-29.2062
7.1588
0.3250
10.1582
-6.5004
1.6453
-23.8523
8.4759
25.2805
-2.5255
-22.5311
-2.1632
-14.6628
-27.5105
-17.5982
-20.3799
-1.6820
0.7682
-1.2547
-35.2258
-22.7285
-4.7023
3.4320
-0.7219
-28.7852
-20.8923
-38.2852
-2.4355
-13.0359
-36.0945
-22.1125
-4.3934
-2.8359
4.2117
-27.0820
-6.0389
-30.4631
22.8569
-12.5527
-15.1860
-37.0922
3.9613
28.5439
11.5277
-5.4490
11.9062
-31.6117
-35.1766
-27.1516
-6.1526
1.5734
24.1541
-15.5645
-29.8590
-11.3820
-34.3508
-30.2723
-40.6594
-1.7444
-17.6295
-23.7336
11.8902
-2.3355
14.3714
-14.1402
-15.4977
-12.5478
-25.4735
-19.4141
-13.7004
-4.3453
-16.0422
-26.7477
1.6950
-21.5508
-23.3648
-27.4984
-10.7012
-16.0994
-28.2750
-31.1797
3.4500
-19.2105
-36.3008
-19.8081
-23.9988
-47.6338
-7.0391
-3.5945
-18.5117
-16.0496
0.6840
10.3722
0.6199
-36.4797
15.4555
15.8102
-1.1007
-0.7496
-17.1039
-4.0227
-15.0535
-25.0473
-15.1184
-31.1648
-12.7074
-8.6270
-10.4354
-32.6586
-9.7967
-19.0648
6.8668
10.4809
-13.9862
-29.3492
-27.7262
-18.1285
-19.7383
-18.6434
-10.9120
-1.9625
-33.6086
-1.1078
-14.4619
-18.8756
-12.0679
-17.3816
-10.9752
-1.1379
-21.3367
9.7987
2.9436
-9.1332
-12.9877
-4.7706
-23.3961
-21.4739
-12.6762
-14.5055
5.9551
-28.1492
-27.9049
-11.0955
-11.2680
2.2689
-8.1336
-12.8555
-1.9463
7.4549
-6.0015
-14.0609
7.2234
-17.8391
-29.2445
-26.8625
-30.5973
-6.9055
-21.7469
-43.0496
4.6629
-33.5527
-2.1570
-6.3094
-38.0852
-36.3122
-1.3051
-20.1750
-10.0944
-28.9820
2.4951
-15.4785
4.3504
4.2219
17.9348
1.9789
1.6377
-44.7352
6.7043
-0.1824
-18.1630
5.7852
-39.2556
-26.5725
9.4693
-24.1187
-19.0488
-19.9680
-14.4559
8.0750
-6.3289
17.1336
-17.3496
-31.2336
-32.5391
-12.7063
-28.2477
-14.2594
-42.0227
-8.1975
3.5086
-1.2167
4.9695
-27.4691
-3.9395
6.0969
-7.8791
-4.0671
-37.0703
-8.8385
11.8180
-28.9606
0.2300
-3.0722
-27.9706
-2.5889
-12.4648
6.2289
-7.7316
2.9996
10.3748
-12.3328
-31.1688
-35.5141
-20.5626
-11.1235
-6.1342
-28.4664
-21.5453
-30.7078
-28.9820
0.0029
-22.2672
-17.8484
-12.4461
-25.4168
-3.2449
10.5219
1.5496
10.4961
-9.6327
-2.1426
-18.8141
-19.1277
-30.6664
-29.6909
-5.9546
-29.0727
20.0914
-29.5219
-55.9875
-5.8086
7.0332
8.8973
-22.8809
-17.7649
-24.9586
-32.4023
-24.7039
-21.6437
-30.7508
-18.5258
-26.2300
-32.6957
-14.7915
1.8435
-11.8366
-12.8949
0.3729
5.1245
-18.3650
-21.1209
-31.5938
11.0248
-6.1913
-3.2484
-36.6887
-12.7585
-9.5526
21.6012
-14.8144
-27.6973
-47.2168
-20.6215
-18.0578
-32.4934
-4.6973
-14.8766
-1.9039
6.9680
-21.2398
-22.8299
-42.8227
4.8978
-22.1988
-5.7957
-7.4201
-4.0299
30.8031
-32.4320
12.7689
-8.7008
-22.7426
-10.0164
-25.5008
-29.7180
-15.4938
17.6227
-10.9500
-5.9300
1.5958
-32.9605
4.8832
-4.7805
-2.3395
6.5713
0.6246
-8.2984
-21.9072
-10.3025
-34.9250
4.1102
-2.7008
-2.6980
-14.8594
-16.3047
-32.2693
19.6084
0.9729
-33.8852
11.8988
-7.2607
-6.3780
-0.9371
-3.8087
-33.2883
-37.1214
-3.2457
-29.5145
-3.1660
4.6004
-2.3945
17.2844
-19.3949
-12.8465
-31.1266
8.3542
-5.0715
-0.2871
-17.9359
-1.3010
3.4218
-44.6436
-22.4430
-39.0969
1.5452
-19.9047
-17.5865
12.7656
-28.9137
-0.0436
12.5384
-24.7686
16.5504
-22.1285
-8.8229
-2.2742
-24.5438
2.2174
-5.6738
-10.3656
-5.3430
-7.9826
-9.3952
-2.5158
-39.9164
-39.8201
-1.9989
-41.1969
8.9340
4.6070
-17.7275
-12.9901
-5.8469
11.4580
0.5766
-4.2645
8.1454
-2.2955
-3.8482
-4.2941
0.0943
-0.7227
-8.0441
0.5534
-3.2832
-10.7790
-2.7398
-19.7477
-17.9637
26.1707
-43.2535
-31.7714
-12.0977
-40.7941
-7.7727
-9.0398
-15.9094
1.0539
-47.1094
-29.0961
-13.1909
-6.5192
-38.2492
-16.8172
23.7574
-15.6009
-0.3609
-13.8581
-2.3178
-35.9234
9.4492
-31.2016
-17.9328
29.9775
-31.5766
-10.7734
-22.7961
-6.9808
16.7910
-16.6934
3.7326
-17.9424
-28.8615
-26.9730
15.2917
-4.8629
1.8895
3.1756
9.3084
1.9984
-22.8645
-1.4711
-0.3684
-10.8395
-6.2918
-37.3336
-21.1398
5.4062
-28.7703
4.3758
-44.9938
-10.7309
-9.1364
-45.7273
-13.1477
2.4121
27.2750
13.2128
-28.2188
-22.2648
-22.9592
7.2079
-3.1111
-6.7727
-36.2719
3.7014
-10.1969
-20.8432
4.7352
19.8340
-3.7461
-31.0398
-9.7199
1.9351
-19.0953
24.0438
4.2449
-3.9437
-27.8660
-9.3398
-15.0250
-33.7209
-14.8538
-2.0035
-20.2294
-28.6971
-6.7797
-12.3750
-9.3703
-8.9934
-7.2318
11.6049
-0.2882
23.7180
-11.7054
-22.2180
-20.0674
-10.1952
-3.1661
-13.1292
-2.0178
-8.2418
-21.8400
8.7465
4.8203
-6.8951
-21.0802
1.7693
-20.4461
2.9875
-21.1523
-29.2266
-36.3020
19.6950
-39.1344
-10.4991
-11.8625
-4.2670
-3.8346
-19.7703
-7.8824
-4.8413
-18.3992
0.4211
3.3814
-6.1512
7.1035
3.6492
-44.2250
-25.5508
22.9238
-5.4715
2.7951
-49.1758
15.2172
2.9660
-21.8539
-21.1623
-14.8889
-6.8561
-10.1742
-26.1180
16.4930
-19.7738
24.4012
-28.0727
17.9162
-5.8217
31.7004
-6.3758
-21.1273
11.5168
-4.2207
-4.3720
-35.2031
-6.2985
-23.8166
-4.8250
-22.3395
-23.5848
-13.6062
-23.5619
-29.8029
2.6188
-4.3418
12.9836
12.6883
-14.9918
-11.8728
-28.2168
-34.7113
-27.3617
-10.6781
-30.7836
20.1137
-19.2888
14.1092
-15.1879
-8.7437
-25.3016
-3.7922
19.8402
-2.0705
12.7934
-18.1547
-33.4785
-10.4344
-10.3828
-36.2719
-18.3888
-10.6319
15.2164
-8.6770
-9.3603
-11.1953
-33.3047
-15.2527
-6.5680
14.3777
-23.1961
0.4064
-8.9184
-4.4702
-12.4922
1.1793
4.2096
-12.7552
-40.4996
-23.4910
-5.3613
1.0957
-5.6735
-6.0777
17.7781
4.8668
-4.0012
-8.2543
-43.6718
35.8527
-17.4617
-14.8656
-0.7691
-5.6395
1.5233
1.8195
-4.9109
11.8098
-7.3530
-35.1672
-0.3781
-9.8570
-28.1172
4.4162
-4.3133
29.3086
4.7840
-12.9629
-30.4684
-7.4973
-7.7902
-13.8258
-42.8422
12.6483
-8.7687
-31.2234
17.7676
-29.1990
-1.3404
-20.8547
-1.8188
-1.4996
9.4683
-14.9748
-12.5297
-7.2754
-11.9522
-33.6730
-34.2188
-19.3770
-25.9858
9.2165
2.1801
-7.7355
-21.5336
-18.5293
-33.9863
-15.6691
-16.9322
0.3930
4.3610
-15.0762
-20.8238
-0.8257
-36.4613
-3.6015
-3.6504
-9.9023
-2.9152
12.3266
-0.8331
-7.2968
-23.6008
-43.0400
-3.1220
-5.8088
-5.0775
8.5428
2.8164
-0.3059
-20.8992
-32.4402
4.6170
2.2804
-0.7609
-4.4109
17.1473
12.5432
11.3868
-11.0779
-3.1078
-1.9961
-38.8469
1.9883
5.8550
18.4707
-27.4953
-38.5383
-7.7094
-5.0531
15.4775
-4.5632
-20.8753
-10.6570
-17.4508
-34.3336
18.3623
-18.2133
-19.2010
-18.3156
-3.4113
-19.0016
22.0598
-4.9208
-15.6450
-12.2458
18.3375
-5.2264
-34.9047
-15.4865
-32.2375
-22.9312
7.1855
-22.5699
-22.2750
-24.0457
-2.9855
-5.2086
-12.9508
-9.4857
-22.4560
-21.1777
-5.9279
-10.1257
21.5891
-13.3536
-8.4007
11.1926
-23.2848
19.2641
-15.7719
11.3742
-36.9340
17.1486
-9.6010
-27.8283
-7.5326
-5.4486
-14.1006
-4.9598
-21.1301
2.5312
-23.5840
-7.6336
-1.8939
14.2445
-10.4424
-8.3019
-12.0562
-32.7734
8.2332
-12.7660
-40.2277
-26.4969
1.3902
12.9074
-8.2546
12.0340
-10.8117
21.0086
-6.1887
-30.8832
-8.9325
1.7653
-38.2678
3.9883
-22.9125
-30.2504
-6.9066
-21.1426
-46.6672
-11.5977
-5.8311
-9.5691
-2.6015
1.8360
-11.3887
3.1594
-13.0619
31.8516
-21.1185
3.4551
-47.2449
-21.3172
10.5583
-16.4082
17.5770
-40.3469
15.1566
-22.0266
-11.6315
-3.1965
-10.6292
-16.1562
-21.7902
12.5103
-32.7641
9.0041
-5.8259
-28.3240
-1.2170
-6.3994
-16.4211
3.8894
1.1957
16.5459
3.6209
-11.4383
-32.7678
-6.1736
-14.7871
-11.1746
-11.9604
6.0015
5.5946
-33.1445
-18.3352
7.4676
-13.7549
-29.7387
20.3180
-5.5587
-34.8504
12.3582
-12.2293
-23.9688
-10.8887
-38.7430
-26.3934
1.6742
-25.6977
-24.9484
-19.2236
15.7211
23.4199
-34.9277
-38.7793
24.1266
-15.2258
-2.2600
26.1203
27.1629
-11.8125
-31.2635
-4.1945
-22.1947
-9.8209
0.0805
-32.0141
-21.5316
-14.6679
30.9559
-13.5510
-3.8168
3.7739
-26.4477
-33.0949
1.3602
18.1137
20.8781
-14.7832
-23.5000
-14.3176
-2.8176
9.1111
-38.6667
-9.8056
3.8434
-3.4327
-2.3147
-30.2655
-13.0751
1.2445
-24.7484
-1.4612
-32.7133
-7.4781
3.2195
-0.2254
-18.7074
14.5813
-11.2901
-28.7430
9.1684
-14.1902
-6.8570
10.8600
4.6600
-31.8172
-0.5069
-11.7906
15.8727
-6.5543
-24.9185
7.5297
13.0685
-5.7892
-23.9781
-32.5438
-11.9316
10.4609
18.0059
2.9320
-13.0148
-19.3056
-8.8713
-26.9977
-2.1312
-23.3500
-7.3161
-3.4416
9.7257
-15.2273
9.1629
-4.4326
-36.9602
-12.5562
14.5402
6.6691
-43.6586
-3.7748
-32.1055
-13.3757
-8.5436
-3.5338
-30.2195
8.8332
8.6009
-12.7869
-25.8127
-27.0074
-0.9395
17.7133
20.5836
13.3664
24.9141
-13.0898
-24.5230
-19.1785
-15.1180
-26.8297
-35.2109
-4.8118
18.6824
9.0146
9.0934
-15.2172
-15.3516
-17.7786
5.3720
-13.7852
4.6270
-8.8883
-24.2414
4.0627
-32.4828
-5.4820
-3.9881
-26.2602
-54.9545
-10.9025
4.0543
8.3384
6.5198
-9.3254
-22.6320
-42.9695
-27.8277
-29.1121
-6.1227
-5.7474
-9.0586
-4.0229
-5.4987
-1.8516
24.4894
-10.7450
-39.5766
-18.7449
-21.2215
-23.0400
4.5736
-11.2586
-12.4730
-19.4855
-14.7670
-14.9335
-39.5359
7.3255
15.2844
-26.1961
12.8289
-6.1706
-45.7516
-12.6525
-3.7375
4.6953
5.6200
-4.3543
-29.4219
1.7357
-24.2480
-24.5758
10.1512
-17.2227
-22.5824
-3.7102
-21.2056
-1.0828
-12.0801
21.4047
-42.1461
-23.4445
-21.5797
6.0837
-30.0164
12.5080
-9.6721
-24.1256
5.4563
-0.7605
-27.3383
-20.3465
-10.4261
-34.7172
-29.0373
-28.6523
-16.2496
-37.1005
13.7648
-23.4016
-48.0727
15.8273
-1.8463
6.5294
-22.7303
-32.5015
2.6554
2.6543
-15.6187
5.7207
-37.5992
-11.7188
-30.1132
-3.6045
7.5242
-16.7029
-12.6840
-22.5531
-2.7585
-25.1457
13.8959
-15.2428
-42.5164
-21.1903
-39.9313
-29.2781
14.1637
-17.6873
13.3882
-15.9391
0.5802
-17.7621
-17.2441
-35.0719
-4.3436
-19.0168
-2.7610
-21.5917
-8.5668
1.5639
-34.3461
-15.5162
-5.9617
-7.2165
5.8007
-31.9164
-37.4699
17.0469
0.3262
-24.1504
-4.0117
-16.6859
-24.2250
9.2141
-11.9663
31.6137
-13.5133
6.1375
1.7094
-8.0961
-14.7358
16.8977
-3.1921
-34.9703
-21.5547
10.1571
-24.2145
1.5549
-17.6639
-7.3805
-27.7636
-1.2840
-2.2693
-46.1789
-3.5242
-3.4444
13.7797
-32.0899
5.3870
11.5246
5.9508
19.5777
-22.9066
-5.4106
-12.9216
-17.5125
0.9697
-20.7535
-31.5703
10.5027
0.6033
-1.1227
-11.2152
-2.8746
-26.2842
-6.0392
-0.9590
17.8759
-6.2713
9.0462
-5.3082
-40.5930
28.4762
-18.9772
-39.9984
16.3739
-20.2027
-5.5875
-28.1043
-16.6073
-31.0980
-12.0801
17.7098
18.3213
12.4375
-29.1215
2.3707
4.7342
-5.7131
-38.1234
4.1129
-6.8186
-9.2676
15.3488
-20.3940
-0.2977
27.4934
7.5695
-11.2173
-17.5227
-9.5172
-13.5496
0.0095
-1.9742
-47.4047
-25.6328
-26.7105
-6.2330
-21.2168
5.0527
-36.5881
15.2012
7.7984
-30.6715
-23.0609
-42.1141
17.3029
-16.0207
-14.4937
-41.6459
-5.0199
14.9326
-37.0094
27.0734
-0.5346
-23.9770
4.3473
-8.4773
-22.6074
-1.4316
-9.9252
20.6461
4.5152
-26.2984
0.9071
20.6740
-3.2945
-17.9764
-16.4711
-7.8699
-36.0567
0.5293
-16.4444
-12.0409
-18.0871
2.0056
-9.3194
6.3473
16.4359
-14.5995
5.4518
-31.7460
3.5820
-3.2730
20.4539
-13.9013
7.7094
-32.3418
-19.7891
-20.2477
-2.0549
-26.2791
1.4336
-24.7302
-28.7328
-26.2000
2.0685
-47.9867
-8.8520
-10.7680
-19.8563
-16.6379
-29.2086
29.4828
19.3862
-46.7367
13.7047
-7.0244
3.0019
-18.4387
-8.3468
-20.0516
-28.0430
-16.4078
-5.0934
-36.7625
-21.9016
-42.7038
15.0164
-12.4777
3.8316
15.4559
-22.2671
-16.6637
20.9021
8.5328
-21.6824
-12.7219
-15.2953
-0.9819
5.9512
-41.8344
7.1906
-14.7117
4.2379
25.9816
4.1449
18.0164
22.8400
-7.9386
17.8988
-43.0094
-16.5436
23.1287
-14.8016
-17.5137
-10.4453
-1.0020
-10.5020
-7.2393
-51.2375
-26.6074
-9.3385
-13.2199
-11.4625
-8.4119
-24.4297
-21.4984
-9.8000
-6.7242
-30.8886
1.3406
-10.7155
-14.0121
-21.1383
-22.6949
-24.8180
-46.0275
13.0232
-14.7202
-4.5500
-25.4156
-24.2000
-12.5493
10.0969
3.3664
-6.5492
-1.3814
-4.9828
-17.7605
-0.6631
-29.9562
11.0808
6.5663
18.6098
-11.3305
-43.5971
-1.5418
0.1125
-38.2563
-19.8830
4.5996
-44.1914
9.7773
-3.3605
-7.4770
-13.7797
-19.5034
-0.0184
-31.2000
-43.9484
-18.1000
-17.0284
-26.0059
-45.4156
-8.6770
-7.7184
2.1418
-20.7387
-11.2516
-5.1859
3.2496
-32.0133
-25.2180
10.0002
-31.1887
-5.2457
-15.9378
-1.3211
-17.1309
15.3356
2.6090
-38.5836
5.3598
-13.0015
10.1695
22.9230
-20.9203
-38.0070
-2.2230
-1.4004
-20.3348
16.2293
3.3859
-0.2010
-2.7563
-29.4182
17.0375
7.1865
1.0156
10.5879
-2.9641
-18.4520
-34.8156
-31.1383
10.7016
-13.3871
8.1998
-45.3305
-28.4211
-14.2320
1.2967
-9.0863
-9.6069
-12.0543
-27.3021
-1.7164
17.8922
16.8082
0.9289
21.9965
1.3813
4.3234
-30.8086
14.5039
-26.7727
-13.7525
6.8896
-7.5727
-6.9907
-13.3720
30.0430
4.0188
9.0496
-23.4877
5.8227
-2.1078
-15.3826
-27.0187
-2.6348
-3.2133
-37.6234
-33.7477
-20.1266
-4.1971
-12.7785
20.6771
-21.5063
-0.2185
-29.8008
-1.4312
1.1691
-2.7555
23.9773
11.1367
6.3828
-30.7770
7.8587
-55.7038
33.3378
-12.5866
0.9296
-8.6508
-20.3398
-9.8660
2.5254
-31.5676
-25.0580
7.4279
6.8219
8.7162
-40.2201
4.7971
8.3940
-31.7172
1.1176
-3.6316
-12.9395
-12.4953
8.5074
-32.8883
17.5969
-27.7828
-16.3121
-31.0186
11.7211
-7.4610
-41.4689
9.0064
-29.0734
-10.5383
-7.6777
20.4833
-6.0279
15.4004
-16.8194
-7.8777
-0.8191
-14.9102
-12.4477
0.9533
-33.0172
15.8898
-21.8273
3.8424
-14.0598
21.9785
-13.2277
2.4070
-9.4818
-39.1164
-9.9180
-12.6805
-34.0469
-4.7379
-27.1141
-13.1270
-3.9508
3.5939
-13.3959
-19.5187
-22.2730
9.7867
-1.5344
18.0381
-10.3508
9.0576
11.6926
-0.9488
-19.0562
-1.9633
29.7121
-4.3584
-26.5656
-31.5096
10.1742
30.8726
-20.0688
18.6553
20.0590
-31.3957
-6.0668
-15.6510
-25.2094
12.4313
-40.0758
-28.2859
10.2131
-40.2211
-3.2140
-1.9225
-15.6559
6.9289
-8.7812
13.2637
-38.4789
-6.4301
-37.8758
13.7227
11.7918
-0.5336
-18.9871
-14.7477
-0.3719
-13.4992
-20.9246
7.4832
-1.2711
-23.6512
-20.4246
-48.4617
-29.7930
-3.9734
-36.4750
-2.2007
9.3734
-39.2352
-43.0414
-21.9271
-34.3086
-1.3930
-16.5470
-33.3398
2.5383
-12.0977
18.3010
-39.3461
20.2473
-23.7973
22.8207
-22.7336
-19.0643
10.8215
-17.3640
-25.9039
14.4484
-6.8476
-14.2569
-4.8537
12.8176
-16.8457
-11.7423
-25.6359
10.4922
-18.4531
-9.1789
-42.8289
-32.3047
-14.2372
12.3910
-14.0353
11.6891
6.6089
19.9473
-18.5523
-5.1883
-1.3391
-6.3072
-8.2801
-29.5773
-27.6086
19.8031
-2.1586
-19.7785
-2.2475
-19.8266
-34.6094
0.8193
-8.6401
-36.3258
-2.8867
-6.8259
0.0250
1.6813
-24.7773
-3.6488
24.0336
7.1855
-2.8082
13.2574
-19.1039
-10.8488
-40.9857
-4.2118
3.3553
-28.2781
-3.8507
12.9434
-10.7868
-16.3570
-2.1197
-23.6428
4.5148
22.3729
-27.4631
-33.3048
13.7727
2.3793
-4.1473
2.4885
-12.8070
-14.6500
11.1578
-14.2254
1.3352
-7.0758
-16.1939
-1.5710
-9.6902
-23.3412
26.2684
-18.7947
-7.5957
-54.3609
-11.4004
-7.6062
-16.8531
7.7129
-2.6926
-22.0921
-8.4014
-5.2695
5.6271
10.7857
-17.4299
1.3062
-50.7191
43.6207
-52.2617
-25.7900
11.7135
-15.8853
7.6018
9.3172
-16.3716
-24.5660
-15.2680
4.5609
1.7457
-37.2895
7.8712
-32.7699
-13.1611
-5.7377
-46.5258
14.9641
-20.1729
15.6658
-0.1821
-34.2156
-35.5203
1.3186
-29.4633
-30.2461
29.6245
-12.7677
-7.1527
-14.8221
-26.8555
11.5211
-19.7133
-28.4969
-4.0336
-12.8344
-46.0211
-4.7631
14.9729
-20.8604
8.6902
8.9828
6.9484
-4.2082
-10.0223
-16.8604
1.7395
13.2906
-6.6641
-26.8641
-3.3129
-22.8430
-15.4883
-5.2530
5.3121
-23.7375
-40.0994
11.7961
-42.6695
-41.2527
5.0793
-15.0617
13.8895
-36.7527
-26.4199
-9.4145
-2.5852
-14.2154
-26.7988
4.0181
-33.2723
-6.0913
2.0328
-1.6246
30.8742
12.6953
15.7731
-34.3341
16.6242
-14.0076
-19.1398
-29.1037
-4.2875
0.7777
10.0510
-21.3742
-47.7675
-7.4195
-20.4736
-32.0600
-6.9569
-30.2928
-11.3182
-28.2309
-20.7793
-3.8028
-16.9149
-7.6316
-19.3711
-9.6309
18.0708
-17.2180
-0.5236
10.8410
-43.3434
-1.7820
-24.0823
-23.9742
2.3399
-7.3129
-24.6609
-3.6884
-9.8313
0.3859
-39.3242
-13.8160
12.4996
-9.9004
3.1338
-19.0004
-28.2703
-22.2148
2.5488
-7.2915
-23.9590
-12.1971
-12.4355
22.0923
-31.9602
-36.4869
10.0105
-37.5883
-12.6992
-35.3602
-26.3873
23.4689
-18.1359
-42.8992
-26.7992
-3.8910
5.0535
18.1520
-18.2109
-6.5180
10.1023
18.4820
24.9188
16.4707
-13.1203
-59.0500
-16.9980
16.5297
-0.1879
3.7785
-38.3648
14.6052
-20.9690
-34.9742
9.2066
-10.5747
-22.9270
11.0642
-44.2586
-29.0152
-5.7716
-36.9453
-32.9953
-30.3293
10.1615
-22.7227
10.9398
10.1064
-15.3566
-13.2557
-11.0868
5.6867
-21.0613
-5.4606
-9.0878
-33.0156
-14.5879
-21.3062
2.5133
9.2383
-43.3488
-0.1488
-33.4143
-11.2443
-0.9832
1.2301
18.7297
-3.0093
-31.6758
15.3676
-17.1340
29.3578
22.1924
-15.2473
6.9836
-5.1062
-18.3469
18.1666
-39.3703
-11.7070
-19.5075
-40.5762
-19.1340
-33.1305
-46.4059
9.8176
-12.6676
13.9420
-28.8775
-8.1875
-25.8871
-18.5715
-17.6393
-21.6133
-51.1086
-12.7510
-1.9059
12.5350
11.0750
-15.1277
0.9317
-18.0533
3.9410
10.9594
-8.2975
-35.7359
3.6984
14.0544
-40.1350
4.0383
-8.1070
30.5094
-15.2656
-24.1121
-2.0246
-9.9707
-38.9395
-30.0656
-31.0195
-4.5779
-32.8773
-36.2789
-0.2428
-28.9152
0.7273
-4.9521
-42.7539
13.3961
26.0352
15.1484
14.1551
-11.1078
-49.6367
-9.4637
-29.9559
-36.7205
-15.3454
-9.8371
8.9141
-11.2260
-36.8906
-0.8578
-0.8390
-53.1789
18.5215
-18.7559
34.6824
-11.7080
18.3828
-48.8990
2.3652
10.2051
9.0201
-28.1227
-13.1316
-7.8699
0.1996
-18.5055
-13.4246
18.6840
-30.8521
11.1086
33.0184
-2.0957
1.1086
-9.7078
5.5904
-4.0541
17.0160
-42.2668
-5.8232
-1.1863
-1.7229
8.6254
-3.6619
6.9453
-17.8371
12.9262
11.4082
-25.0446
-27.2703
-15.7648
-14.8018
-13.1956
-5.9527
17.2957
-19.8797
-43.8941
-0.1816
-17.5544
-27.8391
-20.6949
-18.0703
-12.5264
9.5066
27.3203
38.6263
-34.5211
-6.2484
-5.3652
-7.9771
18.4398
-3.6497
-2.9008
-39.6393
6.0549
0.2762
-42.9984
25.1633
-36.3836
-28.9750
-32.7988
21.1230
-23.2072
-16.4639
2.7301
18.0125
-39.8492
-41.8189
-1.9587
11.4553
-25.6262
33.9441
-36.8789
-15.2930
4.1784
14.1312
-34.8943
7.1166
-2.5414
-8.2406
-22.4422
9.8836
41.5992
-20.0805
10.4475
-16.6017
-27.2206
-10.9902
-11.2781
11.0648
-12.8119
-50.9773
11.7923
-16.5641
8.5129
-45.0129
-9.6625
-1.6652
11.2223
12.3773
-8.8773
14.2236
-25.9877
-7.7279
12.6523
-11.9009
6.1232
-15.6164
-3.3592
-24.3016
-20.5836
-8.6000
-20.3391
16.3251
-36.4652
16.2215
0.2957
-27.6562
-16.2949
16.6383
-4.9664
-6.1495
28.9930
-6.5758
0.3455
-45.7520
-11.8697
-28.4102
-2.9391
-32.9047
-36.9844
-44.8750
-34.2648
-4.8375
14.0242
-24.1844
-11.1748
-2.7225
-31.7719
-8.6035
-11.0746
-33.3438
-10.9328
-27.6129
2.9398
4.4227
-6.2098
-12.8455
12.6687
35.8100
6.3574
20.5006
-14.9168
5.5137
-50.1766
-9.0733
-13.7086
28.2062
20.4754
7.0725
-15.6324
-28.9449
-1.5369
-6.0396
31.2656
6.9207
4.9104
10.4863
-6.6479
-8.4854
-3.9375
-11.8711
12.3441
-9.9465
-29.3578
-7.4637
-14.6899
15.1172
-1.2500
-3.2406
5.1469
-40.4234
-18.9031
-0.3460
-7.6980
-9.9643
-18.3523
-35.3402
8.3646
0.3309
-37.0409
1.7563
25.1463
6.3635
-6.6429
8.7277
-17.4391
-4.1496
-11.9352
-32.9359
12.3965
-0.8355
-40.9844
-23.4062
-11.8771
-8.9289
2.3959
-10.3103
-43.2742
-24.6922
-9.1988
9.1254
15.5586
-34.4437
-32.1445
0.3832
-2.6454
-32.0941
-4.2130
-0.4797
-9.0170
10.2777
-43.1828
10.1433
-46.5906
10.0443
-18.1887
-31.9914
-29.8289
-6.4268
-26.7938
-44.2992
-26.5273
-25.1324
-24.1277
0.0811
-17.7664
-25.4912
9.5555
28.5598
7.5560
-18.8052
20.8992
-3.6152
-23.9449
-24.1117
-23.7957
-9.1512
18.7910
-8.7289
6.1000
-14.5379
16.0910
3.7164
-29.5521
-10.6961
-1.9480
-26.6919
-20.7980
-38.5336
21.1680
11.9758
14.9254
1.6607
-41.1578
-38.1117
-6.7875
-20.7578
5.4617
8.0248
-19.2469
7.9305
2.9789
25.3764
-47.9359
1.9031
17.5344
8.2664
1.3489
-37.3082
-7.4988
-24.5377
28.7537
-26.7449
-21.2655
-5.3113
-6.7441
40.0520
-5.7113
29.6805
11.0542
-41.8668
-17.9406
-12.5816
-30.3781
-6.9697
-21.8709
1.6066
1.5561
16.2211
10.6480
-30.9675
20.4859
-3.4198
-0.0105
-15.0154
-3.0740
-6.1621
-12.8598
10.3512
-28.8117
-16.6426
9.2395
7.8762
-15.6773
32.9576
-28.6016
14.0451
-1.8062
-1.7859
6.9805
25.7387
-31.2303
-20.4223
-31.7625
-5.3021
20.6172
15.2723
11.5920
-44.0591
-4.1014
1.3463
21.1199
28.0879
16.6703
-43.4430
-25.4285
-2.5008
-1.2926
-36.8625
-28.7531
-39.3953
-12.8525
-10.5949
-47.4469
-16.5627
-18.7340
-6.6609
10.1600
0.4621
1.7285
4.6496
3.0598
-23.8305
-21.2406
-16.1642
-18.1571
-37.0852
24.6602
15.9410
-10.1665
-8.9258
15.6716
-40.6723
-15.5240
-1.6457
-23.3570
12.3062
-4.7082
-22.0668
-42.6219
-38.9663
27.3258
8.0359
-41.0992
-30.2658
35.3980
-39.5327
9.7588
-25.7934
3.3207
-13.5772
18.6735
-12.3289
-13.6055
-7.3223
-33.4592
-12.9536
13.6263
3.6344
-33.0928
21.9984
2.0020
4.1523
20.7852
2.3898
25.6164
-21.8974
-28.6708
-10.7799
-8.7026
-46.5906
8.7074
-11.4563
-31.0240
26.4863
-47.2508
-1.8010
-41.0082
25.7465
26.3117
-5.9180
23.5995
-43.3770
-10.2274
-0.2316
-0.5156
17.1547
-7.9918
-8.6530
-32.1945
-23.3037
6.9260
2.8668
-4.6037
-26.7008
-8.3616
-8.7715
-52.0302
-1.9504
-6.5162
3.9680
-9.7448
-32.1773
-20.7940
-8.8091
0.2664
29.3383
8.9520
-33.9641
2.3625
-2.5090
-53.5422
1.5063
-7.3117
11.5693
-1.7951
-8.9922
16.8793
3.2352
5.6789
-20.0666
-13.8219
-7.2772
-17.5242
5.4678
-4.3783
-40.3344
-16.4805
-29.8594
23.4377
-14.4162
22.4098
-40.3385
4.1973
-5.3637
-42.0150
-22.0295
-3.9523
-39.8032
7.4260
-6.9867
-23.2254
-13.2708
-12.0898
-3.1795
0.3538
-27.4587
-51.0102
-14.9739
19.7250
-7.7867
-35.4281
-35.6166
-12.8508
-40.0077
24.3953
-19.2902
-13.2931
-12.8285
-51.9703
23.3461
16.0758
9.7734
13.8797
-15.5664
9.4885
-33.4504
-15.5000
-0.4320
-21.5537
-10.3938
-14.4984
-34.9688
21.1430
17.1320
-28.4793
-4.2641
14.8103
-35.9844
7.7785
-6.7930
-25.0480
-47.5625
-41.7938
25.6750
-5.8356
8.1164
-48.9250
34.8332
-21.1463
-13.3391
-46.8023
-28.2309
-1.5164
-20.3887
11.3591
-18.4906
10.6301
3.3051
0.9414
-27.0078
-38.4961
4.8383
-6.9125
-7.6680
1.2570
-8.4434
-27.4426
-6.7052
5.5034
-59.0930
-30.4984
-35.5898
-16.2471
-11.2053
-27.1406
-7.9086
28.3641
37.5486
-36.5422
-31.5938
-38.3445
-14.9488
8.8297
-34.1875
-4.7718
-8.6984
3.3148
0.6639
19.1777
6.3489
-19.0232
-4.2515
-32.4000
11.4845
-29.5203
-33.6383
13.6980
-15.3645
-3.3493
-36.2008
8.5109
-0.0654
17.1173
-34.7738
-11.2996
21.7203
25.7355
8.0150
-38.0389
-7.5445
-8.1877
-20.7871
-19.2523
-30.3430
1.3502
-2.8246
-24.1625
-23.2234
-41.3867
-23.6203
-10.3777
-28.0262
-45.0018
15.0883
26.7516
6.9287
10.0401
-32.7410
-9.6908
6.3336
13.3559
-15.9961
10.4473
-11.8898
-10.2965
-21.0732
-2.8875
-29.5363
29.2917
-29.0953
13.4340
-40.8750
0.4930
30.1988
-24.7398
22.9326
-35.0328
-41.3320
-13.4566
7.9977
-1.2793
-16.3582
-18.4509
16.3867
-8.5656
-13.9082
-50.5953
1.0758
24.4672
-32.6391
-24.3523
22.4410
-14.4569
28.4695
0.4095
-10.8664
-49.1063
10.3646
-8.9071
2.0047
6.3500
12.1945
-5.4394
-30.3652
14.4289
19.3172
27.1750
-11.4418
-49.2422
-20.8994
-10.3170
-20.1156
-26.4370
8.6027
-22.2539
4.1213
-10.6401
-26.7043
22.0961
-12.4221
-3.6777
1.1801
11.1808
-29.8041
20.8523
21.5434
0.2840
-3.3307
-5.4742
7.8500
16.5215
-30.9346
18.6599
-17.4112
-34.2070
12.1617
13.5994
-8.0188
2.5336
11.8016
-50.7805
11.8652
-19.1865
-48.9535
-36.2160
-0.4934
-6.0605
-3.8472
-23.2227
-12.6912
24.4791
-5.7125
-41.2945
-3.2782
-8.9299
-28.5661
-12.7953
-27.0703
-37.9188
-36.1001
-4.4796
-3.4973
-29.9645
-7.7167
-11.7879
19.3082
8.7910
-39.1000
-3.5324
-13.6684
-4.2142
-15.8910
2.3301
40.6277
-5.4598
13.9176
-43.8133
-0.5590
-2.7574
-27.0770
18.0312
-32.2582
-13.9333
-8.2176
-58.3438
45.6980
32.2197
-20.3482
19.9305
6.3775
-27.3624
-2.8125
-22.2172
-18.3828
-9.1263
-33.9152
6.3527
-32.1953
-11.8328
-0.1375
-1.0102
-24.8285
-35.0844
-11.3195
26.0078
24.2582
-8.0288
-25.5469
5.8240
-25.4066
-24.3902
-10.7166
-11.2557
-26.4289
-0.6699
29.4180
21.9867
-23.5789
-0.0144
-20.6652
4.7226
-3.3363
5.8770
-48.9656
-33.4969
0.2891
-10.7122
-38.5396
23.1254
-45.7891
-5.2277
10.0461
-44.6383
17.9708
-1.5261
11.4234
2.1354
-33.9516
-14.3266
-15.8914
8.2346
-10.1525
-29.8473
6.3642
-2.1695
-20.9242
-40.2830
7.3840
4.0445
23.2262
8.0582
-25.2102
-34.8102
-17.7590
-36.7000
4.9125
0.8410
-8.0953
-17.1219
-30.6361
-5.8479
-31.5686
30.2352
25.1969
-9.9672
-22.4885
-32.7031
3.9352
-39.8609
-49.8367
32.8258
14.7211
24.2918
7.1137
-12.8961
14.3668
-24.0719
-21.4809
28.1570
13.3775
-57.1328
-35.4734
2.8500
38.5953
26.5074
-4.2836
-4.2410
0.2381
-7.4670
-11.8945
25.7289
-20.0680
-3.3190
-40.8961
10.6148
-6.7449
-17.7928
-13.5301
6.2585
-43.0094
-7.7508
-15.2316
-8.1086
-0.9484
-25.1654
-16.3902
-8.6969
-46.4355
21.0953
5.9494
-53.1984
35.9281
3.4121
-54.8781
-41.2578
-2.4779
-3.8949
-5.7156
-2.3102
-9.4050
2.6848
21.4688
-7.2133
-38.9313
-23.6930
-39.0820
-14.1371
-24.9012
21.6160
-7.7281
7.3102
-10.4631
-9.1949
10.1254
-14.5191
-23.4518
-19.4559
20.2273
6.4514
14.1227
-21.5773
-45.3164
-18.1448
-18.2500
-29.9371
-11.6833
-18.3570
10.0594
-47.8773
11.7394
-15.2016
-4.5844
27.1527
0.2240
-21.8383
-50.3453
-16.6047
21.7893
-27.6028
14.4777
-42.9145
19.8427
-35.3852
12.7520
-24.6618
27.5143
-4.9152
-19.4996
10.9651
-44.7414
-36.4164
17.9629
-23.3316
25.9094
7.3266
25.6686
-3.7855
-11.4445
12.2113
13.3781
-21.4596
21.4090
-6.0992
-23.1781
13.8370
-17.7172
-52.3164
2.8402
16.7693
-32.5381
-9.8637
-13.8074
35.1570
20.6180
15.1879
16.2640
-30.6828
2.8652
4.5771
-2.5980
-30.0852
-26.3862
12.0384
4.9958
-26.9060
14.8528
-22.9699
8.5625
-28.5613
-3.1203
-36.2773
11.7184
4.1577
-38.0484
4.7917
-5.7777
0.2201
12.2324
-7.2156
-21.3992
11.1527
-43.6195
-16.0637
-33.6719
-29.5645
31.6781
-25.2895
-29.8004
22.3352
26.1187
15.8203
-3.6457
-18.6996
22.5175
-50.1881
13.5160
38.0656
-4.5707
-49.1508
-25.8832
-15.7500
-0.6146
-1.3351
25.1375
-1.7812
-35.4688
-5.2454
-21.0602
34.7477
4.8677
-27.5082
-11.1861
-1.2070
-11.2383
-32.9355
11.4500
-28.9871
-25.8254
-0.3820
16.9051
-30.7789
-41.3773
7.4492
-54.2844
8.0750
-47.9613
6.2336
2.4988
-3.8218
23.3809
-9.3883
-0.2621
-0.2320
-18.6457
6.3859
-12.7113
-27.8406
32.0680
10.7707
7.6521
-2.1625
-18.6857
-9.7021
2.8623
-26.7805
-9.5014
-15.8936
17.4645
30.7848
20.1844
-15.2769
-32.8857
-5.4055
-10.5328
-1.5910
-4.6305
-20.9586
-29.7414
-7.1789
-23.8965
20.1727
-15.7996
37.5898
-11.1910
-7.2348
-22.8650
42.8657
-54.9004
6.6477
14.4828
30.9391
18.2789
-9.7717
-9.1320
-1.0348
-28.7734
-50.6121
-21.1504
0.3794
-16.0475
20.4004
12.1911
-36.0504
-15.6414
-12.5406
-34.9855
1.4961
-4.4430
5.9688
-18.8994
20.3363
23.6633
7.0328
18.9832
-15.8059
-13.9302
-10.5594
-5.9508
-24.8008
-6.2758
-28.9352
1.9518
27.0934
-27.1504
1.4848
8.7207
-50.3947
5.7429
-17.5148
30.0562
8.3336
15.9320
17.5074
-12.0829
-23.1211
12.2517
-6.1346
-37.0891
-19.3484
-3.5000
-11.6195
22.9032
-29.8512
-7.4567
-1.4634
7.2102
20.9254
40.2316
10.9359
-53.9758
-36.3273
49.9641
15.3822
-42.5164
-26.4312
-22.6719
-13.3217
-4.9988
-12.4387
-13.5916
6.0199
-32.5648
45.7887
15.3711
-26.8687
6.8838
-6.6588
-3.2801
-27.8848
-27.9367
-22.2324
22.7536
-45.6977
7.8160
-11.5704
-43.8870
11.2715
-9.0439
-22.5984
-27.5211
39.0008
-2.9285
-0.9644
-34.2380
-24.2398
-41.1172
-17.0844
-1.7947
21.1031
46.4039
49.1566
19.9184
-40.2672
-28.5004
23.4460
-47.6406
-20.3594
-21.9535
-34.2512
31.6750
6.5939
-8.9340
-8.7900
-22.5984
-18.0880
29.1906
28.0766
-27.6508
-34.3977
-36.1180
47.0461
38.9336
47.1172
47.0655
-38.8898
-6.8500
-3.6045
-33.1785
-6.7682
11.2348
-22.7266
-27.1558
0.6359
-9.7785
-25.9684
18.4805
28.1047
-33.9584
27.5965
5.5758
-7.4668
45.0558
-38.0305
-40.9379
-29.2184
13.2820
2.6652
6.7197
-11.2996
-37.6680
-41.6144
-14.1863
17.2344
18.1344
8.5248
18.1949
-14.8727
-36.0732
-13.0914
25.3617
-9.8816
-4.5410
-3.1542
-37.8051
-20.7051
-10.5215
40.1387
-16.2439
-20.8000
-6.7507
-6.8074
-35.6078
-11.0582
48.6391
4.5887
6.3026
-31.6578
-8.3157
-3.7654
0.9988
-14.0914
-53.5588
24.8025
-22.3150
-9.5918
-7.0282
2.4769
-17.2344
-57.2875
5.1072
-5.9977
-17.9930
17.8387
-30.1930
-31.1863
30.0908
-12.4383
-15.7236
-30.5230
-21.8852
11.4695
-40.4602
-29.8937
-3.1100
-6.7586
-17.4266
-5.2484
-35.1813
-18.6848
12.4031
4.6215
-14.7805
-34.6870
-18.6328
-40.5563
-8.4535
41.8293
-3.5012
-7.9633
-25.9395
-49.1078
-48.8250
-5.8355
-36.6957
35.0504
35.3824
-10.2934
-2.6672
-26.3770
5.9020
37.8387
3.3156
15.1449
-27.7109
23.6313
26.8357
-31.3883
3.6621
9.0990
-30.0312
-31.1023
21.8573
18.7756
-45.6125
-35.4334
3.0812
-17.9430
-31.1125
26.2047
38.0445
6.3347
-38.2656
-10.5740
-0.8117
-46.3215
5.8035
5.8470
-17.9684
0.2143
-5.4223
-32.1727
-26.4711
26.3180
24.2320
-40.9891
-37.7527
-12.6998
9.5938
9.2650
-45.1518
49.1422
19.8999
10.4725
-49.2251
25.2395
-5.5860
23.7969
4.9574
-10.5820
-2.1199
-29.7316
14.7602
8.3816
-25.4738
-5.5383
-27.0008
-25.9922
40.7609
19.7320
20.7344
-25.6785
-18.2484
5.0125
-37.6453
22.5359
-27.9344
-27.1781
31.2512
4.6219
42.2500
2.9523
-22.1762
-16.5600
2.4495
-49.9758
-20.4664
13.0760
-7.6867
17.3238
-42.8281
13.5242
-21.0836
-2.3227
-37.4070
26.2738
-18.3039
-45.4156
17.1078
33.7476
-8.3746
20.6277
21.3359
-0.5633
2.2508
11.8687
-34.9359
9.7074
14.6456
-18.2301
24.1398
1.2687
-33.1547
14.7380
-50.5156
30.9133
26.0086
-31.3930
-42.9352
39.6277
-46.9418
45.3453
35.7863
-51.1937
-20.4810
-7.2891
-45.3148
26.1781
9.6234
-8.4809
-12.3426
0.3695
-31.9828
-38.0735
-5.7023
20.8469
6.5429
-45.8537
29.3609
-42.0270
-7.5840
-41.7551
45.1375
-41.7570
14.6352
33.0828
7.2916
-40.9844
10.0281
-25.2051
-7.9211
-8.5496
-2.7289
-29.9691
11.0797
-32.2463
32.6867
38.2211
-5.7414
18.8234
9.3656
46.2867
23.1836
6.2297
10.0854
-50.6316
-0.4242
19.9285
-32.9738
-7.8211
22.0320
-46.7430
28.0859
-38.9609
4.3514
-36.0438
-41.7906
8.5928
-28.0484
7.9203
-16.1623
-33.0535
13.4375
8.7049
-44.9367
-5.1945
-52.2687
-11.9457
-24.6352
-12.6812
22.1450
-25.3052
13.5289
10.9777
-4.0023
-4.7477
28.6996
-8.9797
35.5266
2.7094
-3.7792
-4.8793
-24.5187
-21.1852
-20.3725
36.1391
10.4488
-17.2800
-50.9593
7.8800
-26.6367
8.5897
-40.9875
-42.9188
-5.0799
-18.4453
-45.2234
-18.7094
30.7680
16.4773
36.3398
15.5941
-9.9633
-15.0484
-8.8898
-47.6492
-21.9355
-25.4877
0.3227
50.4844
-41.5898
-13.3586
-40.5936
-10.3355
6.4398
5.8090
-39.1398
-36.3578
16.0768
33.2680
-10.5562
-53.8664
11.8878
7.5803
-36.0687
11.8821
-13.6916
-9.2482
13.9625
6.0175
7.0793
-6.4320
-10.9114
12.5254
-44.3836
33.0617
3.4224
-2.6133
17.1527
-17.9043
28.8289
-2.1202
-6.2266
-3.2865
5.2134
-1.6695
39.2188
-19.4496
-29.4125
-27.8961
-16.3104
-2.0125
-43.6972
21.8211
13.9929
9.7474
-15.3727
-35.7336
-25.4816
-48.9156
1.6307
-37.6195
-6.2031
13.9312
-15.5293
8.4062
19.3734
18.7804
-39.1125
-17.2219
-10.1319
-7.5453
-16.0852
-23.8270
-3.3879
-3.5423
16.4906
14.9680
6.1591
-34.4974
-6.0637
-17.1094
-9.4582
38.5805
-21.3172
-9.7230
-6.3140
-17.2219
-29.0938
-29.6758
14.5973
-12.6326
10.0781
-10.8064
-12.3133
-7.1842
-33.3797
0.7415
-18.9570
-27.7570
2.7652
-21.7477
-30.7090
32.3477
-13.4477
22.0877
0.8459
28.6937
-57.2625
-16.4680
-29.8836
-22.6906
-43.1449
-0.5871
-24.3070
-37.9539
37.2750
-2.7611
-40.4359
-15.4006
-18.8867
9.9047
-52.7972
-2.5249
-45.3883
2.3949
-42.3074
5.1660
-24.9688
3.3338
-35.0062
30.7043
-46.5863
-1.3172
-31.3695
-8.8223
-25.4609
-4.3109
-41.7414
28.1031
-51.1648
-33.2250
-4.3688
0.5150
1.9408
-8.1617
-51.1859
27.7078
15.5677
-23.7148
-46.5938
-15.2901
2.1453
18.2484
3.7539
16.4094
8.1023
-23.0703
-5.5031
31.2406
35.9484
22.4111
-36.2584
-3.2258
-4.8831
-6.4266
7.2125
26.6211
-50.1906
7.7441
-31.3344
24.2415
-54.2672
-34.8867
44.2711
-36.3320
23.4863
-24.4508
29.5102
27.5207
1.6151
31.0730
2.8164
33.2025
-45.4297
-11.3426
41.4313
17.4616
-12.4648
3.9541
29.5324
-36.5586
47.1074
19.6071
-13.8305
-32.1908
-8.6832
-17.8771
3.8371
-10.0453
8.5857
4.0391
16.0871
-44.1555
-17.8764
5.1416
1.3854
-25.4062
42.4547
20.4230
-4.8109
26.0455
-47.9781
-19.3596
4.7184
28.9738
-46.2625
17.7715
-14.7305
-20.2941
46.9484
16.1347
-37.3672
-7.7966
-22.1623
-38.8187
52.7117
24.0631
-58.3547
-11.3309
-40.1605
-33.2590
-7.9266
-48.9758
-2.4898
-38.7738
29.1766
6.0078
3.3482
-2.7513
-40.1555
25.6212
-8.3351
-1.2625
-41.9695
16.6535
4.7242
-39.3621
-10.7801
-44.4217
30.1229
-49.6922
-21.2234
-8.4127
-24.6070
-34.6152
2.7215
-23.4414
-5.1848
12.4480
36.9375
19.6406
-18.2891
-7.5348
12.8242
-8.5247
-21.8943
-0.7023
-15.9863
19.3395
-25.8385
19.3910
-56.4578
-23.3836
16.6980
-46.8922
-1.5301
-14.4309
-43.5016
2.0387
16.3566
-32.2860
24.0312
22.6010
-12.1348
10.8607
-17.3746
-10.6037
-13.6215
-2.5134
30.0529
-0.8555
8.8595
-43.4016
-14.4170
-33.6984
36.1551
-7.7250
3.7941
-11.5430
-31.3281
-0.0141
33.3439
-41.6500
-15.6680
-14.7336
-10.1402
19.2230
-2.3895
-32.2609
-2.5684
-53.0855
-6.7496
-44.0273
-15.6105
-34.4492
43.3197
-60.1945
1.0389
-17.4326
-20.7398
-3.9680
-41.6336
4.0845
-55.7381
21.7250
23.7539
-19.3434
39.9191
-14.5863
17.5581
-5.1707
-18.3617
-25.6187
12.9875
1.7738
-15.4027
7.9449
-13.3629
15.1836
-5.9207
49.1266
25.4977
-14.5223
-33.4117
-44.9611
-29.8705
2.2535
0.8875
20.5063
2.3506
-30.4633
7.7680
6.1431
-29.5699
-3.2148
7.7531
-10.7773
4.1201
2.4939
6.9143
-38.1590
21.7789
18.7749
-47.6828
-12.7293
11.0949
-6.8582
-37.6027
38.7266
-5.6484
21.3321
-8.8660
-5.7010
13.0102
-21.8005
17.4359
-22.5578
14.9133
20.5242
14.6194
35.5840
-43.1266
-23.4785
-28.8039
2.7775
-9.9930
-9.6047
-37.2082
-25.7313
-10.5234
45.1281
39.2758
44.6484
8.9350
-28.4082
4.4118
-12.6063
4.5941
-10.4742
-47.3348
-8.3613
2.5691
-47.9648
2.4828
1.6787
5.0703
-25.1883
4.3775
23.6430
-2.0902
0.7309
6.0887
27.4359
-49.2570
-16.9373
-0.6711
-32.1303
-26.1945
42.6437
25.8757
17.7682
-9.4398
17.5066
-0.3542
-55.3346
18.7492
-37.4191
16.6471
-30.5947
-1.2496
-20.8445
-46.2016
-25.3291
7.9978
-51.9211
-1.2195
30.8687
19.7596
39.7430
14.7373
-19.9555
-44.5797
-33.4512
36.2844
32.1477
18.4406
-3.0187
1.4055
-10.3680
27.9741
-29.7313
1.7083
-15.5891
36.8852
43.5758
18.6133
-1.9630
-10.2191
-14.0734
-48.8925
10.6613
-22.8964
-0.1332
43.1977
-40.7242
-25.6680
-16.7000
18.9789
4.0196
-22.6480
23.9225
16.4148
23.9828
-29.6309
2.9410
39.1178
-54.5180
30.5680
-0.4879
-30.9152
-19.8703
-18.5488
9.3453
2.0980
-23.8687
-33.8734
34.2371
-16.4883
30.0066
-21.7402
-14.6316
-3.8934
-36.3951
-54.0730
46.0676
-29.2828
-57.3109
-5.8391
-20.9034
10.2957
7.4693
-8.2795
-20.7822
-26.3438
-16.3203
0.1598
2.3060
-51.7791
36.2220
-54.4531
33.4188
32.2223
28.0451
-3.0113
-6.5141
6.0566
-47.6336
26.3891
41.5387
-12.0094
17.0664
23.3215
-1.3846
-0.8594
-35.5406
-44.1691
19.7579
-42.3691
21.2121
-29.2838
-8.3484
-23.0344
-47.8441
-12.9641
32.2344
23.6500
40.0488
6.7141
15.1232
-12.9896
42.4391
-1.9410
-24.8742
-18.7633
35.1352
7.7836
50.8547
55.4367
-3.4754
-22.5930
-11.4937
-8.7406
-15.3646
21.9711
43.0566
3.7383
0.1173
-57.5352
-54.4766
-13.4914
-18.0633
-5.2316
-7.3000
-33.4152
57.5190
7.4644
21.9590
-14.3531
-17.5746
-17.2588
20.8751
23.3352
8.6904
-29.2008
21.7271
14.9969
30.5410
-50.0785
-11.8648
4.6660
-2.3977
-10.7824
40.3953
38.4773
4.1051
11.0508
-47.1105
10.8295
-26.8654
42.1996
17.2727
-13.1470
-28.3348
-43.6406
-3.2004
17.0736
-22.7445
-15.6062
25.7094
-19.5204
0.8442
-51.2209
21.5408
-2.4379
28.6750
-4.8078
-10.8609
-49.6281
5.4469
11.4625
-35.8543
-23.5094
-28.0004
-12.8289
3.7734
6.3689
-34.4414
14.2082
-36.6176
43.9188
43.1238
9.3498
-0.8518
5.6984
-8.0582
-33.8367
39.6523
18.4508
27.9930
58.0250
41.9156
24.2344
-0.5823
-58.4711
18.6648
21.9543
0.0879
22.9723
-25.0283
9.5695
0.7887
11.1516
23.0852
51.7844
3.5749
-22.0797
33.1035
-17.8901
48.8133
-5.8427
-29.6867
-36.4664
-2.1316
-14.1687
44.0859
-48.6250
-0.4386
-7.0368
-26.9742
22.6895
-11.7562
-50.2438
41.5284
-54.4867
-14.2926
2.2141
-17.2577
-9.5492
24.0998
7.3336
-21.2188
30.6320
9.6859
36.3846
-41.0852
-0.5215
-7.0172
-2.4164
51.9031
29.9297
-0.9477
41.4379
-4.0803
-15.8449
-42.6059
16.4289
39.5734
-3.1564
0.9047
16.9234
0.4945
-30.7344
28.3066
-4.9106
-28.7855
54.9758
36.3555
46.2086
29.8869
-46.1727
7.3266
-11.2276
-46.2850
29.3789
43.9861
25.7564
7.4141
10.4547
32.7270
-44.2039
-27.3203
-8.3115
-43.1758
33.2607
-28.1672
-32.5672
-3.0708
3.3438
9.7262
-4.0486
14.5785
-0.1596
-42.5287
25.7687
16.8871
-9.1238
43.2470
-21.4695
-36.7469
-51.8820
-25.6456
-47.4883
21.8525
-19.6586
-20.9094
-47.4203
-0.1078
45.3875
49.3961
54.5498
-59.2633
-0.5326
-0.6335
9.8719
33.0500
51.2250
40.2699
17.6308
-47.4164
-43.2180
38.2168
6.6204
-34.1288
-7.7742
-0.0676
12.0176
13.7961
-24.7320
2.1305
-53.0766
21.9262
-20.8906
-32.2907
-41.5344
10.3094
-26.4154
54.8297
-14.4848
-7.6629
-0.8359
-46.9547
-4.6133
31.0661
-42.8852
4.0887
3.6656
-34.5719
45.6203
33.1672
24.6086
-51.3557
-10.8430
-0.0078
5.6301
-0.3375
-36.7324
7.9945
6.8824
-29.3687
-14.5422
8.2082
-22.4709
-4.2867
-44.7176
-16.5223
-32.6375
-2.2699
-22.9137
-22.3117
38.3055
47.3855
4.1633
-37.8945
-42.0580
-32.3320
33.0664
-9.3880
4.8512
11.5600
-42.8742
-7.9023
-51.9840
-13.6803
14.2256
-13.2652
-7.5303
-17.3144
-22.8500
-20.6359
10.9148
-12.6727
-54.8402
8.5650
-30.4867
-44.1289
-17.9523
-56.1813
-2.3961
-1.3254
3.0121
-32.0770
-8.0066
0.5316
29.5141
-0.8172
-6.6154
-40.2719
0.1945
13.9045
-34.8898
7.6516
19.6141
39.6656
38.2313
48.4609
24.3633
-9.5164
0.9688
-19.1641
36.6312
1.1492
-8.4836
-0.1027
-54.0748
6.1012
-1.2716
27.2297
19.0141
-2.3281
-13.5250
32.1008
28.6432
-54.5934
-1.7508
-28.8043
-1.6185
-45.7523
-6.3301
12.8203
-31.7211
-51.4939
52.1023
3.7570
49.3012
-44.2883
53.3273
38.8066
-15.6672
-4.0262
-12.1545
-8.7594
-29.4930
-5.6602
22.6711
34.8707
-26.6590
-2.9486
18.5246
-16.7625
-17.0836
39.6375
34.6090
-54.7463
43.1878
-40.2562
-18.8578
26.0828
1.9254
-35.2107
41.0820
41.2464
-46.5148
1.9504
-4.2178
-36.9273
32.7071
-47.3375
39.0695
-1.4703
33.6688
12.1766
25.1852
-28.2430
-20.4094
-13.1051
-2.6012
34.5047
0.9982
-8.7925
-49.5738
3.6156
12.6239
-37.0237
12.5228
-6.4788
-37.3875
4.8156
-35.0750
-46.3688
-9.0156
-7.9559
-13.0162
-35.6568
45.6422
52.8214
-37.2910
-13.7238
25.0480
-0.1437
-40.7344
-9.1900
-6.8277
-26.4676
25.7203
-33.1488
-0.6309
32.0750
-32.7203
-40.3617
-9.5690
-12.7055
-30.3905
50.1415
-33.5488
6.4336
-58.7727
-51.8570
36.0980
-6.0527
-7.6964
-40.1039
-57.2719
-27.8457
0.9316
14.2295
-42.3645
-0.8870
3.8698
7.3250
-50.3477
0.7469
-9.2314
3.5145
0.2125
-0.7474
32.9758
31.5195
2.5148
31.5924
-37.5766
-16.5590
-21.3891
-19.4773
22.1292
-27.2206
28.9820
-13.7713
-15.6488
2.7375
-37.7475
3.6626
-10.5293
0.5480
-46.7799
53.0473
11.4473
-5.1789
14.8898
35.4539
4.5625
1.6700
-3.6793
-57.0036
39.7086
15.4301
7.0441
-3.7336
3.7428
-10.9430
2.0551
34.6086
42.3043
-52.9922
-20.7203
-1.3078
39.9086
39.3664
51.4789
14.4258
-15.9461
-11.3613
0.3933
-20.4314
20.9848
-15.0492
10.3473
5.9461
-37.2178
49.1073
-21.4969
9.7078
46.7137
-34.6723
-34.8305
-3.2064
40.2199
-13.6992
-21.1914
-45.7266
2.8641
2.9242
30.2262
-40.6836
-30.7398
3.7954
-17.0402
27.2451
-37.5789
-28.1410
-4.4191
3.8548
-10.3773
15.2050
12.5113
37.7230
-43.0992
31.1246
-47.9992
6.3503
-35.9750
-33.1854
23.1445
4.7746
-2.5397
-41.0926
-8.8359
12.3631
-47.0973
38.4203
54.3462
-16.4312
30.6879
-24.9145
-19.0127
-16.3250
1.2166
-27.8449
-13.4273
53.6695
35.1961
-7.8441
-30.6078
42.8125
49.2672
40.5766
4.2160
-5.3648
-29.4318
-23.8221
17.5109
39.3363
-56.4305
-17.7711
-26.7284
-10.8418
-22.8136
-7.4367
-30.0312
-4.7131
30.7777
-7.9164
-5.9453
-19.0422
-39.0969
4.1025
-24.3914
-10.1984
-23.8780
-46.1750
-53.0438
-46.3008
-48.9594
1.7543
10.6926
-10.7537
-16.0979
18.0328
8.6594
55.5594
42.3688
30.8172
24.0867
3.2031
15.2766
-21.5642
-12.6487
2.7594
36.8023
3.9731
18.3523
-5.0844
38.5863
-55.4930
-10.8875
-45.9457
3.2801
9.0359
33.1078
51.7438
37.7746
-4.8883
-21.6445
-55.2180
-13.1387
7.6226
-7.2979
-13.5406
-27.4578
-29.0660
4.4082
-3.4012
-18.7551
-16.1746
-18.4254
20.1742
-21.0633
23.0055
-35.6473
42.4090
-3.4705
-20.1816
8.5429
-18.4688
37.5852
48.6180
-33.5875
-33.7180
-5.6144
33.3357
-13.8037
-1.7311
-12.0148
-0.7801
-28.2062
43.8227
33.8031
22.7743
-19.6494
17.5698
3.5236
-17.8059
-3.5941
0.1955
-16.2859
-1.2227
-6.7951
-6.9577
18.3910
-37.3141
41.0727
43.6430
42.9949
-48.4852
37.8086
19.9852
-38.5980
-14.3562
21.0617
48.8445
-56.8937
49.5570
-16.0939
11.9117
-12.0731
-2.9500
-16.8104
24.5305
23.2250
14.6425
-14.9141
-8.3834
-7.6494
-16.5672
36.4612
-47.7148
49.3836
42.1562
8.8463
1.8738
-16.7754
-3.1156
-28.9645
-19.1492
-7.2531
-37.7486
12.5941
-7.0801
5.2754
-43.8234
35.1305
13.9738
-31.9492
-51.9957
-1.7023
50.2805
20.1016
45.4750
57.8125
30.9562
-33.7922
20.0312
22.8703
48.0992
53.9859
44.2484
40.8470
-51.4416
40.9383
-3.4324
13.8148
-2.9656
-29.1230
-12.2939
-27.1430
-7.5289
1.8359
22.3438
-50.6000
-1.4809
-45.1307
-0.4466
-50.9068
45.8613
25.9227
-9.3115
-7.3227
-16.0750
14.8672
-12.2795
19.0941
0.0331
1.1790
-17.0738
41.5453
29.5712
-44.7135
-16.3926
11.0492
34.9263
-41.3852
-44.6770
18.3220
-64.4383
4.3180
-28.6156
48.6672
1.8883
5.1402
-0.7284
-23.6500
-7.1742
-0.2902
31.4461
42.4840
-12.2619
-1.3314
0.4908
-7.1590
32.4164
50.1914
-5.2609
-41.1805
12.6273
49.0422
49.1508
38.5957
-33.1937
-32.2180
0.9227
-18.4268
-36.0805
15.2730
13.3673
-8.6240
1.2957
42.6145
-32.5000
-18.0559
-11.3250
-8.0893
30.8164
39.6648
-12.6541
14.4662
-53.6537
1.3820
6.0102
-1.0617
17.2541
-0.2492
27.6914
33.3594
39.4122
-52.3263
-20.3734
40.9199
-55.1953
-5.0914
-9.5984
56.7344
39.3266
39.4664
17.7957
3.0437
-4.3285
52.0523
32.0922
33.1109
8.8668
-3.4352
23.5750
42.8914
22.2516
10.5305
10.7817
2.4914
-16.0008
-13.8026
10.6130
-43.5766
31.3820
37.7383
21.4969
50.1273
-10.3859
-50.2078
39.7784
-10.3422
10.4021
6.7297
-52.2305
-31.0648
31.5555
38.2961
-5.0047
50.6035
-14.4617
17.0087
0.8086
36.9562
-2.6816
42.3113
12.2462
6.4678
36.2712
-50.8672
-10.4961
-48.9141
33.6945
8.8395
-40.8703
56.9398
48.0266
-57.2711
-45.8551
22.9586
-46.4992
-9.8453
41.7539
53.3703
7.7446
-43.5059
-18.2810
-53.7102
-12.0789
-19.3383
-2.5727
17.9578
-32.9868
-33.3148
-5.5891
-11.7564
6.0706
9.9036
13.3813
-42.8797
-13.9611
28.9137
15.3180
11.7289
-27.5760
-26.4123
-16.5014
-4.8712
-2.8348
14.5867
2.3182
-26.8664
-49.0203
-47.9828
17.7559
10.1117
-29.1383
23.6984
-7.5590
38.9359
28.3656
4.3922
31.0443
-14.4375
30.2383
-27.9664
12.8188
34.0867
50.3695
31.1102
49.2203
38.3906
36.6602
42.2766
-43.7594
2.6361
-50.2156
15.5500
60.2352
21.0040
-4.4078
9.0461
-44.5879
-8.6812
-0.8672
-32.2172
23.7938
-2.0766
-8.9153
5.8141
-37.0375
26.0336
54.2633
6.9508
-15.9188
-54.0756
13.9576
15.1264
-18.3336
-6.1867
2.0246
-26.4850
-60.3211
34.3594
19.8625
44.3180
33.4555
30.1500
24.2743
-42.9906
47.7943
-3.7637
-23.0352
-44.7039
12.9766
20.2875
3.2281
-43.0836
-32.0396
32.0938
31.6375
-10.9945
-24.1039
37.4773
10.6743
-47.9127
-15.2672
-6.6037
-14.6187
-36.2352
-1.2707
-20.3117
-54.5516
38.1725
-35.5453
0.1193
-3.3578
-14.4016
-16.2867
31.8273
35.9781
-45.2004
6.8321
-6.7172
46.3742
28.2453
-31.4324
-6.3482
-18.0976
35.2812
-52.5744
48.7562
7.3782
15.0459
-12.4152
-27.5203
49.0581
-50.2055
-16.3910
13.9484
-17.7777
0.3199
-2.1875
20.9375
42.7398
50.1320
7.2648
-9.1617
-41.8086
-6.7491
-57.7555
-31.1035
6.3341
-6.8625
-39.2867
-11.1758
-23.9773
53.8273
10.2234
-7.3631
22.4679
41.7582
-12.5027
-16.7713
-2.6871
3.7818
-8.9900
13.0594
6.6023
43.5070
35.2898
20.1148
25.3500
24.9254
2.8102
1.5562
-44.6910
27.1422
-4.4231
1.3145
-19.2471
42.4977
40.5535
-16.1225
-34.9797
34.7154
-43.2398
31.6766
24.8914
9.6680
0.8008
11.3805
-40.3672
30.0141
56.0672
45.0875
49.1500
15.1070
56.8598
-19.8199
41.4133
48.6470
10.5562
11.6097
-8.5465
-43.4234
27.0430
-2.8482
-38.1484
-14.3078
-9.1207
4.4590
-46.3789
-17.9160
-0.6594
0.6887
-25.2121
0.7184
-51.2621
18.4047
28.1137
-9.7492
27.7258
-0.0859
-28.4250
-37.0727
14.8281
9.9298
11.3828
-52.6234
5.4480
-5.3559
-39.3530
32.7305
4.6795
-38.1553
51.3102
-53.2809
38.9594
-15.1281
-8.7727
55.5754
8.9408
7.8293
0.1672
-11.6707
20.4967
-15.1667
-4.2312
11.3891
33.4178
-34.8453
-18.4109
-54.7304
41.9208
-10.5180
-23.1367
-23.0078
21.5988
-5.8039
28.2334
1.1883
-9.6478
-48.7188
42.3273
25.6395
-28.8016
-43.7648
17.9039
-19.2156
-24.4646
-8.4367
-38.3098
21.3484
49.8047
16.8141
-7.4547
-4.6820
-15.6098
-21.3471
31.6301
-11.1211
12.3758
-10.5357
-12.0063
2.6070
1.0946
-37.6434
-5.8740
-39.1242
47.9195
42.2746
3.7652
-41.3898
-0.1781
36.8555
27.9492
-11.9477
56.7875
39.8875
-5.5895
-18.6532
-24.0328
49.5445
39.5906
-34.8937
6.4123
5.0008
-47.9453
-4.5977
-16.8512
-55.0727
-9.2371
2.7930
-9.1680
-60.0867
-0.9008
19.9064
-3.9141
-21.4523
-27.6211
28.1273
40.0484
-46.3096
51.1195
40.0617
-9.8789
-2.5785
-4.6713
-17.1965
-53.0371
5.6023
1.4807
-31.8654
-12.1646
45.2328
38.2266
46.3797
35.1227
-47.8375
4.7988
-52.4904
52.9068
-14.8422
-34.7531
-8.4874
7.5185
15.0490
13.5094
-0.8156
-5.9664
-8.3679
21.7563
-44.5398
-10.6078
58.6781
39.0773
-3.4684
7.1824
-54.1023
-11.9029
16.2977
-1.7772
12.6320
-8.3203
25.3475
15.2715
21.7922
1.7227
57.1551
-10.9129
-14.8809
-6.8297
35.0867
42.7336
29.8445
-8.1668
5.6360
5.8805
-23.4242
33.1250
-57.2570
4.0518
-6.8907
-24.7734
-45.4828
14.8156
-54.4719
47.1219
43.1867
58.2496
-15.5924
4.8656
-24.5646
-23.8358
-18.2471
56.2141
28.0086
52.4266
-10.0764
16.9439
4.5000
7.7039
-6.0660
-32.3215
34.7457
-7.3301
-0.4119
-28.8484
22.1953
34.5079
-35.1203
-19.9469
-11.4727
-41.0551
-12.7980
48.7789
43.6691
-15.9262
-17.4519
-13.6059
5.3066
-3.2000
45.2062
22.5570
3.1121
-6.9688
-25.3180
24.9078
8.2508
-16.2004
-19.4516
45.6375
30.7047
46.3461
27.8631
-33.9188
33.9218
-32.7117
-7.9063
39.0812
40.2391
38.3258
56.1422
22.4960
-52.6305
-7.2348
15.9352
-53.6406
-2.3387
-63.2266
-13.3922
-7.1250
-44.5398
-50.8859
4.3697
8.4081
-2.6642
-4.0496
-17.0281
-13.8727
-34.7387
40.3711
50.5593
-24.9691
-4.4663
-43.7636
-8.3867
2.2059
-53.7156
-45.3555
-26.9309
-8.1500
-25.6609
-2.6068
-26.9116
-20.2781
4.4926
-42.5615
21.7371
-41.0164
5.5449
39.0961
33.2633
24.7914
-21.5930
3.7807
-15.3371
-7.4895
11.9528
5.6605
-8.3984
-44.5297
6.1836
20.5191
-8.6979
6.4879
-41.9391
36.7141
52.4992
16.7316
-5.9652
-3.6672
-0.8409
-44.8094
-29.4003
16.7346
-27.7773
-17.0836
-46.4828
-7.9406
-44.5656
14.9409
-47.0352
-6.3482
-34.9844
4.3556
22.4836
-0.6625
-19.6711
9.1151
-12.6055
30.3523
-23.4817
44.3289
40.6875
56.1992
35.8867
45.1227
25.7602
42.3352
11.7918
32.1391
-24.5812
58.1672
-13.3348
-0.9152
-50.4437
12.8885
-7.4508
9.7684
43.4188
5.3047
18.5312
1.9578
15.7367
-11.9398
-12.0727
3.0631
30.3888
-60.7609
-5.8213
-45.5789
-14.8836
-26.3180
-3.0512
-39.1824
-13.6367
-0.7166
-15.3484
-53.4762
-9.6518
41.3195
-48.6422
27.0203
14.0975
0.5557
-37.1492
-61.1547
48.1055
-21.4578
-57.7410
4.6145
-22.0852
7.8924
-4.0828
-37.3063
-18.3586
7.0708
14.9672
-48.5353
44.9926
-2.0329
-54.3438
-30.7227
-46.2488
-10.6438
-50.1133
-47.8523
55.4359
53.5797
33.0375
-11.4305
47.1648
-58.3328
42.9398
53.0465
63.7591
-46.5184
37.1023
-60.7898
-50.1852
35.7500
-4.8145
-16.7906
-35.5539
17.1957
15.4984
-15.4746
-44.5438
4.6021
1.5590
-45.4711
-35.0356
-1.1922
-48.6117
47.2695
52.6289
-0.9324
-15.9582
48.9555
-40.6406
-4.9467
-22.3641
-13.5436
17.7557
47.9180
51.8027
-5.9999
-51.3211
-16.3438
27.0688
45.9859
35.5441
13.0039
-16.0107
-6.0691
-53.6500
43.0367
50.5766
40.4373
16.0207
30.1883
-11.5774
-36.3196
1.0936
-17.4848
52.8109
22.9295
-4.9242
11.7031
-29.4773
-30.6598
7.5092
3.3998
26.1063
-23.4961
-35.1912
-9.4078
3.9241
-1.1797
30.9906
47.0653
-47.0984
-48.8180
57.9758
46.0727
-1.3016
1.6529
5.5304
-22.9186
-6.7234
-10.7516
-48.1215
-1.0816
-61.6195
0.5658
-50.6977
26.2660
-23.1420
-20.7117
58.6375
5.3281
38.2688
3.4761
-44.5203
-0.0273
14.0078
13.3141
-15.8625
-36.9762
58.3141
-28.6906
34.4055
43.6375
47.2797
57.4266
19.5164
23.0547
-14.5672
-1.4703
50.4398
1.4487
-25.3766
-16.5797
-37.0938
53.9320
11.4852
29.2023
-2.7684
-30.1256
5.1652
-3.4234
5.5485
37.5742
-10.3125
50.6859
4.0098
-25.1035
4.5896
-43.9195
7.9774
-32.6784
56.3156
55.9688
57.8754
55.4320
37.4688
61.0453
45.3371
17.4969
-26.6775
-51.7719
-3.0219
-36.0117
-3.7166
-32.5037
-9.8973
-30.2863
-14.5316
-64.8414
39.1508
-26.4739
-45.9344
-35.7434
-18.0883
-4.2063
-14.3551
4.8367
21.7057
-39.9452
48.8836
46.4320
-4.2352
-58.4328
22.9320
2.7242
0.4398
-54.7854
25.3810
-54.9719
5.0613
7.3703
39.7164
58.0547
-11.9469
41.2203
34.8109
52.5672
59.9547
53.1297
42.9586
59.4167
-34.5249
-18.2004
35.5487
-44.1982
58.5023
53.2422
-46.5230
-20.5574
-50.4313
-9.2758
-18.9715
-39.2018
6.8152
-41.3555
-9.4559
31.9547
14.8974
30.2188
-45.0365
46.9453
46.1750
50.8336
30.5891
54.4402
-3.5656
-40.0814
9.5366
-10.5851
15.7055
0.6070
1.6273
-50.9031
43.0843
-56.3723
-6.4871
-2.0977
-14.0703
48.9969
42.0766
42.0441
56.7977
37.2414
40.0391
59.3469
43.0641
1.4889
-11.3227
39.6430
-5.8070
35.7836
60.6691
13.3262
-11.0414
-29.1219
-27.6039
-12.2242
4.9820
-5.8781
5.5023
9.0992
60.6188
44.9586
43.4957
9.8686
21.7117
55.2227
49.0383
49.6875
53.7852
14.0082
-56.5031
-50.3277
53.3526
-52.3641
-4.0305
-40.5625
-32.9305
-1.2431
7.2207
26.7777
5.6148
0.7308
-34.3445
-46.0578
0.1953
59.5383
17.4250
-52.9811
61.3992
33.1977
42.9227
61.3453
47.4227
13.7516
26.0031
10.6332
-30.4812
6.2668
-52.7098
9.0174
-10.1283
24.6773
4.9031
-2.9097
-4.8085
32.6068
-1.9316
-14.5887
51.2148
42.1156
33.7350
-17.1582
-6.3465
-27.1000
-35.0828
-20.5184
51.6570
43.1469
52.1741
-62.8492
-18.3469
-14.6118
-5.2957
-2.1598
4.9379
-1.2635
-44.9300
56.9016
47.9055
56.9289
39.0563
46.6633
44.4531
27.5990
9.5016
-1.4262
-8.7367
39.0547
51.4336
42.1602
3.4716
-51.4039
18.4715
-12.8796
-8.0612
12.0236
-16.3953
8.0475
25.6148
45.8781
36.7188
-26.0961
44.6766
37.1195
-6.9374
-26.0922
-22.3996
15.7787
12.2232
-19.2832
17.2863
-22.5672
-16.9697
2.5609
42.7062
16.9043
-38.7617
46.5492
-16.5727
44.3586
53.3766
38.7379
41.3820
57.8746
-10.7055
4.7262
-22.2422
-4.6071
-8.1852
-37.6672
25.0262
-4.5492
-6.8141
-59.1287
58.4395
7.3562
53.1898
46.8688
-11.6664
-22.5010
-32.4941
2.2621
-53.6703
7.3760
48.4703
51.7859
58.6078
21.3555
45.6156
15.3889
-14.1828
-1.8270
-27.7379
-0.1988
6.8578
45.8555
-5.3008
-60.4297
-9.4000
-54.6289
2.0834
-1.6701
-37.3846
-17.2156
10.6656
50.0246
6.4207
-7.8834
-53.1191
37.1445
-8.8107
-21.5936
-0.4680
-45.7000
12.8509
-16.7355
-0.2911
-36.8594
-12.7213
-56.7037
51.6344
49.6953
60.5617
50.1633
61.6133
53.9383
57.3008
43.4195
56.6289
52.9633
-24.8064
1.9660
14.5762
-18.4172
40.6338
-49.6383
-8.7605
26.8970
-2.2645
-32.6710
27.7812
50.6336
45.0766
-49.9453
-0.6645
-55.5366
54.5289
50.1484
58.2750
49.1000
9.8820
49.8953
-21.7716
-48.7480
-24.5039
18.7404
-15.6141
-54.9959
4.7973
5.2816
-9.2824
7.4246
-49.1852
41.5400
-56.4801
-4.5889
-56.5703
5.8262
-8.1367
-0.3000
1.8848
28.2167
-33.7984
3.4164
-6.4084
-25.7866
30.8844
50.4453
51.7734
48.1477
61.1203
51.7758
37.5961
44.6281
-13.1697
3.2320
52.8537
-33.7410
54.5070
43.0961
49.5602
47.3156
59.1977
39.6625
-1.6148
-58.3438
-43.4273
-46.3422
1.8932
-42.9867
50.1055
39.4227
9.0672
-8.0145
5.1023
51.7273
50.8023
-1.4258
54.7588
-52.1141
-16.0109
-4.1332
61.3547
36.1395
-3.8320
20.3906
-43.3113
-10.9652
56.9342
-18.1250
-61.1297
23.8766
-2.5418
-54.9303
44.1148
-2.8649
26.2844
43.1902
-8.1586
53.9250
1.0305
5.8355
-0.1568
32.0164
-4.1806
8.8656
-45.7047
-26.2555
-1.5656
44.4492
10.6797
4.9445
-7.9187
-24.1670
-42.9150
-8.5340
-2.8531
30.1773
51.5258
-37.7375
2.9056
-20.0692
-56.3027
-11.1781
41.5539
40.2375
34.7508
-1.6129
-4.5779
34.9450
-13.6917
-45.7984
-6.4957
-41.5852
58.6215
13.8046
-47.3707
4.5563
-30.7578
7.5766
-20.4078
-20.9815
-9.7926
33.0461
54.6281
59.6156
21.6746
-50.0922
0.2500
52.3477
55.3820
59.4508
-53.2273
-6.7143
-1.0090
4.0129
-17.9660
-12.3602
2.1496
-53.2192
51.1481
-57.2633
11.7302
-28.0328
11.9156
53.8602
-0.9199
17.5664
-54.0312
6.2286
-55.0594
29.4713
1.2250
14.8234
29.1725
-16.7570
21.1725
-10.4266
3.7788
-17.5645
0.4934
12.3609
-9.2359
-10.4598
9.9285
-3.7385
18.3393
0.1494
8.3017
-25.8156
53.4586
52.4313
19.2375
25.1492
-15.2242
7.1555
-5.8125
-19.5551
22.0459
-59.2313
-8.5587
22.8176
-30.1562
1.0792
-45.1066
-5.3680
-5.5840
-10.7641
0.4441
-18.9492
13.6930
-41.2969
1.3526
-10.5355
-9.5631
-7.5078
-28.5369
23.7485
-5.8289
-44.1109
58.3547
59.0969
34.5414
-0.6673
2.8768
4.4108
-0.8453
59.5074
-6.4734
46.2433
-52.0555
-9.0262
20.8391
-49.9512
-3.9727
53.7469
56.0766
56.2398
60.4184
-42.9967
59.2484
14.1268
15.9055
-4.0348
-6.3325
-18.6420
-6.4500
-59.2945
3.6976
-14.7529
32.5449
-1.2793
-35.6760
7.7576
27.8453
-6.3359
6.4977
43.7273
11.3383
17.7371
-34.6281
-14.2961
-9.9766
-0.2836
63.3712
-49.9582
7.7841
-6.6211
-2.9452
-17.3535
-1.1868
16.2613
-8.2695
-32.9550
-31.1211
51.5664
50.9188
55.3602
-6.6203
-34.6797
-0.6789
-18.2203
12.2504
-0.5575
-53.7102
-29.2992
-14.4375
-45.4527
10.6169
9.3977
4.9262
24.3923
-4.5359
-2.8518
-30.8188
-46.9922
-12.4563
8.7582
-1.8998
-48.5266
-21.1633
1.6641
-33.7613
-11.6562
-32.9227
37.3996
-20.7687
61.3672
47.7680
-9.3924
-2.8053
3.9910
-2.5451
-7.3086
23.7629
-2.2969
-5.3508
3.3516
59.2602
63.9238
44.2434
-19.2047
50.9555
-55.1242
57.0867
61.9195
26.0591
-56.6777
0.2297
-58.9809
46.6000
64.4414
1.7824
-14.6387
-14.9406
20.7854
-10.7588
-22.4414
-43.0992
63.0092
-40.3555
-43.2625
8.9257
-22.5477
-52.2820
47.4160
13.2145
22.4559
-2.3014
-35.3750
57.9797
55.6344
45.4094
47.5602
51.1384
-52.9883
0.7328
-2.8570
48.9195
-6.8273
-11.4273
-46.5844
-52.7965
21.0070
-1.2594
49.3523
51.2844
27.1242
58.9578
-41.8816
5.8422
6.5102
6.9770
-13.7336
46.0117
51.4641
-6.5969
-15.1900
-10.8470
-10.1215
1.2625
6.0820
-35.7902
-1.8086
-60.3156
51.4703
56.1906
14.5469
-56.2531
49.1453
48.3818
0.9227
-39.9941
51.0109
33.3820
12.0047
-16.8340
33.8672
31.4539
11.3238
21.4539
-12.3254
-34.8242
58.5398
41.1945
19.5105
-3.7188
4.6895
-38.1066
27.9422
17.8762
4.8934
31.3516
-10.2898
-31.6766
1.8906
12.4695
11.3744
-37.1307
-1.8402
-52.2250
5.0409
-4.8055
-19.1873
7.5883
-4.0385
-44.4463
-16.1383
-45.0133
-7.4898
55.2299
-43.5102
-1.6012
14.9538
9.7428
8.3995
-0.0909
-18.9988
-13.9379
4.3117
-20.7078
40.8492
56.3672
45.1109
57.6398
39.3512
20.7375
56.1852
-6.7048
6.6573
4.1006
-12.6667
-40.2867
57.4516
-53.7680
57.1227
20.1559
-4.1230
10.9922
-63.1750
-10.9936
-58.4464
-58.5398
-5.8699
-57.6531
34.4664
54.2250
53.9609
64.5102
53.6941
31.9172
25.0914
-2.4352
7.0213
-0.4813
-48.0852
-3.6281
-6.6062
-3.0941
22.5586
-52.2773
57.8000
62.8891
56.3055
46.5555
50.4781
46.9313
28.3713
-60.4117
49.6523
11.6762
-8.3348
-10.9404
-61.9094
-33.7641
10.6440
33.8172
-15.3379
0.8171
-52.5797
15.1281
62.3344
-11.2106
17.2197
-17.3367
-58.7602
-47.0922
31.9813
19.4855
1.9203
13.4902
-15.1918
53.1813
32.8037
-27.4078
60.2938
47.8605
-12.9156
-5.8861
26.5305
3.9219
3.9871
-40.3853
-14.8539
-46.5661
7.0277
-44.2219
-8.4793
5.6219
-11.4732
-67.7867
-19.2359
-51.9789
10.7602
-12.2508
-7.1512
-63.3719
-4.9688
54.7364
-57.4625
-7.1664
-12.4809
14.4799
-3.4530
11.6703
-4.5037
-1.0875
-5.1312
13.9638
4.7227
-13.2469
41.7906
59.6824
-25.2758
-13.7719
46.6664
59.5766
57.5758
31.8102
53.9570
40.7547
60.1070
57.6750
48.0668
-61.4027
56.4348
-6.5578
29.2926
-8.5715
-35.0059
-15.0328
-8.6983
7.8465
-26.4893
18.5071
-11.2527
7.2654
-24.8445
56.2391
53.0805
59.3422
60.5836
56.2078
46.6875
55.7422
62.5867
-2.1917
-36.5922
66.6263
-38.9047
-18.4477
-5.7691
-54.2508
10.7000
-30.7336
41.3977
55.7242
24.7301
2.9514
51.6805
48.2539
-20.9406
6.8279
-4.7219
56.9500
63.3977
-0.7273
-50.9711
-40.0719
30.9391
31.1979
-25.7633
41.1852
17.7512
-43.7602
34.1586
48.6625
57.8273
49.9672
38.2344
61.3633
57.7102
57.3789
-50.4078
45.5078
34.9051
0.1621
-7.1188
-3.2465
48.6898
61.8914
57.5469
56.0148
52.1422
38.3547
57.3477
54.2492
-58.4242
-6.5773
-4.0692
4.8238
50.3469
6.4517
5.4266
-38.0859
-43.3520
6.4787
16.4648
51.4031
15.9996
-29.2789
-12.6880
-17.7078
-28.2703
-66.2871
57.0891
-2.9996
-45.0322
55.4305
-10.4264
-58.4805
-40.2316
-22.4164
-39.1273
-48.6445
7.4969
-48.9211
45.0648
57.0742
58.1969
27.7289
-6.5250
-42.0477
-21.3332
53.3711
-9.9656
59.6418
-4.3713
0.9070
-35.0273
54.0594
54.6375
59.6914
50.6453
47.6484
49.2922
23.1168
15.9938
-55.7434
52.9266
31.4555
48.8043
-52.2793
4.9449
4.6371
-10.7547
60.6359
46.6542
-58.5859
-7.0816
-8.2844
47.2141
60.0133
61.1828
35.4891
33.8609
-21.7437
23.9029
-18.7203
16.0885
-1.1867
0.1846
-5.3410
51.0141
51.8625
37.6398
42.3173
-65.3862
-0.2594
-31.0676
21.8936
-9.5387
27.2195
52.0289
60.8020
25.1023
36.2062
50.9445
44.8578
-52.0273
53.0664
36.7953
-5.7008
-47.0991
40.1377
28.7568
-9.4172
-26.6680
57.1633
62.2344
52.4078
-2.7404
-1.5264
-60.3781
45.5613
17.5589
8.3512
-3.6176
15.7680
-0.3668
16.0332
-40.8453
57.0766
50.4984
61.0492
54.7680
-1.0508
-10.5754
29.4781
66.1852
54.4758
55.2953
56.4578
60.6703
47.7141
55.2977
37.4492
60.1102
57.9742
51.5969
61.7883
54.8414
-6.5539
34.2062
-55.5094
24.9288
-43.4383
-55.5953
-16.2160
-51.6875
5.4783
-3.0078
1.5176
55.4172
45.5492
45.9914
41.9359
-13.6797
-45.8086
-2.6900
9.9934
-13.3781
50.0336
53.3250
60.4461
59.2133
50.1719
50.9203
58.7461
53.0586
27.5695
18.0812
5.5652
6.2369
-15.7164
-34.8500
-48.3496
19.3314
-67.1820
51.1023
23.5559
-22.1379
48.5453
56.6973
24.6096
-0.2281
67.0878
-63.3219
24.2457
-59.5371
49.4148
51.9602
14.7861
-21.6777
9.2500
-7.0192
-15.6305
-0.5189
-15.9877
46.1320
56.2484
50.2141
0.1437
-42.6836
-63.1852
23.5109
48.6336
52.1633
6.9484
9.7351
35.6906
37.9758
57.7695
55.6180
66.4574
8.4914
-16.1023
-37.5031
56.8656
58.2039
54.7570
53.2547
50.8789
44.1437
-8.6180
-26.5812
16.0867
34.5742
-15.3252
-8.1736
-36.6266
-27.7070
-13.6238
-18.6305
-6.1729
-48.3754
-16.8068
-41.9875
1.2609
4.9350
-6.8082
42.6937
57.6672
52.0164
48.8750
-17.8797
-53.8527
24.0140
-15.2900
62.3187
51.0387
42.8211
-1.9804
19.9254
10.6219
-40.0492
49.0148
44.7535
-5.7672
-45.9914
57.1703
48.4609
56.3320
60.7977
-7.5531
-9.0482
-16.7074
-68.3512
45.7934
2.3430
-53.6578
11.1875
-40.0914
14.3875
32.4484
63.0797
56.9586
35.3078
60.2516
62.3992
60.1008
55.8781
60.6813
56.3664
55.8094
60.6820
44.2258
58.7562
59.2922
55.2656
23.9023
53.9930
25.2648
61.5094
21.8730
-0.6156
3.8934
-10.4750
14.3008
-53.9605
8.2867
0.5411
8.0671
-0.8988
24.1898
28.3277
4.3271
-15.7500
-0.0683
-6.8633
-12.8172
4.5984
10.5277
22.4875
-46.7750
-5.3006
7.2973
-11.9047
-44.6910
40.9898
48.9344
47.1414
53.2117
34.8648
5.7492
-6.3867
1.1176
-54.4926
6.1898
-47.9628
-22.3935
-59.4359
-14.9172
-52.2395
43.9188
58.6633
59.7586
50.4281
18.4076
9.2824
-23.1133
-47.0461
-7.6562
60.7398
57.2500
55.3586
60.6883
17.8020
-39.2824
-9.3773
-28.8648
54.1391
63.1273
61.4758
43.3453
65.5234
70.7103
-48.5609
12.4934
-10.1621
-58.2031
-4.8578
-41.7406
-9.3199
29.8109
-0.1082
36.5914
58.5062
57.2031
38.6844
61.5305
58.6180
64.6820
13.4244
-39.6297
-15.8512
47.8996
36.4141
3.8410
31.6352
43.9602
52.0410
-18.9605
13.1863
7.6734
7.0371
6.1465
8.3664
-24.9843
44.5275
3.2855
49.5422
60.1273
61.7852
54.9375
5.1614
8.5201
-20.6531
-1.1948
3.2000
34.5840
-38.1023
-11.5734
-8.2322
-23.2687
-26.6791
2.6611
7.7348
24.0424
-41.9332
3.8330
-2.8133
-56.4344
14.9674
-12.6607
-8.4682
13.0602
-56.1023
-5.7648
-22.4820
-12.7375
7.4789
28.3369
-9.4348
11.1854
0.0410
-8.6859
-36.3594
-6.3219
-59.2578
6.0852
-50.7594
1.7555
-61.9478
49.6695
60.2664
62.7273
51.2844
-1.8477
24.2634
-5.1289
-61.9273
1.4508
-12.0383
-46.9445
-60.5953
-6.8156
-5.7816
-28.7900
48.9109
-14.5398
-62.4393
50.8742
61.2586
54.6711
28.4305
60.4086
46.7180
-15.3297
-52.4977
-9.2822
20.2945
-2.5150
-55.0312
-20.5788
55.9664
58.4293
-10.2324
-55.5857
-5.5414
54.3148
57.6445
50.9211
54.0539
51.8773
-0.5797
-49.5992
-7.4563
-41.3141
60.0250
47.0820
46.9391
25.1344
65.4340
-18.1477
57.0031
35.2762
1.6367
-11.5883
21.0742
3.2195
-5.1313
1.4660
-0.0854
16.3707
24.1965
20.3680
-13.9477
20.4750
-3.7562
-41.3969
23.3781
-44.0930
8.6313
-29.5055
23.5816
5.7973
-15.9187
-8.9555
-24.8070
57.5062
51.2625
54.8742
60.9688
40.5344
59.5656
59.3148
51.9492
37.0008
19.5920
-32.9217
-39.6063
27.2427
-3.9223
46.2211
-4.7524
-58.5996
9.0625
55.1172
63.6617
52.5523
62.8297
44.2766
53.9922
45.1930
41.8641
62.3969
25.0531
61.3734
60.7062
-3.3529
-42.1469
-0.6706
-2.6594
53.4773
62.2188
-9.0336
-37.0094
7.3527
3.0750
-32.7344
27.5574
1.8570
57.2414
14.7111
-20.0320
7.8172
60.3422
39.8418
-27.9031
8.0718
0.8375
-51.0664
-19.0281
-19.0523
7.2523
3.3867
5.8453
-4.4084
-3.3249
-25.8750
4.1164
31.7563
-1.5297
61.8703
60.7242
56.1250
61.3391
58.6742
62.7977
58.1109
61.3008
58.8555
59.6891
36.7133
62.6234
52.8312
56.6602
57.2523
52.1250
51.8955
-23.5348
-24.0992
-26.1367
-54.9012
5.2719
60.0984
54.1258
59.3692
-51.1582
61.8563
62.1883
61.5781
60.7219
56.3906
63.6727
52.3672
51.7168
-25.1344
-47.3988
1.5242
-2.7661
-2.4949
6.7453
-65.0594
-47.2759
61.4945
59.7703
62.0125
53.8297
46.8039
16.1008
11.7602
-3.0563
-8.6414
-3.6514
-44.9387
56.2797
57.9367
63.9797
56.8672
59.0891
52.4641
63.8937
54.0242
64.9273
48.8016
59.3195
59.9180
57.0250
58.1820
55.6937
54.0125
60.8883
60.6750
38.5414
55.5328
2.8556
-21.9937
-8.3930
12.3748
-31.8166
59.3211
59.4641
61.4430
66.7977
-12.8805
32.3922
-46.4627
-9.2258
-59.3078
-33.6586
-6.7891
24.2520
-18.6299
-70.6332
59.2727
-28.3643
15.8297
-54.7828
-62.0273
-46.8430
62.2820
63.8320
63.2086
46.2461
-7.7558
-42.0590
-8.5512
-40.1697
-62.6328
54.0836
60.0492
55.6258
54.7062
62.2867
43.4766
-16.6559
30.0227
30.6758
-16.2488
61.0109
59.3641
45.6875
45.0930
64.8680
63.2203
61.4641
63.0438
63.2609
61.0789
54.9391
40.5898
3.1475
-6.2479
48.0500
59.3031
-1.4953
-0.9563
-47.1551
-66.0320
15.3275
-22.2801
8.1566
20.3769
-13.8414
-12.9312
54.0305
61.6203
63.9656
60.3648
61.2102
57.3758
50.4813
25.5793
-44.6078
-34.0238
25.1070
-5.9891
57.5836
54.5656
54.1398
26.8695
-29.9030
-12.6598
-49.3152
55.7625
3.3672
0.7752
-8.9719
20.3180
-2.5965
-51.6797
-4.2102
54.0320
60.9953
53.8891
59.3891
59.9422
52.4898
58.5875
53.6344
60.6195
58.6898
63.3777
20.8617
-1.8762
49.2844
-39.4422
11.7406
-54.4508
15.3875
-19.6586
24.5249
-62.3832
58.4328
62.9609
62.1688
41.4359
61.9758
44.7477
-25.9125
5.4119
-11.2438
-52.0227
15.7000
60.8477
62.2359
44.6258
61.4281
49.9016
55.4203
19.4449
-64.3219
-22.8992
-51.1078
62.4309
-42.1875
62.8156
56.4562
31.0969
60.1406
58.9008
58.7125
57.0969
59.8465
-24.1949
17.5852
-23.6469
-1.6507
-57.0945
58.7687
51.2309
-3.8293
-58.7398
-35.2443
22.4609
-53.2520
50.6064
18.7797
-56.5023
53.7648
60.3828
55.7469
62.3945
52.9430
22.2359
59.9734
62.2977
61.9867
54.6992
-10.7039
8.7930
10.3567
-3.8883
-59.2203
60.1227
62.2352
52.6125
62.4750
56.6461
56.5070
63.6117
56.9555
58.9492
49.6813
58.6086
63.1539
55.1953
50.9734
64.2746
-55.1492
11.3398
61.9188
61.7812
50.3199
-1.0885
-34.2279
-4.3836
-0.5781
-5.1555
2.6055
6.7508
-38.1766
-10.7691
-25.8922
46.0047
52.7016
61.8469
54.6969
39.8328
3.7664
61.6383
60.5836
63.0187
42.3281
18.7734
7.9848
33.6617
58.4953
62.2742
61.5500
60.6734
59.4453
32.2828
45.0680
-5.8461
-9.2298
43.0484
58.5406
58.3516
54.2703
63.2945
27.1527
5.4445
28.6410
-16.5469
5.8680
-2.5140
8.4187
-2.7961
4.2949
-7.4887
0.2633
-12.5324
-5.1742
-16.0949
-65.6000
-38.3641
56.7430
52.3664
19.1633
49.3984
-35.8625
-59.2547
59.2023
7.5474
2.9453
22.7209
-55.8750
56.2703
60.5117
53.5297
62.5352
65.3201
15.8816
22.5168
-0.6496
4.4141
-27.2059
5.5481
-8.3320
-45.1977
64.3258
40.6105
-6.5336
-9.8846
-51.4047
60.4883
64.8078
60.2367
56.9102
56.4664
16.8070
-3.3457
58.0707
-5.2758
62.2367
21.6145
11.9970
-3.4676
5.8148
52.0031
61.9266
14.2027
27.3869
-15.5246
6.0213
-2.3281
41.3309
0.9059
-43.3477
-13.8750
-45.0957
26.6031
-4.6920
46.8691
11.0285
-61.2281
-4.9923
26.5094
-41.3957
-13.3000
0.3746
-7.3842
27.0680
6.8254
-23.6516
-53.2426
-11.9377
-31.0883
-61.7344
-53.8262
-5.8211
-59.3312
16.5361
-5.9969
8.0225
18.1945
56.0164
60.8445
65.7293
-47.6539
14.8898
-26.5064
-33.9773
-14.3457
-11.8441
4.2279
3.8460
-6.4732
16.9980
-53.7602
7.5195
55.8344
56.6344
64.2719
15.1977
-53.4437
3.4695
-60.2469
17.3531
10.3660
-1.4857
55.6102
59.7055
54.0625
54.0508
51.8797
-4.6816
31.8457
4.9648
29.4887
-4.8445
62.8961
10.0229
34.7133
-5.9469
22.9542
-21.4539
3.7805
-56.6094
0.7555
-6.2636
-56.5568
55.1836
59.9672
47.6371
-19.0875
52.8797
58.7344
61.2062
59.9625
56.3883
45.9266
58.7219
58.7344
60.6180
56.4188
57.7523
52.5258
61.4383
56.2344
53.9922
60.9125
62.1461
57.8633
60.9750
16.0375
59.1820
58.5742
63.0234
60.5016
59.6992
61.3398
59.2219
61.5766
60.9156
61.5789
61.4406
63.0328
40.8203
-60.1758
36.3059
-3.3238
-20.0832
14.4656
-4.5432
58.6570
60.8641
59.9336
61.0031
66.3289
32.8187
48.7695
58.3547
63.2023
60.0641
49.7617
57.9695
62.4344
-6.6719
-12.3947
25.8297
2.7140
3.4813
11.9664
3.4770
-6.0719
56.7781
60.0219
59.5984
63.5023
62.4375
60.7453
60.8078
56.5312
57.7578
64.1820
48.7898
63.4250
56.4531
60.5500
60.4820
61.3156
56.2203
60.6609
57.0977
60.5977
63.1281
59.2672
58.5609
59.0945
63.6383
56.9531
51.5000
56.4016
-5.2891
48.6703
48.7695
-1.6879
-10.7465
-7.5727
-57.8812
36.6578
63.1523
37.9820
1.7658
-2.8340
-52.1191
13.8008
-60.8268
62.4406
60.1328
58.2172
33.1039
-5.6172
5.2214
-8.6848
-0.4811
-60.4697
21.0988
11.1258
-15.7449
4.9930
-3.2322
-26.1367
-54.6484
56.5844
61.4992
62.1945
59.7117
58.9523
57.5992
60.4336
59.9477
52.6203
63.7000
60.5211
65.8898
47.1570
64.4664
58.4781
59.9492
62.5344
4.6883
-11.9266
64.5000
57.3219
61.8297
61.1586
58.0602
60.0953
45.3508
-11.8467
-55.2520
-2.9781
-12.8648
48.7898
12.1086
-37.8187
10.5734
14.5656
0.6252
-18.7250
59.4094
57.5664
19.2836
-5.9953
-38.9813
20.2219
60.7398
60.3328
60.0398
61.1031
58.5117
60.3555
54.8109
57.7148
62.2922
61.0625
57.8445
62.9664
56.9891
58.7141
58.4984
40.3945
57.6109
47.0156
59.5250
58.7656
59.8891
56.0031
58.6422
61.3781
61.8859
58.1195
62.2727
61.5578
59.9266
60.7133
57.8594
61.4148
59.6547
58.7258
57.3336
59.9562
56.3672
61.1594
59.1531
62.3547
60.2516
51.2352
61.0203
57.7000
60.9641
62.4336
57.1367
63.5852
53.1578
34.0283
-7.3438
3.4807
11.5789
-17.7297
16.2586
23.7340
-33.5047
-47.0816
-53.3953
54.1406
59.4344
58.3883
62.7773
62.9219
56.4297
59.3594
60.6172
60.3297
58.6234
60.9422
46.2209
26.0547
-32.6383
-46.8484
14.9915
-11.5227
-58.6414
10.3328
-62.0039
15.5570
1.7445
20.1422
-21.6902
22.9477
5.2305
-25.1493
63.7539
63.0687
60.4656
52.0500
61.3148
61.3969
57.9719
58.7938
63.6063
61.3563
60.2438
61.0781
57.9305
63.6762
48.8930
-55.1945
-22.0115
43.2574
-34.2836
23.9250
-2.1727
-59.6937
-17.4680
61.1586
50.4844
14.4312
-21.1227
-12.1062
-43.5840
-8.9939
62.9711
61.2984
60.1688
56.0250
57.4562
61.2984
11.0477
57.8719
62.1594
33.4568
20.2258
-13.7734
-23.2945
-7.5754
-34.1461
-41.2922
-11.7570
48.4461
58.5570
57.5172
60.1969
59.3516
59.6547
59.8219
61.4125
61.1453
5.6988
15.0312
-60.1709
31.0070
24.2660
0.8367
36.1676
-29.6461
59.0164
54.8953
60.4773
55.9117
59.3516
63.0852
63.3539
59.3563
62.0563
45.0211
62.8422
63.8094
60.5977
62.6578
59.9984
55.6750
61.2859
62.3773
63.0289
62.5336
55.3953
62.1805
54.9344
66.7523
63.1281
30.2256
-3.4918
-5.3773
-8.5430
-2.9703
-63.7766
62.7305
30.1672
43.6797
59.9102
58.2961
0.0414
2.9728
-8.7281
-25.4266
54.1766
61.1305
59.3594
60.2305
61.3148
60.4477
59.8531
62.6258
58.5906
61.5078
57.8648
61.2141
-6.1617
2.1080
-9.9986
47.0629
-59.4281
-4.0852
8.5953
60.1258
62.8922
62.8141
66.3812
-40.8336
62.8836
63.1813
61.4031
61.8305
61.0516
58.1344
63.0250
58.6148
61.5484
62.6094
33.7094
55.3969
61.3641
58.0852
60.3039
62.2039
60.5687
63.4555
64.9125
61.0664
62.2188
60.2687
65.4727
62.4828
0.6516
7.5408
-11.0256
31.0328
-8.2079
31.8246
-2.3078
-2.3430
-54.7039
-17.2293
-54.0877
19.2875
58.3281
61.7492
60.8570
62.9055
60.3609
61.1492
60.2367
61.5391
24.0961
-7.7230
-35.1484
62.9000
62.2344
61.4102
50.0805
62.1648
62.0242
59.3000
57.0750
62.7234
58.6297
60.9156
-55.3258
-6.5570
-20.5660
-0.8641
28.0605
-6.3944
56.3352
59.7305
61.7523
61.8297
60.2516
63.4570
59.3359
66.3590
35.5039
61.8176
49.6484
60.6086
62.3273
63.7750
37.5633
-51.9723
7.9965
7.7859
-63.1680
15.7288
-56.7242
60.6891
63.9055
63.7039
62.0992
69.9598
-54.2074
41.9641
-0.2773
-3.5094
-35.0262
-1.3852
-18.9535
-0.9854
-48.7836
32.9301
6.4525
-1.8164
13.3180
5.4301
11.5074
21.1871
9.8262
16.3195
17.0322
-58.3861
20.8230
-11.1461
-1.3922
28.1590
-9.5723
25.5120
-56.3695
-58.1660
5.2727
-5.7297
56.3992
51.7383
-4.1582
11.2738
4.9187
12.4719
8.7367
2.8706
-5.1727
25.0262
7.7293
-1.0203
14.9570
-39.2320
0.9105
-58.3066
54.2086
62.8320
69.8847
-49.6695
53.2539
21.3312
-2.1451
60.3070
57.0648
60.7789
61.3797
15.4931
-67.1086
-15.1219
-0.5217
64.3336
62.6641
59.6250
57.2867
58.6813
63.5328
62.3586
62.8055
10.4322
5.5547
-52.4551
1.8039
-49.6953
63.6953
59.4695
58.0469
57.4992
60.7531
61.2086
26.3770
59.2344
53.7656
-2.7404
-2.5121
3.0367
62.2703
-0.6039
61.9070
62.1422
61.0477
-0.2609
5.6000
-60.0172
10.2906
-29.1086
5.5184
-0.3992
-46.7551
-22.9070
1.3676
0.7953
-23.2188
-3.2254
1.6762
0.8055
24.4852
-57.5039
4.5828
11.0555
18.1617
40.4580
2.1182
0.6078
36.7064
-57.5320
60.6484
45.7859
62.9328
59.0211
62.5359
57.0711
67.4762
-49.0742
55.0805
58.5922
57.0711
63.7430
60.0758
63.3844
62.1469
60.0773
63.8039
59.1047
60.2156
60.1516
60.7094
23.1406
-26.4742
3.2675
-65.7568
8.4633
58.5672
60.2912
-57.3281
55.6547
34.4688
65.3133
60.2258
59.3516
60.1227
60.8367
59.1406
58.5477
62.6422
63.0641
59.3516
62.2453
63.1250
57.0719
58.5875
57.9492
58.5672
63.2273
57.0320
-52.8391
20.1938
14.3102
5.6625
-7.9516
-10.2725
43.8781
63.7578
62.5234
64.5922
58.9914
47.8656
62.9125
58.6109
61.6133
60.2594
59.3516
54.8344
60.2492
57.0711
59.3516
62.0266
60.6695
62.9625
65.3602
61.1375
57.2570
58.5852
62.9891
59.3047
43.9117
0.6141
-22.8687
5.1773
-3.8252
-31.3691
-21.1391
2.0121
-41.0156
-55.3625
63.8148
61.5086
62.0414
57.1875
59.3414
58.7258
62.4867
59.0484
58.0906
-12.2330
-41.0969
14.9410
-50.2406
60.2156
57.1492
62.7469
42.3430
8.1017
10.8922
18.2848
-10.9715
-11.5945
17.4078
-7.0523
0.2279
-0.5024
-35.5221
62.2313
61.2328
60.6117
54.6391
61.9875
58.5117
57.0711
60.6984
58.5117
38.0734
65.0344
57.8453
60.3227
61.4344
60.3453
62.9359
65.1484
-63.0727
8.0469
-75.0484
5.4031
53.3539
62.0250
59.0133
64.8547
33.1758
62.6695
60.4586
61.0055
65.7500
13.6234
46.3305
2.8227
-70.7539
45.1242
-4.2273
-41.2711
-57.3238
1.9992
58.6609
60.7430
2.7578
-59.6793
-60.6141
62.2992
59.4680
57.0711
60.8945
57.1047
57.2562
-1.0219
-47.1877
24.1492
-42.2152
62.9078
59.3453
62.1219
59.4102
62.6215
-16.3131
-55.9832
42.2223
-35.7475
31.0824
10.6965
19.6094
-2.2287
1.6047
-31.2125
-0.8750
11.8742
9.4641
-0.7961
59.5328
63.6586
61.7758
59.1648
58.9086
63.1633
61.4297
61.6273
60.0102
58.5469
62.3219
62.9711
60.2719
22.3781
-16.7867
-12.8984
-5.4507
-48.1383
-50.2445
2.1133
25.1094
-60.1615
-0.0703
-67.4187
59.4352
62.9375
58.8117
57.8328
60.0563
64.3766
16.7434
4.5566
59.9594
63.2812
-1.3574
19.0023
8.3828
18.7953
-10.9875
-43.9336
-29.0008
-59.5922
62.2394
-55.6461
62.1555
63.7766
61.9898
63.6391
62.2070
61.3039
59.6211
59.2313
60.2273
61.3523
59.4914
61.4711
31.3148
-0.9285
54.1117
61.1703
63.6688
63.7516
61.9844
59.9562
60.1523
38.3805
13.0189
9.0523
3.0719
11.6609
-48.3543
55.7672
58.2234
-57.5672
1.6572
-1.4757
4.0535
-6.9473
6.6578
-40.2922
13.1348
20.9301
-5.0699
64.0609
62.1547
61.2203
63.0336
60.9453
56.3875
61.6859
70.2259
-43.5656
-14.9511
50.0328
-3.1602
-37.5646
16.1449
5.0080
18.0203
0.1864
-21.0328
-34.6344
11.7269
-55.1777
1.4664
1.3204
12.5674
-7.5233
-42.1156
-7.5545
-13.2320
-11.4164
8.7469
-64.3820
-31.3082
-1.6596
12.1020
-48.4922
13.3211
18.2898
63.6508
58.3785
14.0938
31.1906
4.6828
2.0391
59.9023
61.6906
61.7625
59.9039
60.2508
3.6785
-27.5999
-51.6598
60.0602
62.8922
58.5992
59.3523
61.4469
63.5828
59.0148
60.6000
62.6422
61.1945
60.7516
62.1422
-33.8469
34.0395
-54.1430
27.1391
15.2803
-42.0053
46.4672
59.3516
55.5328
63.0953
62.9469
58.8984
60.7648
57.3359
61.2898
59.3516
63.0680
61.5844
57.1102
68.1776
-44.6516
62.8555
54.6883
60.5812
56.1805
62.0469
58.5992
60.7547
64.7063
58.9242
61.0617
62.4773
23.4484
4.9824
27.9982
-24.8914
62.2414
58.6008
58.4477
57.0031
55.8008
54.9922
57.0750
61.9781
55.7812
62.9961
59.0266
60.0984
61.8492
62.9766
60.0523
61.7031
59.3516
57.3500
59.4914
61.5602
62.1148
59.8438
59.6539
59.2898
60.5711
-9.8980
-22.8141
5.7711
62.4961
58.4039
62.6516
49.5820
60.3617
39.3563
55.8516
59.8102
65.4109
40.9273
62.2219
59.3641
54.8328
61.5578
57.2398
62.0281
62.6648
58.6211
60.5609
60.2258
57.1406
59.2484
63.8555
60.8344
59.4313
62.1391
59.8047
63.6375
62.8578
66.8664
55.5914
60.0563
58.5117
61.0055
60.8367
58.7461
60.8008
63.7336
57.8922
62.2344
58.5672
58.5617
57.8125
58.5117
60.8734
59.3516
60.2477
62.1102
63.4734
54.8141
61.9891
62.4047
62.6336
59.4391
62.7180
58.2781
46.7438
59.2016
58.9070
60.3086
59.3516
65.3836
30.5961
12.8844
16.2578
61.0094
59.3094
55.1516
58.5141
60.2297
60.4898
59.9234
62.0008
59.0234
