228.3331
257.8399
246.5644
108.9838
187.5904
69.7414
92.1919
191.4992
151.7534
202.5953
312.4932
275.6665
201.8957
241.1452
159.7844
52.8158
43.7582
122.4014
219.4993
326.5899
509.7412
195.8274
355.3561
128.3839
145.9822
115.7832
199.6213
479.1072
364.0938
157.5187
281.1301
117.3649
114.4863
279.1851
117.2705
123.7218
132.6076
237.4038
452.3372
133.3481
193.7021
113.9448
85.3214
284.5587
614.1919
395.9296
129.4565
209.3592
184.5460
208.1606
399.8083
137.5137
72.0989
75.1294
141.4417
333.0189
409.0139
315.9348
615.8697
281.1799
604.0688
393.2720
200.8188
271.3833
230.8843
271.2739
76.3919
122.3387
239.7594
409.4334
269.6764
505.6616
245.4985
67.4538
76.7806
112.2019
338.9638
301.4818
192.7899
358.3500
99.9895
384.7498
601.0560
180.7366
142.4050
133.5209
257.6727
250.9423
373.3335
181.6101
185.8393
244.7962
181.3387
310.3562
308.2140
113.0438
295.7542
149.3869
86.7795
107.2577
67.0686
166.7248
339.8044
186.3380
489.0269
697.0864
514.1745
297.4465
518.5180
161.1064
134.9008
86.3571
246.2484
239.3034
184.4086
251.4332
292.5505
150.7881
168.7166
260.7027
180.7146
309.4681
527.0701
147.1323
114.3885
247.5147
92.5879
412.7708
269.9100
116.5694
313.6226
150.1158
115.2578
117.2311
261.7959
521.1038
62.2214
174.7650
310.7663
89.4608
136.3074
201.2455
338.1772
124.2768
127.2663
92.3294
147.9160
353.8231
455.7924
285.0411
302.2514
403.2928
74.4617
50.3733
102.9773
164.3674
114.3302
260.0948
203.7499
127.7172
220.5878
40.9181
109.3106
389.1991
352.6924
364.0495
516.0184
252.5532
255.8446
164.1700
160.2172
194.4753
367.7967
119.1779
261.3999
325.2418
113.1940
193.2139
92.5526
223.4244
384.9206
127.6522
254.7716
475.7758
485.0345
197.7907
81.9617
244.8879
427.2884
294.9737
192.4975
129.2160
199.1995
249.6817
122.2984
460.5519
631.6848
501.4485
488.7294
336.2972
326.7019
391.2203
202.9161
573.4892
397.3485
71.3469
205.7111
306.9250
424.7487
159.3881
187.1209
237.5106
123.5938
137.3527
232.7493
244.6366
144.5843
281.8812
192.7913
251.2067
493.2533
230.3753
188.9310
105.8760
220.4761
555.8622
405.2043
122.9863
51.6612
88.7447
211.0895
168.2080
231.0224
525.4064
416.7512
140.6323
98.8817
96.0771
199.5361
509.3211
405.5229
133.6011
348.0761
134.7700
64.3146
264.9652
487.3840
148.5895
126.5408
128.3724
163.6772
107.7786
390.3960
556.4927
187.8155
70.2376
296.2202
586.4548
151.9872
183.8819
249.4791
197.7079
531.1932
435.8982
154.1959
177.2536
642.3147
587.6111
256.2012
439.4397
271.8110
70.7560
84.4058
192.2330
446.3586
170.8584
235.4128
233.4918
358.5202
279.2154
455.3933
55.0382
101.5369
90.2209
319.3170
574.3927
98.5804
92.3925
70.6856
191.0644
343.2972
188.3611
349.9363
693.0680
649.0310
568.0234
315.6744
329.0740
175.4855
323.2525
173.1385
64.5914
205.0727
69.3063
116.2100
247.7716
184.0209
454.4792
638.6584
415.3701
462.8323
432.1942
79.4065
106.2080
270.3772
560.5794
536.7723
269.2173
171.3546
461.2571
453.1117
75.4485
97.8594
189.8267
150.4033
206.3520
89.7859
149.9069
325.3308
183.5423
172.0798
284.4257
103.4074
274.7468
327.3932
223.2888
211.4153
283.9208
138.2534
226.6606
159.1868
103.3069
248.3227
478.2909
238.4365
361.5113
187.9274
171.8733
205.7964
128.6574
365.0423
464.7372
182.2510
454.1672
477.0678
560.8003
567.4628
480.9310
96.3713
236.3807
408.3559
172.1750
349.1314
548.0405
292.2638
173.2562
83.1525
149.3115
140.3504
320.0419
537.9747
141.8248
126.0145
66.0682
88.4348
119.6722
183.0030
309.5451
162.8766
157.8496
180.9481
101.1497
203.8352
288.2840
412.5722
642.1135
148.7668
204.2036
360.5134
233.2926
80.6543
308.0559
539.1951
134.0132
131.6246
245.3823
60.9664
49.4299
103.7365
174.8950
206.8173
177.6828
271.1652
525.1020
468.5413
72.1634
74.1422
222.7110
281.3247
382.0148
224.5902
255.0519
237.2570
275.3722
687.9703
469.9853
171.3285
363.9167
235.0237
427.0603
412.1685
358.8862
456.0016
269.3504
283.9742
88.1267
109.8647
71.2226
78.2451
294.6996
477.5173
140.1169
111.5384
292.2221
462.4192
109.3366
147.6384
116.2529
147.1683
115.6798
97.0575
228.2671
155.8025
106.9046
264.7022
291.7997
97.4200
328.5497
440.1092
76.7862
174.1939
322.4092
105.9636
204.8797
346.0140
66.1885
92.4534
281.9081
570.5844
316.0021
209.4002
325.5332
121.3301
278.9139
226.9101
76.9688
194.7168
424.1361
186.6698
156.9334
297.3055
176.3248
296.7950
93.9237
194.0522
146.6362
222.6481
93.4354
122.0836
283.8018
594.0854
162.0778
84.8127
106.5928
186.6035
523.1118
552.9376
142.6652
244.3521
135.3309
205.1758
169.3126
376.0074
155.4105
352.4431
550.7614
82.4425
225.8556
352.9345
512.9906
155.7766
131.8864
113.7132
124.6429
172.1338
479.8069
566.4062
172.8779
303.9686
267.9236
533.8171
131.9024
48.8744
228.8012
604.5442
295.3538
185.5070
739.6471
569.4663
181.6860
35.2115
52.3585
158.0970
231.0671
152.3257
154.6036
250.2679
349.4290
258.2092
423.9526
288.7588
395.4589
167.8506
402.1674
110.0592
221.0974
472.1659
234.8900
138.2477
178.7747
386.6954
412.2011
217.0941
326.8656
713.7307
818.9784
405.9548
101.8438
275.9494
450.5337
255.1853
187.0793
235.8199
121.9125
84.9730
82.1958
179.0897
213.9916
237.1944
483.9996
556.9357
222.3565
81.7002
215.2974
583.8778
336.8489
66.4066
103.2084
132.5485
36.7417
107.1177
74.6213
46.5840
81.8499
152.9027
98.5372
228.3940
332.3965
251.5747
132.5594
326.8230
405.5983
182.3109
230.7913
214.3014
102.9442
161.9165
222.7826
99.3456
346.3222
158.6131
200.7532
204.8632
214.6626
111.4522
73.8474
173.6902
455.6168
431.5278
188.8637
396.6669
530.5348
379.0897
472.1480
396.9122
90.4480
96.2885
164.8840
466.0163
85.6507
220.2528
300.5516
154.3817
88.3055
205.8673
577.2290
618.8906
145.4993
96.5136
86.3780
289.6965
467.3856
139.3136
107.3217
127.3684
103.6929
187.1353
442.6077
559.0181
221.0577
191.2962
517.2843
443.8657
441.2237
121.5257
95.9842
275.8562
480.1464
154.2417
92.2518
76.8710
237.6852
516.7432
149.0538
186.2685
235.7128
421.9461
179.9379
197.7666
103.1958
156.7693
214.3004
126.2224
128.4647
286.1382
555.1502
627.6743
470.1713
176.7105
60.2750
128.9384
270.7047
385.0921
133.0733
114.7794
65.3759
80.5685
88.8276
89.6599
160.7761
354.1003
555.4068
250.6394
300.6727
180.7073
296.3980
139.6406
150.5454
262.3330
457.9379
435.0303
186.2216
309.3750
485.7999
229.0338
332.9589
403.7816
366.4994
79.1042
81.0420
129.3677
119.5102
90.4830
204.1817
324.4720
57.8793
180.2944
292.6135
60.5284
174.0665
121.8595
91.8688
204.0485
248.6020
236.8701
538.7820
173.1809
110.0158
224.3194
104.8356
242.2408
535.7297
667.5012
509.3698
82.6908
87.2566
365.8160
592.8928
121.9214
125.6292
147.0015
199.9976
77.2607
150.5823
157.8817
146.1347
81.6217
124.4580
130.1150
126.0096
278.4470
314.0892
185.2371
97.4398
109.2589
192.5779
118.9320
318.4558
200.4003
73.6057
82.2553
174.4816
277.9570
208.9756
598.0588
350.0185
145.2167
110.0392
133.6677
210.1834
202.1247
246.6684
156.5529
302.6828
329.4168
203.6256
117.5887
121.5158
130.7331
163.4977
360.8297
183.5639
129.6330
68.6856
349.8608
501.8347
107.5573
89.4924
147.4514
80.8551
104.8058
242.6662
348.6545
281.7900
135.2469
194.2597
209.5665
106.5862
161.5917
222.4735
83.8683
59.9092
79.1925
206.7945
322.3894
552.9056
79.0265
124.9937
93.0419
98.4702
235.3465
441.9386
180.0700
507.7957
405.9203
433.6687
259.7426
161.7054
147.7456
200.0886
106.2103
205.2945
185.3420
77.6312
210.3796
292.1440
193.9123
334.2595
186.9959
88.7294
71.0344
175.9653
250.8162
515.7916
533.0349
247.8054
511.4738
259.4643
503.4281
294.5987
86.4673
109.7975
254.3658
338.8899
257.6613
417.4614
152.6819
305.4342
141.8294
127.3939
513.5756
600.6983
126.0086
289.1598
53.7877
134.4843
148.7239
155.3893
479.1707
611.4631
717.2892
528.0355
126.4988
48.6361
108.8582
126.5789
155.8379
109.6606
141.1669
92.3790
107.3073
89.1698
105.2627
120.7150
81.4133
163.6493
184.2849
88.1746
82.5912
180.7494
255.0160
254.1708
350.1332
354.4978
192.5718
199.7172
256.6232
355.6407
125.0447
226.4239
406.3459
160.2372
382.8758
496.6839
102.8100
272.3358
223.8377
68.4092
184.1956
138.7659
218.3154
273.5915
194.7288
182.7659
139.1836
140.1903
253.2630
178.1540
121.8576
164.0003
270.3155
412.1998
260.4602
180.7504
105.8338
101.3938
194.3134
420.7762
655.5841
459.5194
404.4897
571.4585
303.4284
252.0994
603.0082
371.3652
200.5657
446.8686
198.3956
101.4751
90.3179
72.2049
183.3979
378.1705
187.2705
292.0579
376.0141
47.7392
82.2686
89.2172
207.4361
360.3292
309.5582
38.7701
44.3582
96.7447
134.1363
224.7559
306.2732
353.2433
701.1600
434.3656
167.4139
169.0949
100.8995
79.0080
64.2676
115.3433
274.5851
446.8314
79.6366
166.5560
271.1401
86.7631
194.9183
296.9299
602.7295
512.9712
255.8604
142.8303
290.1390
292.5923
424.0219
227.4543
313.2364
224.7389
375.1451
623.0415
239.9440
175.8277
455.5833
266.9351
130.5699
88.0789
220.1773
55.5048
72.5184
114.8962
453.7268
528.5325
208.4940
389.6344
442.6806
293.2190
234.6775
471.6970
162.6659
57.9756
78.0163
209.5346
290.0578
47.3944
102.6870
379.5867
355.4854
104.1720
124.4433
435.5724
544.7426
334.6908
94.9801
113.2518
276.2369
598.3009
522.5753
132.7315
136.1322
146.9462
185.2979
162.7108
131.2718
317.7669
297.8455
167.9632
331.5466
310.1844
129.3387
112.0841
209.2473
96.3600
133.3972
337.5689
174.1380
268.2389
189.6811
247.4142
558.0717
323.2966
552.2298
204.5368
104.0612
160.1510
154.3681
197.5232
190.5267
219.1071
147.6831
161.3827
113.0315
269.2509
572.8480
98.9501
80.3116
80.0247
260.3264
498.1388
371.3093
559.1030
432.5957
486.0539
104.0171
159.8033
136.6943
190.4437
334.3614
291.9043
476.1653
496.2214
595.3102
435.0404
71.1218
181.4175
281.6868
592.6979
337.8209
646.2478
460.9632
46.0015
307.1077
632.2970
802.0673
774.2986
481.5612
48.7341
136.0636
347.9419
282.2147
372.4455
365.5865
100.1292
364.7381
404.7323
164.3057
133.0154
60.7656
44.6079
150.5648
467.9072
388.9916
134.3221
170.1744
88.0488
160.9815
350.7574
324.7730
205.0910
522.5408
253.6271
516.2422
497.7732
530.2271
284.2490
684.7944
349.2968
123.5871
151.6667
295.9644
538.0679
578.9142
144.9428
222.6215
164.0801
329.5548
59.1496
104.2755
184.1039
77.2630
78.0414
58.7240
195.7733
331.8809
215.2886
416.4292
287.8848
421.2617
81.8370
271.2185
378.3373
212.5006
220.5138
264.1558
70.4980
168.0773
367.2047
165.6843
105.7448
149.0230
224.3369
342.2800
589.5959
160.9965
634.7446
781.4679
661.8448
208.9985
372.2990
437.1952
113.8146
222.9199
65.1419
65.8096
280.3552
636.3306
211.9074
311.8629
204.4992
388.1364
465.4514
149.5372
85.3415
71.5916
121.2951
274.8587
325.6077
324.2774
329.9026
148.0863
101.7026
250.0008
664.0056
549.9215
101.7614
196.7666
128.8997
281.7883
456.7051
134.8535
82.3934
36.2050
111.9535
248.0449
148.6943
176.3969
172.7461
132.9467
41.2166
48.9718
90.2078
169.2439
186.3406
101.4674
156.6198
470.8932
738.3530
466.6746
462.3529
73.9568
76.6244
110.0357
427.5395
515.0257
103.1607
106.6605
137.4593
135.8305
305.7176
559.2870
179.8269
227.0576
105.8811
184.7600
164.4987
274.3883
253.7923
66.8458
78.8901
212.7762
128.6118
62.1437
100.4604
233.5289
258.1189
414.1732
311.7479
294.5874
69.7160
94.3949
205.8729
306.2358
251.0197
147.6732
394.5538
420.6750
68.7149
76.8365
50.4698
184.6133
226.6059
179.4185
499.0802
569.0152
33.0876
97.1259
227.4866
231.8669
669.6895
485.7418
162.6888
131.4973
78.3245
60.6880
77.1096
107.6828
292.0055
596.2013
147.9648
104.0949
264.5812
460.2020
426.0588
557.3668
240.9448
202.4108
105.3508
269.1727
700.3325
465.5943
169.8100
178.3315
141.5297
273.2842
265.9712
189.8120
296.9257
270.4748
97.7765
327.4105
528.4208
223.3855
608.7006
262.9252
117.4544
86.1635
154.0786
218.4783
186.6292
284.4289
83.2724
237.8329
291.1753
686.0519
456.9943
159.3896
299.5716
125.7622
281.5607
501.6921
581.8994
294.3912
175.3900
107.7667
64.1169
330.8122
312.2052
88.2685
114.2239
132.8115
140.7823
358.2561
392.1903
317.3214
645.5801
494.0061
100.3191
153.4941
62.7647
179.4476
633.9675
591.1813
280.5167
255.1832
409.9025
241.6836
184.0643
204.8762
274.6463
363.1428
154.9690
486.8312
491.4058
123.2980
353.0382
430.2196
137.4764
276.2915
179.0676
124.0005
150.0185
165.0130
719.5721
626.7944
356.7303
407.4692
430.0400
147.6667
72.0096
87.1911
119.1244
140.8203
325.9154
461.7927
223.3369
434.9929
144.1593
136.1742
382.9461
477.9365
115.2028
139.8887
203.1588
295.9187
143.8938
321.7112
534.9391
161.4130
540.7146
469.6122
140.4483
292.1829
504.2133
576.2812
433.7224
259.9415
544.6137
323.3202
172.2016
58.6406
266.1513
337.2738
474.9609
485.2193
198.2009
219.7029
100.0343
439.9620
619.8118
246.6211
250.6063
200.8950
117.2309
94.6196
162.4967
415.3032
503.2595
238.7489
163.3224
304.4650
95.7198
193.4711
109.5198
155.0029
762.8944
825.5753
461.4351
433.4429
501.0861
290.0488
737.8677
596.7271
106.8848
174.4918
128.3779
128.7784
239.7037
458.2394
489.4472
764.5799
645.6102
370.6803
162.3235
598.6036
704.5095
486.0333
124.1909
227.7521
287.6902
367.6137
157.8338
377.1698
258.2638
373.0393
439.9850
757.8771
585.0364
437.1979
231.9061
78.4173
97.4846
66.9472
44.3312
50.5108
98.8442
163.0834
161.7071
102.7649
77.0905
62.8598
125.8491
300.0979
397.4066
237.2942
109.2099
380.1524
548.8813
70.6274
164.7168
479.0523
446.6551
186.4805
307.6945
161.9055
259.0336
146.6568
240.2873
193.7828
131.4964
212.4659
75.5217
145.5024
242.2091
154.8710
97.1917
105.5907
44.7335
223.1621
602.3324
589.1245
283.2611
259.7186
426.6030
203.9012
345.1945
344.4510
746.5311
481.6261
103.9643
382.5469
234.4551
140.8015
328.7371
519.8971
101.9438
163.9967
451.3750
624.1143
824.3310
564.1072
401.3804
186.1894
246.7891
465.2969
241.6224
151.1358
125.4024
294.1698
439.8692
503.7993
253.3955
329.1302
308.9987
788.3326
534.7782
88.7735
44.5824
49.3040
110.8654
226.2899
58.5800
75.4478
272.3121
575.6753
464.6343
294.5370
293.6490
464.2459
152.1107
133.9605
151.4664
256.4362
276.9666
361.7399
568.6243
350.7054
433.1425
128.7021
82.8105
144.8711
90.9687
209.5932
106.4233
119.5301
379.9908
395.4493
94.8925
153.7031
246.9573
238.0985
269.1023
290.5781
132.6598
341.9471
372.6621
367.4365
442.6807
210.4255
320.6725
217.0335
229.3669
356.0678
47.9064
50.5639
213.0105
556.8805
401.8996
60.7961
74.7069
247.3284
439.6507
363.1984
603.5395
219.9735
512.3767
527.3134
304.6378
516.8298
273.7154
158.1067
158.4329
91.9977
250.0928
465.9139
305.3901
283.9604
518.8460
477.7787
407.5796
162.3029
290.2388
289.3055
456.1314
96.1283
103.9786
150.4982
108.2061
275.1805
355.1244
267.6780
236.9337
154.1111
68.5936
351.4380
511.4568
80.4126
143.1020
243.2544
88.5299
251.0422
427.9302
663.0280
579.7332
231.0786
109.8982
207.7753
122.1008
59.3304
160.9775
132.3653
200.0260
313.1759
267.1079
108.3326
102.6784
259.6426
373.6746
391.9203
368.7830
633.6438
401.8603
534.5070
180.3246
96.5405
173.9528
237.9187
361.4991
539.6903
299.0897
482.4490
178.7031
422.3123
696.1201
471.6831
241.5435
336.4289
267.9803
101.8156
243.0852
223.4471
296.3229
182.3623
105.6009
188.1314
104.7063
184.3414
349.4000
312.3469
127.4473
424.4169
529.2305
103.7601
282.4308
653.4977
238.8350
148.0251
137.6016
246.3747
547.7914
514.1312
126.6647
93.5861
170.2115
644.9145
504.7117
129.1336
178.1085
349.9401
186.4938
39.7566
224.1060
264.5736
241.8812
353.7076
439.9685
312.4840
328.0819
210.5215
457.1534
374.9984
73.0082
147.0188
81.6369
208.9964
324.5146
33.8720
145.5715
277.4793
80.4175
129.6403
186.2824
85.8564
137.8724
80.6280
77.6010
84.4377
50.2949
104.5031
243.5287
158.8273
185.5625
161.6804
159.0032
267.3875
164.1401
202.9575
173.1732
230.3971
514.8707
358.0545
141.6009
184.8817
123.5065
263.3003
299.7252
622.7582
463.2458
134.4108
250.5065
448.1223
341.7232
127.6302
192.0056
207.4956
131.1595
308.2827
373.1467
260.0511
394.6335
258.2476
310.6148
163.7894
187.3891
240.3700
571.1558
378.9437
300.0003
262.5267
227.0120
391.0830
214.7184
258.5724
187.4482
308.4293
469.7290
189.2555
388.7592
312.7479
205.9095
497.9123
597.8455
418.9607
512.8524
274.6748
243.1223
339.9939
66.0889
87.7087
130.7151
221.9239
163.2527
134.0306
103.2599
136.5599
173.8734
252.9854
310.4714
369.0320
236.1369
177.8167
106.9874
76.5632
161.0970
291.3405
105.9781
195.0926
342.5753
96.3916
328.7230
496.7892
80.1716
140.3882
305.4189
645.1818
581.6073
444.4160
263.2529
311.9230
322.8476
110.9615
93.3884
100.9460
346.0373
543.6404
235.6141
176.3069
108.6531
254.1736
341.3613
97.7435
413.2241
621.6642
245.1823
195.9611
157.5651
362.7860
453.1133
190.4480
251.8980
410.1691
220.8591
306.0866
474.2752
284.2034
71.1522
55.1447
36.3586
134.7384
294.1296
242.0134
122.7024
168.6901
391.7199
567.0893
118.6794
161.0250
239.2491
728.0630
565.8367
176.4782
167.9674
152.9589
222.2732
730.7888
949.7020
696.2359
422.6933
80.1100
66.5878
301.1671
379.0842
251.9969
455.7489
314.5055
160.8288
520.2139
657.4376
558.7677
459.4736
481.5877
531.6791
310.2915
45.3955
173.6107
213.2813
144.5961
110.8947
259.2658
249.0397
359.2825
321.0657
80.2105
280.0594
580.6169
111.0092
183.5247
228.5372
149.4178
444.4134
412.7821
125.1513
100.3025
372.0015
646.4585
483.7831
469.9885
123.3219
217.1095
231.7787
346.9547
138.0143
189.7443
183.9154
254.5508
405.2345
290.8188
214.1582
92.0479
62.7540
68.3477
156.9993
238.8629
206.9330
289.0822
470.1401
61.3282
284.5090
476.4515
71.4236
59.0076
143.3543
137.2703
434.3195
474.8375
285.0069
396.3654
219.9108
663.2751
800.3935
543.4479
231.0112
435.5131
205.8032
263.5827
109.5273
238.4683
173.4982
136.9759
206.3382
450.3284
192.4845
142.1973
66.8685
43.7067
212.9248
396.2042
287.9801
47.8510
145.3935
342.7083
317.8447
119.9893
143.3433
245.9193
389.2458
473.6398
395.2981
80.2535
68.2717
87.1943
242.9584
484.5556
322.0557
495.4384
146.0513
212.5835
104.4488
92.6349
229.9060
600.4648
499.9021
282.5571
410.6800
310.2219
121.2031
227.7920
187.9602
370.2774
564.4916
486.8288
223.9171
458.9191
409.5434
147.7858
239.0552
449.1530
153.6014
106.2850
247.4622
368.1148
175.7776
357.3564
91.1185
200.6701
578.7184
463.6511
151.3316
302.2140
116.2589
167.7088
173.6334
180.8508
287.4705
381.1446
445.3462
293.5229
225.4653
149.4614
85.8658
278.0835
366.7332
279.4374
163.3819
120.4559
220.7471
364.9718
449.2453
411.7125
289.1720
211.6461
558.2718
366.8983
92.3522
95.5663
376.9966
375.5787
195.4567
119.3424
129.6999
237.1280
354.8520
99.0617
126.8549
107.0528
99.1688
100.4825
191.2053
241.9021
125.6253
102.8195
142.6298
86.2770
161.7292
438.8783
129.4966
291.8242
395.1925
113.5025
96.3212
416.7918
546.6333
156.0352
206.7484
371.8673
175.2367
496.0618
409.9174
357.9092
326.7908
86.8625
187.9300
510.9757
364.3127
147.9122
272.3494
362.9564
371.4719
186.5109
291.9216
313.9506
120.3659
237.6664
254.0327
182.2272
417.4679
172.1862
134.1666
418.6389
551.2262
132.6939
178.5916
191.5342
299.0670
190.1906
184.2959
239.7117
278.8447
146.1606
257.7913
392.3412
176.3919
140.5729
334.5851
335.1565
502.3201
413.7641
203.9023
257.7844
86.8965
91.3770
77.8594
154.7384
162.4743
250.5206
619.9996
383.0935
131.6211
88.0198
178.8633
342.3248
180.5391
72.0066
126.2226
182.9935
149.1424
254.3547
266.8036
473.1568
252.2909
448.3678
220.8354
374.9520
310.0401
79.8225
92.6614
173.5070
82.7658
144.8527
218.2396
81.7402
186.8361
288.2526
195.8738
485.4597
269.7116
194.2988
136.8857
168.2417
137.6061
165.6619
150.5943
244.6216
453.8708
501.9463
173.2113
128.8213
332.5923
386.5150
75.5898
66.7091
59.7785
89.6376
211.0503
253.3449
411.0925
489.2637
224.9008
280.1952
429.6681
746.0013
603.0419
302.3168
631.9448
148.3955
339.2904
256.8252
143.0706
80.6627
114.8332
167.0567
126.1728
180.1086
167.2060
156.1714
85.7573
107.5510
176.8199
369.3538
114.7914
266.3313
479.4345
152.2027
265.5783
238.4528
330.7735
221.5964
362.0841
478.0063
557.9869
252.3000
93.0776
128.4484
323.4370
117.6169
262.1082
544.9044
458.2966
773.4090
651.8766
164.3334
148.6126
189.1320
290.0588
183.4862
267.4553
79.1898
40.0897
152.9639
351.9444
519.1650
173.8359
345.8923
450.8498
234.3124
97.5935
346.4753
606.7956
312.4179
109.7942
71.4810
106.2522
74.9329
188.7997
457.8509
809.5580
398.7210
97.7922
114.3872
277.1051
539.2848
120.9290
205.5385
397.3314
369.8989
224.5190
208.8532
297.5831
78.8956
215.2278
438.5492
85.1391
95.7974
270.4418
489.9823
361.8183
253.9329
89.9500
40.2792
38.6224
104.5264
110.4808
520.5987
614.6249
271.8670
163.1972
95.0454
182.2384
382.0125
145.8928
193.4915
351.2877
366.3360
232.7754
467.0661
464.3209
275.3090
153.0932
319.5583
219.7223
155.2903
165.9327
78.1143
154.0769
188.8820
266.2596
86.9037
61.2129
74.1375
86.0883
321.4850
575.8897
406.5046
484.6122
403.4965
187.0508
333.4187
204.5124
109.6585
128.8932
61.6916
234.0057
265.0535
416.3171
452.2593
245.1215
99.1413
71.9774
113.9920
137.1311
189.5931
191.0994
314.5965
126.3427
275.0072
152.1169
84.7724
109.9797
225.3536
153.9186
200.1603
150.0825
159.3666
218.4215
192.0779
273.5506
148.0795
60.3716
220.1074
246.1316
248.7612
526.9921
328.0446
70.0039
98.2816
112.2583
227.8424
332.2463
310.8167
203.4414
304.8448
191.5523
170.4680
255.6911
336.4362
581.4478
722.0731
332.7937
336.2522
307.0513
837.2118
558.5571
276.6796
624.0096
574.4801
276.0680
534.8115
222.7861
79.2218
362.0829
453.1159
77.4597
93.6350
104.6646
306.2226
456.3503
68.2884
172.5968
185.2837
48.8420
58.6736
81.6459
204.5167
290.1216
247.1927
340.3639
411.4905
333.4857
203.6898
350.0366
172.4925
307.6512
463.2681
366.7858
186.4039
212.2935
131.2069
186.0959
123.5003
91.7383
123.1945
244.3693
544.5992
484.2590
609.2176
500.6962
178.9034
123.8402
157.1006
513.4833
584.5752
695.5050
698.4753
510.5733
293.9776
812.8673
605.7822
319.5155
315.5744
252.6029
439.0503
252.3372
212.6772
192.9346
387.0183
381.5428
677.8601
560.2328
209.8234
144.0844
166.4640
493.0843
433.6369
224.8986
336.4351
120.0837
109.6531
284.9256
474.4789
544.8251
122.9145
202.5844
109.4935
267.8720
230.8381
254.9825
644.3639
377.3965
689.5554
773.1706
558.8584
358.4910
316.6549
674.0352
505.9556
80.8843
74.6115
84.7167
67.1444
239.7751
537.0635
300.5076
134.5783
276.9580
344.5310
202.0680
368.1637
156.1784
112.3912
162.1560
286.1465
537.5645
482.0194
506.2302
863.0441
733.6839
550.6507
163.2739
167.9301
250.6734
198.3344
387.6451
228.1415
139.5708
278.6923
89.5274
51.2940
191.5161
281.9331
47.8442
119.9556
359.9577
308.9382
108.5000
139.6109
244.1846
380.6043
314.5193
256.4123
188.9557
367.0003
503.1541
359.0741
277.5131
463.3768
256.9843
79.8344
150.6060
123.2765
105.7321
92.3278
286.3047
502.0290
518.7336
489.0512
124.3597
133.3935
173.0576
196.4159
136.2625
102.1463
135.3667
112.9058
207.3107
308.3728
412.8247
101.0842
401.8030
471.2409
137.7813
104.5256
144.6497
171.3969
118.3453
205.6978
139.4011
129.6367
73.9556
391.1885
558.1388
132.1035
216.1409
334.6680
88.2439
279.6170
639.4244
454.8784
410.9265
76.4808
154.1656
211.9209
231.7329
150.0788
81.3404
324.7020
774.7240
751.9952
573.5898
140.0687
78.3930
155.3696
147.7325
176.3356
254.1873
309.7494
752.2722
736.7449
550.8851
249.8917
238.3923
515.5224
108.8694
147.6739
111.2722
152.0188
264.1886
374.4814
64.3727
98.6583
88.0263
133.9756
122.8171
227.4208
144.4570
173.2946
149.7618
260.7980
370.1475
458.7818
146.5306
141.5569
140.7146
334.5851
497.8430
160.9315
230.3924
550.2691
236.6551
253.6462
359.5580
280.9589
388.3834
596.1997
170.6795
355.1477
58.5287
156.2511
401.4859
173.7135
154.0930
135.0054
266.7881
320.0433
640.0826
272.9102
172.7481
415.5463
448.3522
259.8365
539.3061
136.8905
81.4265
79.9404
77.3985
293.8397
505.5306
123.1369
97.3383
339.9270
546.1914
134.1447
252.9094
598.1606
515.3636
376.6924
445.6226
254.6164
273.1943
147.9853
128.2668
85.1766
254.0125
521.6391
289.9948
194.6063
117.3917
248.2222
552.2024
392.3583
118.0245
445.1174
691.2177
356.2103
164.4265
424.7619
539.7397
38.1768
238.6321
417.1398
63.9613
167.0077
353.2269
416.8206
883.1529
698.5424
777.0254
549.9726
168.1737
86.4769
298.7834
495.9549
72.4551
88.5968
140.7562
203.6816
304.7728
311.8927
710.8590
823.9452
560.9120
171.8587
647.6746
608.6535
122.8952
195.2952
339.1772
81.9412
253.4310
515.7143
264.2486
202.7569
189.9272
166.9247
191.1389
300.2853
61.6171
66.6653
57.4289
114.5276
337.1488
584.4345
142.0198
85.9312
87.1247
233.7660
320.3268
234.3783
401.7989
94.9063
356.3642
371.4462
109.8376
122.2717
213.2592
207.6785
234.7637
149.7221
199.2004
370.2874
199.1691
329.3838
172.6553
300.3199
778.0911
589.9126
457.3567
357.3238
328.8463
210.1678
507.1343
660.3813
143.6351
175.8487
210.0874
73.2171
170.7363
403.0000
129.5812
244.2472
321.8746
167.3379
416.8248
885.3743
650.9676
121.1541
175.6160
367.1009
596.2126
178.8126
71.1392
200.7748
365.3221
316.9558
95.7463
113.0266
196.9163
148.3950
173.4402
142.7268
271.6295
271.4590
154.7775
101.9245
53.2938
211.0392
305.6117
423.1074
463.7042
433.2781
319.2783
454.8648
380.9708
166.1267
143.6834
179.4680
62.4751
135.4567
178.5543
91.3648
278.2857
481.3987
125.8412
187.8328
124.6855
221.1966
184.9343
203.2384
371.2154
731.9306
604.3942
194.9913
152.0683
510.3426
650.4838
304.6488
207.9740
223.7723
379.2745
215.1435
141.0250
148.8441
273.6276
244.4298
452.9748
638.9525
340.4803
74.4503
69.5123
322.4465
594.7628
177.2592
120.7051
96.0730
228.2337
351.5105
367.5180
588.6079
453.9059
248.4016
350.5844
637.5544
333.0035
546.6757
189.4996
83.0079
51.2959
98.1859
152.4903
264.8291
96.5376
62.5068
108.0565
74.4823
88.2114
259.3058
460.4942
418.1447
114.3802
270.5469
815.6799
664.3424
238.9947
211.1871
541.6761
254.0348
281.2314
399.9192
596.2357
267.8937
118.9780
120.5602
71.7195
234.0094
296.5048
74.5627
152.0850
231.4948
190.9788
244.6038
80.0169
166.8195
89.5710
95.6200
173.2590
605.4380
686.2159
555.9720
321.3214
213.7284
302.8631
574.7151
414.8810
509.5689
126.1907
314.8102
611.8416
192.4582
106.8378
119.2322
131.4566
671.6810
863.1206
693.0150
435.3102
38.8057
207.1512
359.7259
81.2595
222.6952
431.6752
338.8023
515.1611
136.3568
218.3393
240.4510
203.7943
242.1762
404.8741
125.2263
308.9195
531.3126
120.0782
156.8351
71.5848
176.0458
386.1375
261.8496
791.8531
756.1675
527.2546
335.2334
332.3569
116.9554
216.4496
193.5144
205.8311
164.8610
124.8655
261.1950
332.6357
136.2099
189.3365
230.2662
65.9858
85.7617
83.5286
392.5979
661.5501
564.0923
367.8454
121.0557
66.0296
128.3024
332.8451
506.5919
494.0387
288.7372
335.8196
171.0791
339.6501
187.4140
215.5649
357.3687
838.7798
548.5822
391.7949
479.8138
410.3164
589.2276
404.2079
511.1384
260.3008
191.0945
471.4486
98.1011
174.2866
137.1039
279.2445
384.2496
436.3467
234.1859
493.4265
205.9701
109.6700
164.1010
168.2709
77.4911
57.0510
89.6751
193.4174
85.8206
192.7323
133.8350
143.9982
133.8863
61.5099
46.0966
288.0969
725.2637
581.9930
359.6807
871.4496
630.4213
342.2918
700.1824
582.5805
379.1560
306.8626
684.0988
591.6815
171.3706
378.9322
137.3993
120.2172
229.7997
58.7398
106.7605
305.3603
505.5763
149.2755
223.7668
197.7199
404.0266
261.2839
424.6925
473.0934
114.1208
66.0116
120.1779
303.7190
594.5852
569.8116
390.3126
106.4955
130.2688
108.3912
295.3907
334.0171
141.7895
192.3503
384.0895
171.4604
387.3070
448.7060
186.5771
279.7982
174.8632
127.9692
322.2663
277.0362
77.3051
91.6754
263.6277
340.5875
164.4474
281.3611
163.1908
411.7210
270.2846
480.2245
520.2601
619.1045
174.3501
107.1231
74.4719
151.5756
262.0056
133.3636
128.0745
137.7141
290.1163
133.1246
227.1225
378.5186
648.3665
258.9062
103.3553
246.4445
177.1649
148.7522
72.8568
54.3109
117.3625
56.4333
53.7757
137.0405
237.1582
511.6409
577.5546
445.2031
151.5328
243.4047
417.2069
164.9069
269.6859
142.8786
172.8496
122.9010
229.5497
216.5664
57.6644
144.4643
261.8991
344.1698
699.2195
349.5653
203.1809
259.3723
194.4938
224.8318
74.4834
107.2463
237.7383
221.8227
145.6745
244.2744
77.4840
191.1401
373.2798
183.9356
223.9407
154.2626
396.4272
556.5797
312.9013
791.7779
572.7242
293.1713
797.1111
576.7856
136.3306
84.1248
307.1302
585.6913
226.7982
505.0085
764.2518
519.5753
79.9118
233.6671
379.0377
384.8652
47.7665
256.7393
475.4856
251.3399
482.8102
179.9792
424.7296
284.3460
520.7295
467.0823
209.1372
194.7423
553.7792
788.4745
687.7248
629.6825
749.3895
707.5636
615.1292
164.9002
116.8693
513.3254
708.3046
474.9076
335.9970
233.2128
149.2296
74.9549
170.4534
196.0271
385.8374
143.0191
78.4560
205.1934
193.5755
199.2360
524.8493
336.3559
223.6010
567.5865
331.7391
189.4601
104.6540
68.6972
92.1377
94.1873
32.9758
287.6287
465.7003
86.4251
133.2043
135.2643
216.4276
329.7413
77.7583
352.4599
668.0680
220.0373
81.6024
259.7109
535.0275
189.0755
316.7857
641.4575
299.8481
328.6102
490.0162
62.2067
50.8218
101.8436
207.1498
250.8623
478.2929
226.5289
398.0730
448.5140
627.0121
493.1354
75.3406
107.6085
289.1864
577.4011
202.0186
79.7113
120.1526
83.0714
159.0510
338.7614
794.7183
678.3444
291.1536
106.7666
185.3871
132.9204
268.3393
115.9518
451.4056
700.2694
709.5627
690.0777
534.1715
312.9493
522.4041
48.0257
164.2356
106.8125
169.9939
228.1463
399.0700
679.8597
265.8695
146.8534
296.0170
339.0642
590.4226
297.4542
105.7027
177.2128
208.7569
86.6448
56.3905
69.1220
84.1788
154.1100
252.5239
123.9386
175.4745
149.1284
57.3500
121.6389
74.1306
147.9492
203.2930
305.2587
348.1709
354.6302
190.9445
174.2603
204.0073
157.0333
80.7644
136.5258
310.1357
427.4949
170.0413
232.9867
134.6716
170.6542
221.9726
95.3177
160.0630
81.6458
157.4415
374.7005
126.5219
246.8848
473.8118
139.1337
172.9499
329.3252
429.8398
87.8128
85.8841
211.1841
333.1050
224.6412
227.5489
110.4967
174.6635
261.3699
86.3990
91.2623
116.3350
119.9296
273.4016
202.1013
328.6247
690.5029
754.1746
578.0686
504.5591
564.4543
265.5089
415.7952
134.3625
156.5640
111.3860
89.8515
207.1826
224.2685
260.9173
234.4139
199.9917
552.6654
373.9118
217.9190
280.0017
310.9517
388.6315
507.5813
411.7488
296.0748
117.2248
186.0608
204.0223
255.7478
331.5974
706.0058
385.4217
302.5709
464.6012
255.6142
281.8991
330.7816
494.9833
107.6573
98.7209
163.8802
208.1548
85.9032
87.0549
85.5028
326.1529
840.1051
616.0439
182.6964
535.5882
598.7385
231.7423
108.9639
250.1647
233.8561
359.9677
699.2232
354.8101
272.0171
662.0109
527.3146
331.0469
118.2776
372.3287
405.2995
127.6780
297.7167
354.9201
615.7574
497.5433
167.4037
167.0188
287.8403
426.7973
241.3112
513.6512
485.9000
161.9587
213.0730
378.3742
150.2557
229.2231
101.7259
134.3612
199.5944
672.0378
834.2478
729.1927
508.0528
167.1210
167.9492
168.9048
411.2569
137.1761
110.1822
185.2182
664.0489
590.0552
627.8327
762.8161
278.3071
169.1484
157.0873
85.1454
224.9669
418.4288
74.1630
113.8785
173.9962
273.4458
306.5292
454.0564
404.3747
185.6349
166.4606
261.3202
81.9586
106.6129
140.6164
427.8847
426.0993
107.9095
148.4940
250.8771
364.1561
309.3325
382.0536
320.3755
163.0382
764.6761
785.3663
540.0501
263.7946
222.8718
400.9104
240.2382
354.7886
587.4422
299.4039
576.5195
237.5350
81.9429
102.2472
163.5032
398.8355
551.0402
37.7989
86.7114
80.2221
191.7684
537.0825
737.8139
556.2013
201.1623
156.0926
250.6861
394.7277
562.5262
592.2802
521.8973
357.8837
80.7893
120.9603
136.5697
150.9497
521.8714
626.8723
168.2180
245.1481
442.8329
335.8330
451.0631
57.6250
80.2887
91.8443
124.5811
351.1335
629.7727
455.7910
391.7381
726.0435
659.7411
298.3059
239.9899
441.0048
438.1751
317.3074
44.3145
95.6803
102.3279
231.4906
180.4953
130.0843
152.1491
491.8956
357.9270
238.6449
236.5112
229.6482
252.1882
147.9720
335.7550
587.0852
395.5715
463.1845
625.9659
397.2394
155.8665
73.0667
64.5837
57.2222
212.1641
466.3670
588.3958
119.9239
193.3028
274.7111
88.5839
127.0032
297.5112
173.0840
239.7204
211.9427
338.4320
218.5536
277.3129
123.7077
179.6248
166.1668
321.4718
333.4607
439.1347
69.8362
93.5497
351.0588
551.6496
443.7645
162.6323
176.1142
424.7565
122.9440
196.2673
128.1833
188.1384
462.6995
247.9682
258.1999
631.1171
610.4017
113.7252
130.5445
382.9215
193.8144
101.2574
213.1632
428.8564
786.1175
608.4542
389.2235
250.4091
182.7201
315.6109
46.4560
227.8679
569.9315
298.9592
437.0580
775.5451
456.6056
177.8121
286.0056
217.7725
506.8775
161.4973
332.9604
628.7665
671.7635
156.3010
268.6898
105.6807
311.2484
541.5265
412.4833
433.7531
66.2651
122.9288
147.9737
143.7550
173.3316
526.2755
754.6675
480.3021
221.6218
323.7347
601.4551
771.2364
662.8170
535.0713
536.9262
442.1305
299.3421
72.6447
62.0837
102.8052
294.6664
443.6090
755.6524
433.8149
130.7736
150.7741
241.2177
95.8836
312.5666
627.1741
351.5095
100.4776
143.1941
209.9123
121.7821
341.0454
580.6835
74.4500
245.2891
722.6613
553.8836
142.0932
451.8893
608.6305
318.3269
278.3181
156.8148
166.6356
148.1925
225.6603
99.7143
174.9482
74.7100
110.8317
119.4862
113.0976
293.4888
393.7768
210.9702
175.2442
100.3423
84.0348
60.1407
369.1219
529.5100
124.5395
216.2859
271.1029
75.3996
202.8732
413.5874
178.5164
212.3821
328.6852
210.8307
219.7157
208.8155
70.4959
144.8601
197.8465
56.5566
119.5378
270.9910
525.4090
644.5993
569.9226
687.7509
414.2634
68.9469
166.0215
294.4503
184.9157
179.9522
150.7690
185.5716
481.3755
480.2998
347.7222
122.2988
203.6539
195.7008
301.8668
396.2343
887.4860
642.2065
188.2925
438.2348
217.9029
276.9974
190.3312
314.7551
190.7619
214.1382
145.6883
254.1262
328.2601
265.7959
500.4681
74.2294
82.8490
131.0472
120.4738
339.5274
251.4687
267.4616
247.4473
104.4556
242.1938
515.8391
302.3428
194.0212
213.8030
331.5164
305.4408
527.4567
157.6024
523.3251
554.0215
240.2512
498.1567
338.1609
117.0619
184.1433
329.0763
172.8098
152.0623
270.2927
560.5267
243.2492
279.8439
331.8678
123.3755
186.5032
295.1710
219.1820
365.8324
449.4082
165.3971
231.7404
128.1408
294.2371
166.9868
136.7714
80.0358
135.8853
38.1971
52.7929
78.1172
93.9811
279.1549
668.0423
473.3613
146.5925
93.5190
119.2197
103.4708
74.0989
142.0679
393.8299
93.3533
120.3560
249.8789
389.7152
34.2914
100.7244
175.9449
239.1254
501.3019
352.9445
76.7141
90.5644
104.4838
130.1493
255.9581
395.0502
486.7937
448.4796
133.9056
241.0189
742.7128
712.9541
566.4905
346.9638
238.1557
407.9981
648.1590
412.7805
42.0078
224.2283
408.6795
100.0532
289.9261
636.7730
473.6440
186.3686
124.3429
349.8590
565.1684
94.1190
196.5314
320.7568
169.9590
194.1306
165.2791
201.8560
187.2053
234.6448
68.7869
138.4084
216.9006
442.5899
542.7554
317.1324
528.3738
639.1263
590.1909
504.3160
599.2023
38.0258
63.3642
75.1340
91.3211
85.7629
175.8974
110.4043
198.9786
412.8714
317.4491
419.0051
92.0007
166.0814
194.3381
152.3410
160.1582
165.1952
274.3202
488.7281
457.7336
57.2525
120.2219
128.1149
229.6775
456.9467
406.1987
449.7198
197.6990
46.6087
221.4343
253.1783
46.6271
107.9277
147.2559
78.6018
122.1326
63.8921
169.9713
588.3582
554.9653
279.3523
140.5748
290.4760
387.1045
206.5808
106.5019
98.8096
69.2087
119.8028
213.9873
513.2254
627.6010
297.8837
355.6825
52.7775
92.1643
223.8579
255.6108
181.6844
278.8850
121.1421
108.8472
141.1175
65.0403
51.8559
82.1964
171.3033
220.2576
558.2610
426.0428
225.7165
352.3382
919.5740
768.0437
430.8224
79.1149
193.0219
398.2041
384.1690
228.0169
176.1818
286.6506
322.6399
70.8537
187.6659
245.5130
254.9174
63.7056
184.1891
72.9896
79.8615
287.7865
375.9771
123.7040
202.3217
278.5481
65.9804
133.9563
248.0811
175.6116
448.3377
458.7406
190.0357
368.2555
436.9958
691.1975
383.4445
229.1973
706.4365
504.9556
138.1073
392.1619
680.6838
650.7301
312.9066
296.7164
122.7293
188.2929
93.4261
61.8899
203.6156
274.9176
203.2403
287.7038
453.3906
244.5011
256.8090
117.4214
147.1508
121.5057
68.2326
48.4883
159.4151
332.9469
156.0563
335.4799
193.7751
59.8548
441.7479
569.1108
129.9231
150.9704
187.7477
276.3901
198.0125
264.3285
68.1445
50.7880
190.3720
255.1643
167.6213
309.3936
228.8255
228.1118
346.3277
417.7273
295.5060
190.9951
351.7392
544.5771
373.6291
91.6736
328.6215
552.8377
432.6267
246.7200
109.8068
131.0402
142.9018
173.3641
131.8798
63.2596
108.5562
429.6668
415.1556
168.8327
361.6348
247.3321
358.7211
285.2476
219.4781
443.4628
137.0561
100.0902
109.1893
208.7075
85.1718
181.1874
182.8280
136.7437
99.7220
95.3202
158.9986
261.2617
422.7114
190.3743
250.3187
338.2413
350.2033
593.8584
203.9572
277.9772
208.0429
386.8537
610.9465
378.4695
305.1222
545.8962
148.1361
309.0133
326.1898
298.5305
508.2388
573.8010
476.3530
72.7850
72.3370
49.2012
96.0216
244.2795
539.7149
431.4976
517.6239
230.6379
70.1072
135.2188
241.4649
90.7376
104.7715
184.2453
275.5922
461.4450
113.1368
211.0014
312.7416
84.2216
298.3958
542.0620
585.1749
683.1131
342.2710
282.4773
697.9404
753.4761
903.5515
607.5577
347.2641
277.4710
666.9775
535.2776
198.0701
152.6964
285.9679
414.4809
68.6319
108.2012
128.8131
147.4142
115.2151
209.0044
327.5412
416.0616
251.5349
488.9109
411.7669
389.3298
324.0817
595.6288
507.2639
69.9411
159.4660
196.3087
204.6616
167.5744
271.7491
186.7871
85.3768
197.4938
418.2041
524.9341
330.5383
383.1578
65.3073
280.8290
433.8260
187.7633
362.9018
160.4915
250.6549
498.7496
473.9331
197.9371
207.6124
235.1758
161.5728
176.1833
137.6517
118.3063
159.7266
164.5030
450.8043
412.5017
120.0945
290.6424
102.8789
112.2281
299.8742
97.4445
108.4523
112.3904
74.5709
80.8374
264.5341
555.1596
632.0444
382.8691
763.7844
759.8554
709.8228
754.2856
644.5120
417.0777
388.2249
718.7327
236.4074
274.1685
345.4606
49.0154
83.7086
210.1407
385.6028
582.0079
348.7433
494.9611
189.9886
143.9474
148.2146
501.7883
803.2725
538.5163
88.6980
252.2091
368.1796
73.9050
299.4547
549.3002
490.2185
630.5883
464.2039
221.7809
285.8213
372.2022
80.6390
103.0048
94.6817
115.9016
411.0986
426.4347
162.4912
80.8789
172.0803
147.5832
368.9159
532.3708
91.4045
133.3539
209.5912
70.8867
201.1310
424.1499
497.1338
221.7669
362.4723
176.2156
353.4634
123.1294
182.0010
269.2639
170.3870
658.2874
629.1869
635.1839
267.1711
182.0291
388.6350
361.2077
569.9740
103.1089
198.0708
178.3967
353.4369
527.1368
750.4897
775.6897
385.2646
58.2178
95.2024
195.8155
205.1723
164.4036
65.8383
122.7595
151.1823
211.8448
294.4607
145.7614
341.8796
681.0103
363.4182
183.7671
54.9125
142.6849
152.7334
125.7794
139.6079
278.8338
140.6342
173.2105
218.2768
246.7955
125.2673
200.7034
62.3970
176.8317
309.6016
216.6710
81.4112
292.8323
572.6945
156.9974
95.3748
129.5683
166.3068
158.6336
247.0136
168.9007
273.8824
259.6496
106.0968
230.3317
383.1430
241.2765
272.4860
344.7613
582.4359
586.2667
572.5074
268.7228
778.4917
488.5717
443.8148
489.5562
144.1819
266.7815
692.8123
542.9107
222.1795
137.4329
232.0176
382.2466
231.7541
70.8033
238.8815
507.1538
345.0260
75.5103
122.1849
112.5171
413.9933
811.2164
610.6486
231.8462
333.0345
539.5978
364.1913
168.6816
519.9016
522.3627
117.0182
368.3861
558.1802
57.5058
391.2814
756.0306
346.4316
271.5415
331.8222
321.8794
598.1107
414.4964
272.3124
154.8802
178.9824
213.1863
379.7151
146.0071
133.0685
200.8514
423.5831
189.2543
88.5824
360.8876
447.1101
211.0274
124.2783
332.0592
432.1948
234.9700
103.3386
174.9824
209.0499
73.7695
70.6418
341.9606
500.7297
110.2185
235.9042
101.2024
187.4354
93.5933
322.6226
824.3156
894.4992
588.5590
550.4777
955.5812
566.3627
161.7710
459.6768
698.8218
623.3799
763.0590
758.8573
522.6339
215.4228
420.9458
91.0773
151.0679
156.3763
95.1138
124.1873
108.4085
103.5950
59.0897
66.0140
104.5967
305.8670
272.3960
151.4843
279.8350
378.0658
491.9033
305.0116
89.5548
58.1318
118.4087
434.3066
507.7531
479.9972
78.3172
114.2443
102.7174
212.4610
285.0692
197.5778
259.2095
516.4790
544.7697
237.8071
283.7664
98.5174
89.6404
130.3513
47.8972
383.2325
725.1943
689.8236
584.3136
238.0791
287.2463
68.1677
35.5808
127.7950
279.3466
152.1686
113.3933
88.5505
48.6918
139.3015
217.6121
144.2530
143.8317
268.8956
590.9101
126.7138
121.7930
247.6322
373.5294
107.9130
287.2266
604.8396
386.5412
474.4533
397.1086
515.4113
224.6607
337.8424
278.4005
223.1180
732.0281
521.2656
95.7974
154.0098
328.4832
378.7015
716.3074
447.0769
108.3422
255.5922
258.6789
321.0773
365.6070
319.4903
72.8074
225.1151
439.2625
158.6265
162.9595
146.2311
111.2087
241.5738
377.6826
138.0856
334.3099
408.2912
156.3682
192.6652
90.8750
108.5455
148.2204
104.1754
182.4107
335.9214
238.9310
399.9344
633.3017
536.8672
270.0961
487.3708
46.7060
259.6055
620.6730
387.9904
51.0378
119.4320
359.0855
379.4851
79.8029
191.3612
153.7791
212.1726
224.7130
301.5396
257.6224
374.4749
738.1043
574.8445
50.1380
58.5201
299.5722
492.0875
618.0348
683.2390
798.3226
649.4373
312.8144
488.3522
116.4858
262.5422
436.8613
352.1029
115.8710
273.3642
531.8816
332.7829
273.6045
640.7267
680.6700
805.3061
587.3330
343.7598
512.8061
123.8018
80.9745
200.7360
406.6593
314.7648
559.1639
294.9538
488.4685
146.8864
103.3405
414.6177
602.6629
439.5835
453.7144
310.5597
107.0659
99.2037
70.2275
86.9494
178.1791
407.4708
383.2048
188.4242
297.1839
392.6588
225.6408
419.4941
267.0855
417.2675
100.5893
164.4963
371.5079
476.0690
480.4705
156.6977
79.5778
125.1860
256.8226
612.0425
568.1039
165.9174
378.0777
164.0445
456.9528
404.2267
277.1853
546.6135
353.6413
386.7750
648.5581
1017.5107
584.8554
164.4525
60.3918
84.8646
69.5721
160.6828
183.2327
273.5004
94.2484
258.2811
495.7537
284.1947
161.5792
272.0097
352.4371
117.3826
130.1837
320.2180
579.7344
503.7643
461.6445
739.5748
547.8280
180.8872
334.3461
468.5622
321.2737
499.1051
332.2931
84.0532
130.6188
335.6250
482.2609
146.5080
461.9006
447.8337
64.7049
84.0818
368.3964
599.3383
354.6526
378.9293
721.4711
720.9789
592.7181
230.5207
225.6764
284.9002
123.0967
39.8181
69.6850
88.1238
315.1496
455.6874
136.1942
354.4136
629.1072
107.8973
205.4872
447.7221
183.5580
416.0191
358.4139
139.7172
183.1610
123.8642
246.9759
617.2182
474.6567
86.2766
144.8788
144.6037
223.5868
194.7067
232.0887
480.1241
377.7640
161.5078
139.8886
223.6725
260.6529
332.1125
406.1406
606.1922
353.9304
179.1716
198.7360
403.0069
262.0380
228.1567
146.7759
82.1794
82.8936
301.0589
412.8731
317.9907
308.2951
680.7279
434.8060
181.9210
153.5387
216.9988
364.4556
657.5361
175.1245
156.3533
330.5823
343.2553
131.7146
334.3761
734.5136
284.7720
214.6831
381.0295
81.5149
160.8000
290.8345
220.3468
260.7176
567.3441
214.4897
270.7766
278.6138
578.6635
162.9250
244.7852
689.7231
587.2217
335.6606
423.7877
199.4111
116.8177
269.7736
130.9937
123.1379
165.4807
191.5973
284.8445
169.4733
437.3376
277.5724
583.7979
183.3922
198.9167
267.6032
367.1265
347.8756
497.0089
149.1277
394.1981
391.9700
388.7396
426.9620
95.2665
162.2904
74.4546
229.5607
378.8572
215.7191
95.4013
88.6214
359.2138
765.5714
637.2623
684.3609
152.8378
105.7508
110.8466
225.6688
496.9436
471.3970
355.4364
361.0877
480.7650
144.7007
524.7859
716.3195
556.4113
298.8916
275.9250
109.3715
181.8080
445.6173
284.6649
206.4215
519.0360
716.4934
434.2782
161.1014
266.3338
188.6544
334.6416
660.8271
469.2605
139.0805
88.2627
72.4984
114.3005
114.8822
159.0048
127.8257
244.2883
70.7767
168.7624
298.5355
400.2226
575.8098
325.0917
287.0438
416.1432
420.3331
641.8083
531.8390
243.8973
131.2641
403.8346
412.0232
97.6492
167.3096
327.9829
325.1782
344.3695
85.4443
100.8103
251.3081
578.8551
187.2587
184.7543
157.9846
264.5184
384.4589
248.5120
658.0911
761.5033
486.6213
177.5895
308.8595
498.3904
288.4560
700.9425
459.9674
134.3122
271.7258
612.9567
775.9798
481.1350
271.2250
643.7370
721.0874
510.0796
87.0186
99.2354
223.6586
76.8296
77.8515
105.1014
274.1356
174.9275
98.4771
65.8673
122.9907
288.7764
298.5765
325.9637
235.8269
401.6086
167.3222
363.2640
345.7339
770.4867
439.2721
282.5578
557.8469
121.2400
521.7695
623.1503
203.1849
98.0041
407.3045
696.3602
391.7854
70.0333
130.5850
281.4092
312.0086
149.1280
145.9830
91.6339
68.8842
89.3562
73.9628
193.0451
236.3063
340.1384
273.5279
147.5856
177.3425
195.1443
335.9813
576.4037
114.8903
156.6763
254.1350
124.8627
116.0201
185.3405
271.0290
284.3502
237.4209
411.9865
296.1840
431.4258
623.0808
54.3417
168.3442
239.0184
254.2828
363.7908
449.3109
534.7041
153.1365
132.1785
410.7872
771.0594
315.6404
299.9909
609.7280
369.4385
511.0759
61.6195
100.4158
79.3644
113.7958
260.8703
353.3468
104.2141
153.0984
396.9916
380.8686
350.2050
478.1031
357.3205
225.3388
368.0308
193.2716
273.3374
161.4106
243.1241
491.7781
718.0103
495.3098
289.5227
516.6489
173.8076
183.3284
123.1579
94.5192
75.5379
95.1375
66.1800
87.2174
209.3180
294.9140
340.4342
610.6158
332.3016
253.7633
494.2922
306.0310
557.5251
173.3059
468.0549
365.0399
144.3146
118.9746
104.0871
283.2747
423.1611
442.7597
242.6326
438.6549
336.7959
731.2098
595.6732
312.0747
596.6798
308.2282
283.4324
214.1492
147.1052
148.7190
193.3513
119.6138
94.9701
128.3029
147.0082
142.0454
357.9634
595.9205
194.2817
255.2523
379.4560
184.0495
354.3910
575.4799
474.9386
317.4527
214.7946
531.2477
554.9664
446.0434
502.9814
331.0106
750.4874
631.6829
444.3047
496.3390
328.4594
327.6667
325.4107
447.6452
705.6905
589.2071
233.6235
437.9544
448.3152
538.4016
471.0581
394.4253
527.1455
693.1467
329.7058
475.6299
627.7769
567.9233
355.2647
112.5002
161.3673
114.9746
180.8250
224.8259
198.7318
288.4173
253.2113
314.7070
765.0894
576.8051
150.6462
129.3707
348.1816
629.4128
204.8890
284.8893
375.2882
452.9172
205.5591
331.3452
115.3196
197.1275
158.6124
269.7822
587.0528
152.6744
99.8797
86.8993
122.8735
175.6078
230.7761
495.3988
196.4826
274.4212
296.6937
251.1523
137.2411
266.4850
484.8043
670.5274
283.8925
63.1902
195.5326
473.6817
455.3407
184.9458
242.8795
454.8869
167.8574
403.9825
573.7615
512.2584
148.5007
124.0768
69.4095
74.1412
138.8640
151.4774
75.0318
326.8324
744.3213
342.7586
81.9092
217.1191
370.6416
577.0849
511.2164
173.7820
99.6825
177.5102
502.1936
613.1714
430.1276
871.4286
549.1789
204.1951
313.1106
194.5956
720.9241
749.7438
365.9842
119.5586
317.2711
596.1240
76.2447
162.0411
681.9374
744.1797
808.8826
550.3788
173.7169
335.4981
741.8886
425.3409
117.8439
118.2983
227.1234
370.3611
204.8316
203.2246
406.2822
151.5190
331.0438
549.2299
172.6669
186.6782
63.5076
136.6723
239.3951
187.2746
190.4448
388.2927
305.8567
495.9814
669.9560
733.5475
869.5041
929.4618
563.6825
271.0896
537.4882
124.4484
284.2457
599.1297
466.5685
507.8881
365.5441
410.8366
590.3605
454.6290
273.3433
279.5936
718.5322
661.7641
572.4065
234.7039
238.6796
146.3214
397.4685
354.7757
348.1835
85.8642
259.7384
595.6393
346.8902
78.9009
123.7945
155.5406
59.5396
92.5969
138.5472
206.2239
287.3940
545.1504
509.9974
230.7346
566.3612
337.5692
135.8700
104.1964
279.2362
277.3018
141.0436
239.2820
146.1611
130.2909
324.5481
419.2116
89.1994
236.7671
378.5691
413.7862
583.2720
329.9663
394.6375
30.8684
200.6256
344.7504
164.6994
532.9583
576.1124
144.1158
133.4870
410.3004
425.7043
246.6316
489.1673
362.0354
468.4627
139.6076
358.2089
392.4165
134.3982
269.5116
478.5360
275.2774
549.7888
642.4424
644.5266
423.5056
592.1245
402.8320
82.7221
108.6225
248.3753
345.6801
226.4757
526.9327
552.7040
522.7689
121.3527
348.6514
261.3392
226.4525
616.8375
283.8838
100.6657
208.6407
360.1703
182.6920
398.3420
520.3835
426.1392
367.2873
541.0578
567.5918
658.6519
622.7870
382.2068
429.7732
51.1503
131.5689
307.0928
169.6084
241.9850
59.0363
116.7495
242.2487
522.3721
768.5602
586.8809
106.3332
135.0006
51.5925
182.4502
344.6123
598.0893
334.4137
54.9441
321.8832
613.7111
154.3068
98.7907
130.5264
273.0520
180.9735
105.5465
53.9745
89.8694
108.8107
73.4552
359.4577
660.2589
700.1533
586.8347
227.0346
119.7767
459.0906
677.4011
156.2287
169.0738
420.7718
537.6956
526.4020
580.6686
704.2003
535.4606
682.0109
534.8588
156.6903
315.5714
449.0317
141.8792
371.8850
623.2331
172.9031
564.5816
532.3668
134.4837
314.1094
568.7892
412.7814
458.1670
173.1339
288.3672
273.3416
114.2973
134.5745
198.3650
262.6409
318.5358
109.9145
49.1807
63.9362
83.3598
104.2707
321.5107
503.3720
107.4391
172.3408
96.9982
143.6547
425.6635
645.2386
330.0299
93.5976
289.9144
340.1129
161.9901
115.7478
293.4496
471.3162
474.0665
584.0948
323.6492
120.1142
244.9124
655.0050
733.2203
385.2025
374.6931
200.9645
153.5871
183.5894
557.9573
487.4771
92.5369
268.7224
614.2902
560.8329
90.3427
290.2422
519.7672
380.0139
385.1142
307.2525
481.9583
156.6099
268.1638
171.9211
137.4717
313.5287
538.3169
188.3330
341.4562
577.7498
308.0325
560.9116
322.0447
299.8398
190.0167
247.8392
165.7912
247.4625
348.7761
82.6493
160.1756
156.6922
343.7149
511.4934
274.6641
399.8863
453.0896
75.6102
205.9934
199.0708
147.8497
212.6471
152.8931
441.0484
388.8906
140.7956
200.5204
344.5794
564.1551
498.1738
58.9661
181.7995
572.1479
457.0859
695.0795
999.3656
802.5219
612.2794
328.0923
75.6454
123.3068
511.6042
652.7674
815.4734
716.0409
508.9468
649.4895
514.5841
445.7893
362.4109
203.6385
224.1206
466.9053
272.2610
372.1823
525.8230
503.0234
383.1494
465.2841
465.5796
274.3707
454.0283
886.5443
809.2717
636.8130
264.2138
177.0293
302.4368
314.6463
583.7492
114.0633
343.4554
686.5774
518.7526
148.6211
187.8179
695.4870
621.1747
361.1742
432.7871
596.6266
660.4498
815.3113
902.2758
891.5779
598.2557
265.5651
332.0388
286.9176
552.9470
320.9972
253.0680
198.2969
186.5001
131.8629
334.8634
623.4214
241.6112
195.9241
100.2702
373.6966
727.0677
244.0942
217.4200
247.7296
389.6996
277.7227
438.4405
136.9203
122.2095
333.6589
708.5826
493.7103
525.4244
349.3965
128.9877
196.3173
433.9929
517.7162
133.1453
253.0170
651.7534
489.6182
166.8319
213.4790
92.0882
203.3304
243.3871
116.8228
62.8107
126.0294
314.8641
596.7587
300.8999
131.3953
160.0708
293.4627
315.4838
358.7709
554.4430
288.4609
93.0982
191.0282
293.2352
256.2430
220.6905
477.6806
571.4995
399.8623
125.9702
257.7850
487.4924
448.3458
226.7372
105.2393
220.2820
428.6493
295.4747
81.6152
122.6895
144.6696
130.7354
272.7489
96.6124
100.1362
190.0305
371.6467
806.9244
898.9153
618.3701
136.2500
376.8685
560.1474
342.9177
342.1201
158.7414
211.7665
461.7926
349.3689
345.4032
761.9359
798.5044
755.2302
496.5760
76.2513
137.0019
365.2487
325.6990
641.3133
415.7693
285.1326
519.2379
188.0771
145.1800
176.1787
97.5691
164.2287
209.1525
350.4946
320.5441
414.5703
147.3043
372.3547
286.8880
508.9301
373.5087
376.1382
135.5423
59.3125
206.1199
574.4148
434.8909
234.3624
567.0855
551.4478
510.5958
238.8327
266.4309
568.0712
551.4736
775.9590
764.6137
509.5079
98.6275
127.9435
437.1163
827.1881
568.5289
96.6614
100.3718
142.5347
442.8422
566.8064
295.6220
629.7072
442.8843
317.4217
340.9636
95.7653
319.7464
716.1198
738.0215
898.6236
676.0870
171.2875
102.5531
212.4335
115.7619
224.7295
576.4788
454.3815
72.0354
146.0882
306.5937
288.6526
440.3041
461.0728
806.1727
594.8887
108.1530
408.9147
598.3780
653.2669
427.6549
281.5748
577.2663
637.1640
529.2217
257.5660
605.8366
557.3768
659.3091
531.3918
253.9581
138.4256
219.8037
79.0634
73.9763
202.8357
188.7825
53.2926
76.7995
295.8972
814.1666
717.7631
785.8116
516.0836
85.6756
74.2994
255.8391
490.7162
243.2463
237.5738
741.6445
781.3568
408.9479
164.8059
405.2162
665.2352
560.7033
246.8833
123.1994
129.3634
423.9994
540.5343
250.0205
432.8863
389.5317
506.2134
48.4392
206.5729
494.5542
209.5268
293.2695
439.3289
152.7789
314.3917
444.7931
170.6583
339.9455
679.0101
556.3093
399.9981
533.2720
99.9504
92.7064
143.7926
300.8886
77.1363
103.9449
136.6250
485.8991
759.4819
840.9035
760.0352
857.2221
715.9806
545.2229
439.9267
479.7767
382.0477
710.5867
554.2607
323.3101
420.7824
281.7673
436.4065
247.8867
642.4546
738.9847
892.5806
720.5839
302.7930
229.2154
409.6783
146.2737
202.9118
329.3463
162.8765
351.3535
801.1617
612.7923
181.6302
224.6613
111.8777
177.6745
129.5594
226.5646
395.0077
181.8897
177.8898
121.9280
154.6940
130.3605
110.0207
306.3443
632.6194
437.8439
552.8000
319.2975
346.4934
94.2341
61.8844
82.6895
186.7084
233.8607
405.1060
493.1728
253.9304
128.9625
306.4042
663.2448
426.5435
153.6062
474.4395
605.9332
443.7336
466.3282
703.2230
492.9232
269.1319
438.5781
469.5324
400.9320
220.7878
371.4125
707.7288
430.3713
609.6905
79.7463
25.8137
61.2565
78.7145
103.9120
279.9209
319.6273
158.6248
161.6306
293.1463
229.0379
175.5170
276.4683
443.0574
304.1036
352.2753
147.4070
244.2297
632.7097
520.2301
536.6794
503.5074
160.1315
164.3984
571.0781
746.8797
534.3149
353.1727
114.5275
135.2797
149.3306
108.8852
96.6644
152.0372
240.1766
251.1745
262.1580
270.0765
594.5149
554.7512
589.2417
485.3344
446.2409
220.3764
221.9812
672.0959
573.9811
44.2095
102.2864
248.3872
189.1080
187.9719
204.8768
235.8759
248.8655
338.0091
191.1257
508.7788
546.6951
100.5761
224.2027
81.3995
94.7482
396.4079
428.8856
153.0441
307.4833
496.9333
116.2401
136.2066
100.5651
367.0743
806.1959
537.8577
131.2223
191.3795
641.5984
847.6962
736.1704
546.2558
468.1861
340.3380
394.6324
206.9898
430.1064
186.7841
287.1658
187.6189
108.7438
277.9840
632.5142
702.4967
426.9597
177.9466
81.2419
257.7030
400.2954
351.5664
324.4242
101.9034
94.1678
257.6431
484.8031
187.5485
266.2596
294.8168
52.5486
56.0269
95.7709
293.8242
393.2741
142.8565
262.8156
446.9270
183.9330
305.6624
233.8161
516.0100
343.7809
820.2787
720.8781
529.1602
581.9602
597.7652
142.9708
324.9337
514.2439
433.6810
262.0323
257.2510
504.0846
162.5522
210.6443
264.9187
608.7240
550.6732
143.1848
160.4075
331.5370
917.9120
707.0211
208.4962
174.9281
87.4273
135.3390
164.8969
318.1066
799.5169
707.2527
509.0856
624.0199
521.8987
244.7062
445.7337
168.0196
439.6326
614.0747
319.4004
433.0171
387.4791
366.2560
595.2787
596.0908
501.2097
108.9562
151.0062
34.4867
299.5797
498.2116
251.3558
69.2325
265.6809
541.0914
266.0396
318.1691
768.5800
516.8178
192.6382
170.6365
195.8760
109.0818
167.3172
241.3181
98.1018
268.5000
612.3017
593.2179
667.0430
425.7495
378.3097
600.7149
159.5082
230.4230
366.8563
147.2161
192.7132
414.0577
488.0388
482.8312
490.6730
79.2099
145.2801
348.9073
249.8682
455.4217
604.5212
775.8191
746.5608
635.9259
269.3293
417.3972
558.6565
258.4374
148.3145
325.8492
535.0475
182.0381
121.4354
156.8160
472.3241
670.8281
527.8678
487.6753
819.0300
620.2069
272.0322
292.7379
582.0356
338.2448
320.0165
417.8331
494.0881
567.2539
214.6820
307.9435
399.0746
57.4794
187.5938
413.7869
356.7043
318.4195
488.8319
323.8642
737.9517
708.8875
708.9530
485.8710
82.1016
187.5243
431.8958
797.0440
560.6043
353.3235
667.1016
647.7777
470.0387
303.3770
498.8642
116.6309
155.7815
189.4557
644.6469
472.7614
93.3770
302.0599
449.1991
161.8193
99.8679
147.3279
525.8681
673.9017
487.1822
382.1743
573.9272
355.0371
146.6731
260.1653
167.1773
101.4811
124.9018
136.3773
436.0980
459.5634
40.7368
93.3660
181.0553
396.9336
531.0985
239.2848
145.6225
159.3078
155.7755
317.5420
462.2126
343.6757
819.7711
872.6259
755.8024
739.9032
726.7419
868.3305
891.7726
754.6108
373.4898
84.4394
231.6559
401.9100
197.9701
890.7700
948.8697
1001.7938
885.2077
768.2316
498.3138
599.9614
207.6629
329.4746
109.9724
94.8211
300.6398
406.2040
178.8687
370.8164
209.5517
437.6271
178.0471
355.6697
416.1526
321.5906
462.0693
360.6232
458.5447
386.8292
782.6664
532.0207
222.7962
363.9816
403.3498
733.0787
475.5223
208.5866
119.3417
328.0408
376.9911
341.0709
369.6675
873.3697
534.9418
218.7498
250.0819
100.9610
292.8960
430.9884
202.4403
288.1338
78.4522
53.3889
189.4167
234.0022
97.7327
105.0443
110.1942
144.2586
378.8757
266.7825
229.1156
235.6374
295.6464
269.7224
498.0391
879.2440
601.6843
162.1040
287.9311
388.0795
455.0002
436.2402
591.0177
555.2744
352.5214
525.1053
348.8460
155.4998
251.7393
263.5333
319.7679
360.4005
107.9911
74.9810
225.0855
262.4742
109.4881
262.1556
464.0602
142.6822
358.3824
421.9494
337.6329
516.7842
456.2403
601.5664
406.6488
209.2238
301.2589
427.0915
705.7047
767.5316
614.5820
406.5518
350.9757
610.2073
328.8652
437.2567
139.0906
131.7006
196.0567
159.0322
159.4135
155.7316
345.7173
658.8468
497.1756
634.5260
601.7370
260.2049
129.5249
120.9547
204.3064
257.5303
195.3280
378.0856
520.5426
382.5803
234.6688
274.0510
248.2816
369.7449
255.9197
208.9547
581.0935
597.8338
620.1504
426.4289
167.0774
159.9396
301.7141
240.0374
333.6936
214.9492
255.5013
491.2430
554.1141
477.8103
715.5278
721.1961
717.3036
541.8829
109.1379
78.2702
107.3178
191.7632
313.5157
69.0484
187.6404
353.6924
443.8611
268.4310
114.8780
312.6319
462.5346
211.6458
601.4588
744.0786
760.0009
642.9708
449.5446
179.1499
262.3376
271.0207
213.9175
280.5129
281.9671
476.5854
55.9636
311.0638
672.6629
301.5176
271.2004
404.3526
172.7331
241.4525
572.9051
341.7469
437.8420
360.9027
324.9898
526.3563
518.8654
193.5403
180.1371
489.4529
324.5680
193.0576
378.4113
658.2593
310.5395
47.8017
170.7869
100.3683
306.6418
455.9906
472.0873
306.4001
367.6720
536.2044
500.2044
734.6267
544.9557
243.4167
79.9962
98.8210
232.9351
686.0315
445.2539
153.0746
413.7600
466.2294
97.5380
187.7168
194.7977
60.5790
132.1413
367.8360
480.4460
248.9530
315.1627
108.8781
64.3652
282.5542
447.5238
365.9519
609.6918
652.6943
629.8139
322.2713
440.4482
634.3342
838.8085
478.5529
165.3429
139.9667
360.2964
485.5523
164.2653
282.5257
462.7678
150.5649
237.0216
272.6854
167.6624
366.7634
788.2107
747.2293
539.0384
388.1466
124.1054
64.7988
103.7033
275.8254
206.6817
675.8701
604.3177
85.1836
416.0717
830.3051
724.9261
672.7394
207.6669
153.5867
250.8382
481.9684
413.6828
285.7045
230.2091
514.4872
420.3098
244.1510
98.1169
106.7398
345.7080
438.7084
151.5198
137.2761
101.7657
303.7153
544.9646
166.5610
279.0667
722.2817
600.1145
639.6502
332.6868
496.7439
466.7024
268.0850
618.0844
618.7715
178.2298
384.6969
135.0943
98.1415
175.4271
400.4445
518.5525
95.0288
133.9745
183.8132
249.1736
265.1474
52.4237
71.8806
348.8701
388.5280
260.8043
148.5273
125.7171
179.5848
233.6063
437.3791
190.7383
185.5931
196.9098
481.4032
607.5197
689.4349
688.5988
620.2339
797.5623
596.0373
157.0644
490.8230
747.6178
856.4589
662.6451
302.8083
121.6721
169.8333
362.2058
536.0564
171.4269
291.2154
342.3429
632.2896
320.5837
338.4941
597.6416
226.2185
301.4804
621.0718
438.0523
246.4421
533.1234
316.5056
265.6638
123.4630
190.1818
323.0474
457.9443
567.5686
323.8345
690.4183
450.8760
98.8705
298.0770
373.9314
38.6830
61.0732
245.8578
513.9227
363.2551
400.5978
383.3302
440.4814
196.6542
358.6921
548.0603
256.3786
759.7293
763.2452
532.3160
153.7153
489.7862
369.3579
260.0758
603.6901
620.6006
341.7048
764.4787
579.1388
325.4847
214.6740
92.2973
272.3770
328.5101
90.4551
159.1830
225.1721
371.7355
310.7643
71.8924
42.5828
174.1246
359.5374
598.5914
745.7488
495.3909
269.4073
684.9069
716.1441
775.6704
503.5802
91.3013
121.7773
293.6819
852.5347
566.4348
97.9458
389.0033
576.2199
184.5776
148.5771
348.8897
533.3911
431.8850
344.3943
197.1473
308.5499
718.2935
396.4076
146.7102
225.9166
170.2354
180.2126
109.1535
207.6980
291.1606
272.0234
241.8411
328.5337
746.8854
408.6870
53.2981
110.8553
172.3034
308.3207
165.5148
165.5952
153.7453
85.8934
302.8880
476.3045
78.9459
305.3623
549.1808
334.8264
417.2117
96.1465
258.2693
409.1712
56.8042
203.5999
502.7631
201.9376
30.7022
123.4819
198.7434
289.1980
361.5960
135.1718
690.3250
915.7591
830.2439
630.3262
307.7212
116.0182
346.3865
691.4649
714.7916
469.9358
367.6356
656.6957
329.6300
81.6575
136.1871
500.4890
661.5706
363.4720
625.6422
352.3677
120.6485
261.6493
748.2763
761.5011
587.3194
478.0308
374.2399
184.1602
347.4815
830.1312
604.4614
345.3711
812.0747
772.8135
650.2527
543.0081
266.3929
329.8064
765.7171
919.5320
911.3732
637.4060
398.1961
337.9279
298.2702
99.2290
162.6041
621.9727
518.9245
126.4656
438.3450
661.9702
303.3805
235.0783
328.0010
405.3928
762.8254
465.0411
582.1118
679.1164
608.5940
626.7036
640.4132
351.7704
511.5698
116.4376
169.9215
473.8969
616.5777
136.8814
197.0405
223.5417
74.3226
77.8128
90.6426
199.8641
347.4954
65.1345
49.3028
143.4794
129.0639
367.8708
451.0860
57.7588
34.4571
393.0580
935.5940
861.9020
513.8542
182.3663
503.5861
660.1331
499.8043
232.4683
620.7994
570.7525
184.7231
103.9390
242.7067
383.8175
313.5468
370.7413
155.7453
265.6016
405.3826
464.4898
142.7450
150.0565
304.9437
622.3845
576.5693
343.9987
538.2571
64.0378
258.1668
633.2051
592.8774
468.9480
655.5010
915.7693
997.7324
780.3499
639.1430
346.6393
200.6189
320.5446
676.8015
441.0692
352.4926
492.9873
166.3170
136.4362
44.4899
301.9038
895.5820
786.7309
627.6083
611.4492
511.6134
330.7523
534.3614
360.7835
439.6263
234.9285
73.3407
266.4760
558.1805
424.4921
155.8368
348.1833
395.7514
183.1719
418.0710
859.8666
477.1776
85.7285
265.8274
544.1956
392.7924
500.1294
136.5524
229.8806
439.1714
610.1094
117.4610
189.6106
547.4019
422.5633
403.4175
321.7843
618.7358
497.0514
616.8831
657.1018
349.5434
245.8424
452.0904
228.0075
278.9531
155.3753
780.8221
840.6834
863.8747
716.8156
709.2049
816.8979
703.6541
615.5652
813.0930
612.5572
208.9934
101.1226
108.4843
93.7618
75.0878
278.7513
182.0438
176.3393
210.0558
314.3883
808.7269
718.9676
466.7897
300.6740
417.0710
457.2247
235.7075
792.3105
693.6211
328.6048
98.0282
285.9973
446.0628
78.9106
239.7395
407.0258
494.4782
248.7747
427.2635
155.6211
134.9456
86.2332
335.5372
818.1811
685.9861
661.8277
518.5662
597.1897
289.5956
103.0505
313.8706
747.7796
657.6266
418.1223
61.2242
101.7562
91.1806
188.7599
116.0890
86.3971
372.9569
662.7344
267.3105
347.3479
132.2543
107.0419
136.4742
137.8544
210.5778
286.7907
644.2311
534.1341
132.6898
387.9931
407.2510
778.1698
921.3687
607.7075
115.7930
601.6459
898.4134
1000.0803
714.1229
735.6988
928.1458
681.7442
170.8918
225.7400
552.7773
518.9999
765.2324
362.0038
178.7696
320.9320
135.1138
162.9244
46.8863
206.6910
570.6565
782.1090
770.0899
405.3238
214.0982
217.9901
474.5651
150.5094
130.8708
180.5548
217.6161
226.0397
557.7871
325.9789
496.5707
313.9513
117.7270
143.8524
306.8998
251.5934
152.9116
278.4866
334.5150
92.4157
293.9524
706.5580
683.5380
569.4330
420.5158
175.4067
240.5264
207.7894
39.0069
225.1801
285.0234
111.8971
145.6256
131.4199
181.1987
84.7338
74.9876
188.5954
620.0623
610.8022
171.7659
115.3688
206.7250
122.7360
57.4130
286.3291
499.9884
146.4613
530.2581
931.8118
837.7059
533.2124
129.0709
129.6957
266.4261
254.6785
61.7793
135.6642
205.0165
484.4443
443.1776
736.7068
485.0719
59.1037
105.0954
201.3878
480.7846
494.8089
487.8605
906.9520
691.6134
677.3669
676.7595
655.0206
508.4356
40.7142
57.5592
82.6598
305.9530
544.2991
219.8496
165.9506
227.2630
220.0716
129.9132
258.8115
318.9975
194.8006
273.3492
204.3965
334.6806
210.2315
140.1416
163.0646
141.0295
125.1420
164.4829
336.3960
177.2478
102.8754
81.7858
130.7590
345.2418
729.6191
698.4630
724.5865
702.1867
690.3862
440.7041
326.6355
373.6903
128.3130
413.7705
575.8826
355.7836
190.0569
533.3105
710.4153
245.8628
92.5066
94.2040
374.0286
987.6335
905.3968
491.3837
115.4893
485.8029
562.0176
216.7834
340.0316
410.1940
387.6013
494.1273
386.3621
349.9420
618.4089
555.5941
400.0428
61.4733
151.8427
381.7822
266.1286
297.8950
240.5867
487.4521
494.4680
632.8719
613.7518
741.6880
560.4310
190.2912
175.0481
469.8974
816.5528
675.4010
382.0932
290.9428
284.3261
544.7153
92.6493
166.8539
270.5017
95.9220
80.8825
68.7127
137.6410
133.3280
101.4102
463.3962
752.7079
711.6335
490.6685
386.1517
295.6085
276.7315
394.6715
295.7346
246.1338
285.0250
520.6371
265.9700
551.8519
193.7123
444.6652
235.1515
379.9317
361.9676
337.8953
540.5430
854.4554
584.6663
473.1923
820.2529
623.8176
209.2210
411.3426
191.9204
284.4536
457.0416
347.6180
214.5389
306.7607
102.8778
249.7623
359.6307
141.5503
316.2767
774.9698
657.8024
129.9315
223.0872
759.9608
592.3327
211.7525
254.2319
559.3523
544.4829
95.0666
130.0148
415.9861
192.7282
271.3444
378.4018
556.2928
377.9626
67.7565
161.8835
371.6167
511.0488
405.7892
43.4947
73.5280
113.5992
121.7311
396.7359
483.2826
95.3139
249.0223
463.2215
271.1673
606.3517
705.3173
305.5398
767.6297
759.9682
748.1119
518.8044
110.0172
89.6546
353.3202
797.5688
475.9374
128.6489
196.8229
70.6769
264.1400
558.3933
574.7324
460.9451
612.6996
75.4710
136.6497
253.6163
473.5477
392.8600
207.1890
599.6667
642.8382
455.6938
64.2188
45.2769
88.2063
135.1239
280.2866
527.7936
249.6483
777.8579
743.4282
501.9101
147.9180
250.5507
223.8052
452.0598
245.6921
219.7539
589.8277
813.2254
657.7356
641.7898
672.6213
567.2916
569.7382
283.5254
550.3391
291.8793
464.2223
711.4088
400.2529
294.4637
988.3514
867.6350
590.6522
305.0714
155.5236
37.8692
44.8957
209.3867
510.3994
383.4745
447.9509
516.0458
214.6680
382.5781
123.9260
348.5340
729.2708
569.1013
468.4643
591.6159
137.9385
66.1157
56.4854
76.1930
74.0510
67.8064
115.8309
158.8027
221.1008
303.1435
712.9082
553.8156
68.7540
60.6153
116.8515
131.3694
60.8094
80.3243
209.0851
661.1675
506.2258
292.7756
143.3638
241.7488
286.1386
93.5625
481.6617
631.7396
289.4929
579.6433
206.1772
314.9523
583.4681
489.5032
388.9354
392.6888
171.5822
243.7922
236.9092
499.1373
196.3159
264.4008
507.0650
522.2515
487.5442
203.8506
743.8307
733.0109
510.0906
130.1538
303.9897
383.9960
375.8818
1041.4645
825.7507
749.4975
785.6557
479.6384
89.7783
129.7140
126.5457
296.0352
383.6654
189.2449
473.0059
595.6999
609.6946
555.7677
358.8244
213.2455
498.5673
435.8112
113.4091
118.2644
86.7571
66.8203
315.1767
784.8384
874.2547
662.2843
700.5460
626.2172
400.1593
446.8678
103.2274
270.8846
280.2542
237.3037
342.9197
530.6787
728.4583
674.2522
483.4604
153.1045
253.8792
598.1125
524.7403
418.6880
721.6828
558.7961
215.0777
187.4672
670.3278
742.6910
530.0492
829.8277
955.7063
745.6440
392.8185
440.2811
605.0636
288.8233
234.3490
329.4591
532.7379
731.9155
875.8089
526.5336
420.5894
221.5331
226.6202
93.5578
135.7333
167.0360
269.1220
113.9872
204.4661
381.5647
529.2011
113.7700
179.5215
298.4731
160.5184
137.7027
214.7735
349.3789
581.0091
363.1992
165.0537
189.6151
201.5676
251.5039
229.6222
291.1401
721.0783
480.0192
283.7381
101.5527
163.6309
425.0039
505.5057
352.7258
366.5470
687.2036
451.8550
412.2710
808.1509
659.4114
894.3809
936.5648
554.9837
511.6542
489.7459
288.6120
224.9387
485.3906
161.6287
133.9360
244.9576
633.2697
545.0514
499.8385
455.0205
284.3717
588.0135
364.4181
492.2689
460.0164
319.6267
454.9585
260.9831
303.8129
231.8781
175.3842
148.0988
171.3305
289.1812
237.0728
462.0371
1061.2682
851.9528
472.5567
315.2031
370.6783
162.6134
261.5305
133.7634
137.1996
382.5609
738.6311
708.0657
702.9107
754.6792
597.0343
413.1689
493.1508
66.4353
359.1864
1054.5859
1043.4098
631.4521
339.7801
1058.8610
1225.1406
616.7979
197.2538
681.6212
746.2240
506.6370
307.1609
702.0886
490.3850
401.0825
396.9126
214.3646
351.4611
367.7981
481.3341
237.7902
87.9419
127.6036
74.1665
403.7121
542.0133
133.1688
309.3489
972.1159
973.8890
466.9186
185.3053
345.5008
640.7072
502.0088
503.1633
432.6625
538.6894
680.3450
432.5211
231.2171
303.1384
198.4922
173.9867
420.9961
724.7398
297.0840
399.6630
532.6131
416.4940
619.7935
525.7375
301.3419
502.5115
450.5871
321.1763
333.9269
101.2189
90.2196
326.8084
507.7587
104.1398
118.2130
131.6917
88.0622
340.0397
235.2758
271.9715
323.5475
322.4924
43.5422
73.3945
443.6500
577.8691
246.2816
296.2782
96.1357
72.0573
165.6347
293.5536
92.1555
477.7990
821.3728
738.7878
499.7835
295.6763
516.1478
294.0380
462.9768
679.4990
507.2531
109.0717
349.6450
329.2227
416.9629
440.5342
215.8291
463.6464
609.5051
137.1198
136.5474
282.8808
371.8566
456.9981
435.3301
275.6971
540.3796
498.9811
754.0184
434.6482
371.7566
557.9974
425.7596
581.5037
198.8602
260.4266
397.4599
175.1268
794.9541
886.5519
802.2889
575.1956
362.5127
330.7368
509.1236
201.9698
223.1699
129.4912
66.2526
144.8867
402.5533
463.4147
400.6816
466.3989
325.6271
714.7439
771.1752
595.1054
364.4404
711.6995
744.7812
648.8129
460.7297
631.5479
339.1808
268.4017
522.9992
713.0514
522.5486
309.0625
684.8974
521.1176
276.8092
236.1293
465.8227
806.9596
686.8153
468.5309
168.9028
381.2451
779.9335
457.8270
271.5268
331.5003
357.4802
672.9322
552.5285
484.1625
562.3080
356.8340
84.5819
127.0775
348.8251
491.5958
446.0155
222.9173
345.8346
173.8924
370.7278
533.5473
233.5207
628.2697
349.5140
342.0508
713.5670
719.1415
604.6631
327.9238
570.0718
380.6453
276.3128
299.5838
81.2368
55.6090
385.4146
1098.9263
715.3874
276.9211
560.3280
696.4804
458.1414
375.0942
195.2093
155.9945
374.0414
647.0937
226.1428
699.7277
755.9024
453.7557
310.0667
557.4307
267.8052
78.6787
108.3401
349.0535
639.4549
449.8218
421.7029
170.4638
397.1278
481.6532
197.9306
242.7359
156.7080
488.1530
711.3466
400.5710
598.7255
576.9100
133.1920
317.0398
589.9413
581.2747
320.0134
234.8519
242.4079
245.1018
174.2983
149.7427
646.1857
850.8760
736.7178
498.1992
213.8759
225.0573
278.3494
571.8817
175.1905
120.0463
62.6797
252.3231
764.7678
595.2887
385.3629
318.9247
707.4954
532.4901
165.9115
453.0463
298.5856
239.8464
442.5217
234.8518
522.6681
394.8910
546.1677
294.8346
489.7283
134.4325
80.2560
232.5298
502.3718
1110.0016
1142.1528
829.3839
434.2485
161.9072
338.4351
842.0518
881.8508
801.7621
901.5608
1036.9849
829.9299
832.5799
610.8802
421.7895
132.6463
553.4107
398.2889
149.5199
465.6655
731.8645
573.3347
505.1329
546.5661
113.9522
445.8304
509.5290
277.6912
506.0319
158.4766
101.1958
52.5821
264.9823
513.8544
599.1767
497.9102
347.7772
542.9162
237.9413
339.7287
103.2168
126.3852
283.5678
495.8258
168.2519
347.2933
680.6889
726.0597
506.0255
551.9911
774.1062
487.0983
132.4750
261.3381
329.9051
670.1708
851.5548
508.3473
168.7096
331.7363
191.2888
400.1494
312.1794
570.5107
382.6543
607.8758
156.9666
162.7597
196.6206
213.8003
494.0693
765.4729
311.9724
160.6859
267.8942
275.8435
488.3920
265.8517
134.9009
247.3379
726.3214
847.2649
651.1497
504.1654
232.1674
710.5343
462.0990
52.6599
88.2109
133.0812
206.3280
117.8092
142.6873
89.6571
55.5556
57.2977
159.4473
232.5436
128.6778
136.8411
95.3406
162.2373
75.5365
209.2648
384.6847
62.1586
295.8710
599.6771
119.2524
108.6052
181.2226
417.9694
289.9195
357.9811
225.0784
139.0228
385.8661
589.8604
481.0004
124.4519
474.9403
549.9628
189.7477
240.1808
462.0470
103.1225
124.1455
269.8206
231.3894
484.7221
287.4445
429.0807
425.2047
593.5982
719.1735
606.2967
343.9272
254.4449
381.6872
463.7909
581.8702
510.2042
142.1508
106.1275
348.2112
668.8535
588.4269
225.4768
201.0027
387.8600
517.2966
242.2178
411.6910
402.3151
588.3454
718.8680
1040.6261
897.5454
757.6724
619.0219
519.4923
799.0841
571.5558
432.8455
430.5194
201.1290
284.8326
882.0496
691.0340
347.8768
126.8811
150.3444
309.5864
394.5202
364.5662
433.1761
52.9923
280.4094
389.9406
332.3288
371.8836
605.2760
528.5521
342.1409
482.7441
257.2536
426.3999
276.0920
575.3140
505.5101
415.1271
248.3928
315.8657
373.4319
58.9826
131.2325
357.7032
356.8772
521.1033
261.0530
224.1540
525.8923
723.9873
234.4924
288.5949
559.0578
529.9973
583.3151
292.5390
154.5235
323.5811
570.5577
626.1937
482.6060
334.7326
451.3225
185.9356
168.4886
425.3584
572.7107
123.4394
76.5948
139.6847
162.6654
120.0478
405.3016
622.5085
115.9665
104.0062
249.9021
604.7125
867.5436
692.7004
658.0040
848.2835
606.3824
292.1973
311.8100
528.6382
188.1970
41.5532
108.5859
188.1197
276.8659
470.2537
503.1670
219.5860
547.1783
541.7898
495.6033
259.2822
428.1213
74.5942
118.4201
416.5768
759.0822
758.8321
510.6978
537.4116
692.8027
778.5268
561.4961
195.7291
92.6285
168.2791
241.5707
237.4849
157.1337
297.1251
329.8828
548.1006
328.7679
461.8852
436.2419
305.6670
521.9918
161.9371
165.4008
192.4433
232.6077
64.2496
136.9784
123.7818
147.5895
177.9157
317.3693
278.5993
377.6597
300.1260
350.6277
579.0725
194.2252
110.9759
65.9633
105.1253
264.7328
385.8189
763.7437
781.1980
740.3843
768.5354
782.2306
784.0969
558.4107
62.6200
131.9273
342.3614
805.6131
496.5543
143.6124
360.3485
88.7852
160.1127
321.2222
385.7998
650.9709
409.7979
683.9811
261.4115
233.2518
571.8109
482.7071
458.1521
456.5981
490.2092
687.4323
724.0733
531.1887
291.0688
652.9250
419.5237
383.6914
928.0135
520.9325
136.7874
221.0557
465.5935
512.5486
71.4163
132.3903
167.1537
166.5881
500.3962
893.2353
918.3179
945.1440
898.4664
822.9361
512.6501
342.0230
458.5585
165.1584
262.9458
154.5371
234.9023
281.8766
756.9240
810.5518
816.4354
643.0749
520.8177
378.2870
272.8993
357.3949
473.8534
335.4350
722.9930
478.9192
76.6722
315.5969
507.6216
73.7913
230.1614
372.0374
351.4760
871.7957
675.7803
481.1115
669.5457
399.3396
350.4031
301.3301
457.8709
482.8303
774.8905
643.6233
567.6499
125.5807
358.1076
826.8143
881.3388
823.3130
722.0778
434.9254
77.1233
198.6855
351.0851
182.1116
131.5797
218.8465
216.3459
630.4593
705.7789
588.3701
585.4792
611.6125
344.4031
146.0540
477.6823
555.0308
283.9410
259.5870
96.3051
169.2086
499.9211
454.3626
130.0782
399.7799
383.3298
61.1341
121.3396
293.9674
513.0426
392.9344
164.6033
181.3729
114.8879
160.8365
188.1140
453.0724
346.9830
397.3815
783.9686
709.6417
330.1988
271.4037
719.0885
838.9998
816.5143
535.3702
469.5140
576.1270
388.4042
124.3669
131.8600
375.9979
430.7085
40.0196
67.4735
299.1691
303.9715
105.8671
311.9582
667.3417
681.6098
457.0320
289.9921
89.3121
247.4426
577.6539
678.5631
809.5606
700.8113
759.9160
790.5990
623.3731
235.5482
323.0151
478.3331
662.9328
566.2697
180.4212
255.6062
406.2594
262.1673
491.6762
141.8203
56.2224
125.1470
637.4013
659.7813
465.9878
367.6868
181.2683
198.9665
373.0350
788.0605
802.0152
563.3379
402.4177
932.1773
621.9953
521.6609
686.6491
572.9280
470.4381
964.0459
825.6686
439.3791
135.2550
188.9274
271.5139
202.1576
707.2274
511.3051
647.0586
867.9859
521.4226
147.2273
240.3409
227.4938
324.3405
402.8552
262.9066
178.6152
62.4904
228.0993
568.9745
482.1653
413.5736
395.4917
668.0474
605.8613
559.5809
523.0289
580.3643
161.0233
371.4833
672.6886
303.6632
75.5351
86.0498
200.3056
319.4979
677.4951
471.2016
500.5311
466.2712
453.7053
252.9673
740.4234
466.1420
154.6221
436.0127
384.1654
135.3713
146.7469
400.5892
780.3769
820.4431
788.2651
749.9548
579.0968
295.0570
224.0177
42.0396
216.1603
360.7925
486.2870
244.8272
383.2006
574.3496
489.7839
117.3188
115.5163
207.9539
342.7858
634.6940
299.5337
370.3304
957.2649
618.4131
341.7959
467.5037
555.9512
213.3909
107.5829
86.7989
357.7228
360.9106
438.7625
685.6272
203.1886
94.2335
156.3947
216.7648
65.8958
286.2404
613.5480
490.6257
271.5346
244.6019
32.6955
84.3974
91.1162
194.8623
392.3157
206.8372
90.4449
208.3703
318.8913
351.0941
310.2203
139.7916
286.8799
158.8078
154.7398
588.3298
827.7466
773.6243
908.5315
849.5653
677.5001
398.1027
261.5472
639.8451
541.4345
196.0528
227.3336
635.7866
592.0429
296.9580
121.2132
366.1667
370.9044
158.3287
607.2237
730.3863
474.9758
690.6135
585.2528
763.4847
929.6864
905.5530
726.8436
595.5757
513.9230
401.0715
684.3776
747.6181
780.3748
650.8229
354.8575
183.0469
501.7368
455.2040
290.4867
208.6065
320.2305
748.4730
687.8878
702.1115
583.5431
396.1819
879.7596
576.3610
245.3632
514.7352
311.9115
368.7642
672.1740
427.7376
96.1247
273.2928
114.4833
182.1784
405.2070
614.5980
330.6886
582.8816
541.4118
282.1402
504.5993
500.7634
196.5726
324.5785
646.6798
532.8248
175.6410
319.3257
475.5050
270.1791
87.8631
269.4085
147.3152
161.7156
79.4285
318.3224
498.0283
256.3692
433.0013
710.7063
477.6568
698.2199
628.3399
483.8364
302.1732
172.2466
438.3908
574.3224
385.4159
63.6656
265.5745
272.6528
69.6039
125.8800
257.6925
135.5592
265.0963
501.0317
238.5261
185.1697
414.9040
829.0823
662.2980
387.4632
391.2321
271.1028
489.2264
895.9375
577.6527
309.1409
327.7569
851.7217
759.5568
359.6615
131.9348
223.9418
116.4916
380.7235
723.4339
657.7315
101.8815
155.9833
381.5027
109.2409
303.7304
425.7237
358.5314
726.8507
625.6599
348.4895
427.2922
604.6602
30.3204
338.7878
589.8347
97.5396
304.3678
852.6158
602.0760
479.5206
423.8711
128.9616
274.1056
298.8322
120.4791
466.1206
407.3667
325.4768
509.4676
417.1735
553.7556
235.3304
248.1252
185.2594
500.4969
781.2481
516.4808
468.2109
1079.9932
1088.6125
786.5150
634.2609
611.8061
402.7433
146.6632
218.7524
164.3687
518.6857
667.1869
525.8303
117.1069
558.0520
549.7163
199.8590
490.6844
751.8192
462.5255
223.0772
690.7184
771.4103
805.4797
861.0093
1023.7948
1047.5863
778.5814
658.2241
679.6600
404.1640
214.8364
136.0200
310.9993
458.6432
165.4711
92.3545
257.5361
699.3095
438.2668
273.6237
452.7206
201.9948
387.5692
785.9035
695.1950
588.1265
612.8640
466.6534
90.2136
263.2121
479.8710
170.4026
307.0471
544.3946
388.5448
474.3571
321.7496
149.2982
349.4146
518.1058
648.1993
105.5622
154.1323
71.4320
221.2915
574.5544
632.3545
140.8296
370.1314
519.8598
301.9361
916.2819
733.2888
355.5837
493.2865
879.1064
759.0382
688.0432
733.9634
883.3800
814.9306
701.8142
469.5256
169.9464
744.1543
676.4454
389.8859
106.0536
254.0219
214.3403
132.7210
221.5862
431.4882
199.3416
477.6766
380.5748
889.6182
930.6061
841.7703
613.1815
383.3074
586.1321
303.8642
272.6720
431.2167
125.0465
129.5252
242.0575
230.5833
529.5247
716.4907
549.3559
206.5103
244.9785
291.6750
397.6641
140.7112
239.4764
366.5716
330.5816
318.7798
409.1148
99.7314
137.2955
325.1032
392.1325
337.9985
265.4300
197.7157
427.1905
650.6976
682.7430
280.3874
126.0256
193.2536
168.8320
491.3752
578.6233
194.8178
82.1701
278.3616
618.9628
765.4720
608.7235
229.9835
355.4200
128.3964
141.6794
368.6633
506.2668
448.1679
482.0394
129.3625
295.8938
593.1370
445.0986
96.8479
119.1835
123.4386
125.7495
203.1415
430.5256
179.3141
284.7107
573.5817
169.6755
271.7037
499.1029
166.9760
411.9565
244.9612
350.5670
538.3410
314.1523
530.3913
522.7514
214.8594
178.6615
156.8094
320.0151
98.5915
183.2527
512.3820
720.3196
553.6820
225.0724
242.4001
547.2014
799.1241
684.0242
674.6510
879.2859
928.3086
984.3403
584.6035
449.8725
614.6070
407.4981
108.4742
185.3600
566.5210
647.9042
166.6264
754.0038
821.4715
844.6818
846.4677
595.4748
89.8811
274.5743
594.2782
379.8672
183.3862
306.2026
225.1039
477.7756
161.2952
126.8056
150.3500
160.0761
139.1750
184.9587
211.2297
467.0831
716.2866
607.7482
605.3362
684.8749
667.9579
384.8591
177.2117
202.4517
234.0359
448.8592
372.8651
323.4334
54.7518
49.7187
247.2793
768.8643
873.0671
929.0368
834.8643
574.3471
380.4816
811.7294
475.7529
215.4801
518.9375
330.1937
440.4092
537.5045
948.9454
878.6569
487.4047
91.5633
275.5030
596.6544
580.3380
695.7702
485.5420
437.6782
423.0283
670.7525
733.6652
449.9704
276.8690
398.1492
73.6945
351.9864
507.1857
315.4487
242.1647
177.5193
329.0416
597.4437
197.7773
549.7705
873.3645
509.1925
154.9737
421.5201
696.5387
182.3119
67.1227
62.7902
226.3447
729.9109
569.1927
384.1315
797.9860
562.0342
248.5782
682.9773
526.2893
261.0803
377.1914
598.1667
511.6311
454.6002
238.9667
316.1794
581.1244
569.5485
454.2497
330.0925
500.7137
205.3609
580.6333
526.4545
72.8665
114.8801
246.2514
612.3393
676.6164
676.1444
538.7124
616.0627
743.2904
495.9325
636.8627
255.7799
271.0978
223.6046
255.7998
492.2049
677.8426
509.1243
234.4213
436.0361
248.4547
446.4692
976.3729
769.6174
489.0170
603.0013
204.9212
577.9913
601.0685
344.5604
588.8112
441.2880
267.9217
268.6159
348.2561
394.1524
722.1788
431.2017
188.6337
61.7246
172.7261
226.8416
369.1520
540.1462
219.2292
309.9438
444.4075
404.5659
461.7843
187.3692
526.7252
665.2121
237.8820
410.4817
526.8411
684.2653
523.6584
179.0605
411.9745
492.2798
75.0958
173.2565
442.7162
755.6291
642.4061
618.2381
522.8879
397.1700
368.7534
260.8573
316.6931
505.1427
326.5299
667.8482
314.0975
272.6191
779.6094
705.7589
414.5917
511.6185
593.4526
809.1400
413.4571
50.3533
177.2504
301.6380
151.1182
273.5801
322.6261
439.3799
835.6228
777.4919
745.8130
851.4561
953.5841
616.3094
148.2438
254.1432
464.5644
761.9993
473.9179
600.8854
687.1064
307.7425
468.6137
869.8114
970.2462
972.0085
657.4143
450.9529
470.3544
82.9739
239.4875
738.3929
696.2837
481.5134
468.7926
185.7912
305.1289
165.3978
372.6278
1064.1028
1175.0175
1007.0372
1020.8282
724.4715
368.6241
655.9160
537.5738
335.0971
70.5558
299.3604
425.1923
377.8557
218.7801
746.3669
793.7306
880.9555
903.9787
798.9289
667.6717
478.1310
439.6949
616.4153
357.9223
651.7249
265.5000
299.9919
737.0964
739.8095
1091.4459
980.5115
801.4233
977.4063
993.1754
628.1218
123.6025
436.6144
630.3382
60.6230
157.6676
480.3046
281.8258
591.5191
552.2942
170.3610
260.1619
128.2285
203.8366
142.0730
174.8992
495.5976
899.5545
982.0888
624.4617
84.1990
195.3918
426.6595
368.6368
760.9924
409.3455
128.3129
524.3119
946.2822
633.2437
111.7722
263.4094
540.2548
329.6137
840.1798
773.0326
418.0659
86.8267
356.1807
408.8314
182.6788
380.9484
215.3715
795.3941
851.1066
870.4338
860.4597
890.9648
882.2410
782.0549
513.4317
180.8158
186.8305
115.8126
176.1789
464.3283
488.2929
197.5121
116.1904
58.9449
387.3662
702.3798
217.1847
297.2193
406.4591
262.2926
337.6979
573.5540
166.4354
108.8662
611.3890
1068.8310
854.4622
746.8838
459.4097
299.1948
368.4458
419.8162
820.1359
632.6936
213.8346
226.2103
739.0619
878.0827
847.8008
636.4344
377.2807
278.7334
767.8405
715.0323
646.8174
375.9311
50.3769
173.5978
333.4311
97.0639
91.7559
249.6092
526.7102
679.6406
469.5561
241.5586
413.2309
249.2531
293.8220
559.3053
541.6639
696.8674
412.7286
195.8573
86.6782
304.9946
980.3933
1163.2010
908.3071
807.3739
789.4134
376.9145
537.3624
143.2082
210.6962
523.3237
509.9293
345.8004
148.0093
129.7775
74.7994
179.3179
289.9530
343.6764
407.5802
481.0283
60.9208
198.1438
471.6810
155.7292
285.6554
530.2904
418.9695
576.9931
499.2938
462.6795
472.9509
350.0570
465.7942
329.2047
535.2552
655.2557
535.7015
157.3711
265.7053
790.9563
830.0903
941.2858
1046.8630
908.1418
537.4474
208.0746
705.4428
705.9341
604.1861
546.4576
780.5044
851.6847
829.7418
777.6143
662.5894
590.2198
588.1310
359.1856
219.7741
495.7560
688.9984
288.0129
428.5432
309.9406
412.2630
396.5052
704.9381
611.1690
392.1628
627.0582
551.2908
456.2709
407.5445
701.9744
469.4154
158.1180
445.2511
820.5075
900.6194
864.5380
826.3134
898.7877
571.4278
336.4170
396.5004
571.2395
114.8364
104.5575
187.3989
185.0949
317.0922
158.7550
349.8535
381.9325
90.6930
325.5740
777.8286
541.7038
424.8591
679.0083
284.0076
341.1709
433.8342
681.5782
881.7181
712.2479
724.5817
563.0576
632.2447
994.2660
589.8005
311.9002
221.8728
396.4326
463.2400
502.8551
159.2590
307.5038
202.4571
84.0039
349.4753
568.8755
137.0757
227.8918
365.6563
239.7605
260.4146
621.1855
369.7656
281.6290
106.5785
363.6318
419.4436
159.8261
190.7063
323.8306
540.0341
336.9310
684.3233
293.3857
272.2803
276.5232
531.0984
220.5418
367.9694
232.4045
152.7222
232.1808
408.9677
969.8982
764.1259
578.2553
397.7861
227.6104
489.5755
372.5483
239.6940
365.7707
680.3465
594.7488
647.6615
834.9821
474.9473
287.0614
900.9148
1125.1052
949.2014
878.0305
841.5096
639.2041
205.7450
240.2777
603.0380
923.4167
857.5319
850.8733
731.5345
666.6796
576.3616
847.0813
1035.4618
811.5662
788.7399
732.7932
484.6780
295.5004
422.7606
789.9661
608.3522
419.5987
1019.9114
940.6066
838.6576
817.4910
826.1439
546.5113
347.1577
463.0944
541.8860
135.3251
442.2248
1056.5502
678.3026
201.1558
211.5302
326.4597
280.0337
115.0894
160.7119
293.2873
652.2584
854.0111
752.4212
220.0624
207.0470
334.4507
93.1079
183.1762
349.5175
882.6334
795.8382
421.9872
100.2047
314.0424
383.9358
410.0521
546.8748
164.7602
462.2380
727.3838
921.8220
686.2402
375.6657
533.6324
87.2023
189.4158
56.6995
145.2278
305.8116
251.0596
247.7948
52.8467
241.5324
690.6141
580.5234
538.2848
447.1467
238.1825
226.0715
524.0063
844.1237
547.0351
83.5848
146.0676
278.0674
448.9006
835.1068
584.5617
62.0163
78.0108
449.6528
764.5013
740.1940
715.3819
360.2847
369.8615
870.5205
594.0689
111.0336
138.4789
121.7356
248.2031
486.5520
708.1499
680.7301
603.7721
675.8532
247.4451
288.4001
347.1378
402.2138
88.4425
272.8301
400.7370
221.7486
295.1512
346.7539
632.0372
526.7361
133.8754
142.6071
93.2602
301.7997
197.0114
345.1501
1078.5475
974.9747
1109.4360
1124.8264
913.9827
674.5329
560.0445
405.6467
540.2959
273.7020
559.8598
325.4912
494.9185
865.4988
632.0662
118.4173
165.6866
213.7164
112.0850
276.2145
612.0456
436.9023
329.7304
460.8337
112.6551
122.4239
480.7730
681.6255
417.3348
543.9013
724.8467
546.8725
620.0176
446.2823
490.0987
423.0658
153.5924
318.4120
596.6197
320.1128
132.4028
347.3897
690.6254
482.0753
284.3105
375.5199
772.3765
644.2422
165.0080
95.7564
64.0862
142.6837
606.9309
1070.6253
1119.2097
819.5163
701.5290
621.4737
123.1694
386.4836
519.6752
413.0806
563.4040
136.9921
210.6743
290.6277
537.9615
719.5528
459.4308
196.7429
163.7306
80.2038
345.6595
628.2515
662.0696
467.7330
280.0068
917.4185
1086.9986
965.0676
895.2659
873.2261
662.9252
267.7501
673.1664
917.7327
1066.3877
919.7057
902.1076
843.3032
771.9425
771.2443
795.1911
862.4692
865.4714
755.6511
454.6756
415.3024
984.7975
1070.4974
1081.7042
1032.2199
1082.6502
1141.2034
947.7305
449.6578
163.4620
389.0196
593.2182
282.4830
430.2776
805.5621
905.9015
878.9299
596.4989
135.1456
331.7135
561.5063
482.3971
852.3183
608.5891
548.1555
837.5183
579.1474
532.8944
605.4731
40.4119
189.5341
456.4809
633.7769
599.0609
693.6879
648.9506
413.7754
232.0303
369.4411
578.2843
161.5236
174.3245
315.9013
753.3586
1093.0038
1104.6414
1006.2786
830.4283
923.9523
672.1247
322.9570
20.8505
294.8210
531.8516
368.3441
679.8466
860.4941
500.3323
404.9670
945.7449
752.1823
734.8161
888.1337
626.5526
253.2379
113.1825
342.4122
505.8293
70.4223
272.0347
815.6780
810.3499
474.4598
109.8768
291.1295
542.0356
325.6140
814.8100
871.6864
1008.4352
621.3202
477.6379
812.4379
629.5446
409.7563
424.5289
873.5011
935.2108
977.2917
649.8616
356.5149
636.5471
396.3387
177.9951
678.8909
978.4665
941.5035
757.7962
370.4263
421.1575
325.7152
105.3219
220.9108
367.1943
421.5238
342.1598
857.7227
667.4669
376.2359
82.6790
166.6549
338.3100
375.5157
525.6442
226.9824
194.4181
324.8820
185.3015
541.7855
651.5681
655.4872
181.4645
219.3612
584.0851
785.2041
978.3069
766.9368
753.6096
548.3103
259.4627
313.8602
160.2851
340.1680
264.4282
66.7530
171.5291
443.0957
594.3508
164.4952
212.4658
377.3930
219.5454
646.1570
890.4853
649.2314
91.8993
107.3835
240.9609
292.4772
134.3110
135.0251
129.8600
48.9282
173.8834
332.2937
421.7480
121.7017
155.8002
143.8103
342.5503
388.4746
709.2676
523.2807
148.2112
184.3566
160.1704
142.4098
346.2286
693.6943
602.0184
480.3600
228.3167
646.7852
538.2854
688.3147
623.0400
768.2161
750.1995
584.7847
612.6296
439.5925
720.3344
818.1823
751.4112
833.5040
441.8997
108.9348
204.4941
269.1820
459.0344
252.6381
169.3357
111.6218
214.9007
160.4766
170.7922
319.2613
101.8026
484.9626
884.6589
593.2682
372.2715
382.9308
641.7447
822.7156
757.2834
851.7124
918.1251
1070.0691
885.7054
405.6755
164.8465
446.7231
99.2555
212.0198
327.5256
663.2112
768.1433
628.7953
668.2753
585.8316
270.5198
419.5593
562.5911
353.2351
481.3018
114.7671
217.6095
179.8918
291.5830
578.7065
667.8098
912.2558
885.8265
820.9688
665.0219
419.9501
409.2792
735.3753
716.3191
629.1031
506.4345
675.3113
842.0708
681.4287
410.8650
373.8242
603.6766
784.2593
487.5388
220.2745
230.4006
469.7033
56.4271
146.3077
480.0478
938.1645
772.5005
386.8530
173.4024
577.2292
604.0968
424.3871
932.2940
597.6106
406.4222
439.4137
261.8366
356.3909
640.1093
589.4377
731.9627
302.6003
228.1604
709.6256
660.9194
745.8840
567.1692
94.7942
418.0600
815.8230
723.1015
522.8358
126.3387
62.7300
321.7575
597.6229
231.0703
524.2907
706.2217
783.8792
368.3926
309.8449
374.7392
125.4254
295.2617
231.0552
341.1333
840.4939
693.0851
911.5180
953.0528
779.7834
500.6169
442.7716
378.6979
331.3608
265.5293
115.3982
271.4798
183.3209
171.3373
389.6938
168.6498
290.8563
462.5891
363.3104
161.7204
147.3979
140.9741
292.5830
339.2614
133.3569
206.9313
70.6622
452.3613
565.4518
27.3877
165.8641
714.9156
573.5238
351.0695
507.6941
151.0595
340.6558
301.6312
200.5883
389.0667
481.4984
179.2563
218.3780
286.4008
370.4299
325.3496
687.0972
791.0016
762.9944
825.7696
812.5367
645.3806
586.6466
385.1195
941.0981
1026.3023
1082.1476
1103.9554
906.8698
737.1299
724.1532
284.1627
584.6857
778.4538
203.4799
332.6453
638.7287
618.7405
299.1002
399.2167
451.2666
561.4132
314.8392
589.6232
475.3574
302.3380
294.2751
457.8004
654.9899
304.4689
574.7538
1018.7850
1163.6801
1096.7724
619.3172
241.3140
489.7592
778.5742
564.7119
125.0229
419.9142
1082.4499
1174.7420
998.1146
530.5298
84.6553
178.2027
177.4296
204.4134
223.1398
274.3587
172.0126
227.4159
640.3823
935.1233
812.0418
607.2407
492.9600
682.9451
559.1701
342.0080
114.7120
113.0408
349.3105
511.6328
399.1250
244.6060
527.2461
579.0071
323.8752
600.6224
558.2920
1072.5946
972.7286
727.8645
362.9213
453.7391
430.1982
138.3345
163.4531
192.4948
266.3601
581.5393
889.4231
962.6048
722.0059
771.7410
758.3089
661.1255
850.0081
1109.7946
869.1481
429.4007
97.8981
390.7550
662.6432
471.3063
124.2139
504.5031
523.8873
160.1465
104.4029
250.7790
549.8243
709.9148
703.3943
293.9226
259.9712
375.4596
316.1806
874.4098
886.8959
720.9751
451.2586
403.9708
858.5686
871.3071
583.8584
538.4592
329.3840
602.4762
842.4315
499.4799
187.9043
392.2596
439.9551
195.4510
325.2390
463.6781
116.7578
288.2163
511.2313
114.1071
288.7196
381.4016
138.8658
478.3499
994.5595
1144.8789
684.1422
186.4129
207.7023
633.0864
665.0335
491.1747
163.8763
359.6596
191.0957
135.1570
108.7156
343.1364
870.8221
821.5785
481.0420
305.1078
118.8054
349.4674
626.2418
556.1327
283.3515
234.2471
794.5207
694.8848
449.1948
389.8618
489.9887
794.5430
807.0284
633.2660
484.9012
526.1870
553.8214
702.3614
545.4690
491.5102
139.5628
326.6571
517.8388
78.0320
46.3176
102.6150
171.3231
439.1151
419.0160
157.6906
259.0118
349.6191
157.0195
453.2984
358.0181
885.3007
882.6263
668.1630
644.9880
579.2541
501.4915
614.7964
535.0523
69.4033
189.9669
425.1181
815.1287
673.9118
312.1052
88.6798
107.1205
132.0674
60.3809
89.3458
134.5198
408.8629
877.7108
845.9181
626.6130
108.3868
255.3676
260.5772
299.8928
556.0043
747.6373
559.2738
258.4426
478.7132
407.9373
115.7550
130.7207
290.4584
409.0677
180.4124
226.5054
376.4617
213.2934
226.7901
140.6388
269.6867
283.1524
463.0201
304.7500
758.6824
447.5304
153.3260
504.2299
589.8981
223.0912
482.1959
508.0935
475.6608
226.7368
250.5461
424.1583
197.2282
203.1234
468.3365
351.9107
574.5756
514.8736
308.6111
446.1790
128.0531
327.1522
575.7539
1008.0575
1167.9151
1117.4130
1122.9044
1046.5896
726.6607
365.5411
139.6564
367.8908
412.8220
592.4429
380.0949
69.9465
207.9542
148.3375
120.8221
456.8053
574.4895
249.9228
85.6090
365.2683
397.1428
114.4949
141.4525
354.4548
418.9784
437.0048
401.9577
446.7100
845.0765
703.4599
276.3523
202.5635
382.2940
406.8884
178.4976
800.7966
1176.5738
898.6526
742.1924
781.3958
799.2116
842.1786
497.0986
261.4867
774.7548
865.0870
530.4453
253.9292
379.8822
894.9161
955.8977
876.3303
604.4916
87.7878
106.8372
273.8612
686.1167
350.8021
309.0031
740.1959
259.2403
215.3606
120.2635
105.3799
276.9250
293.7136
396.8014
85.0372
