7.5939
-15.3359
-6.5773
14.2039
-20.8452
7.6554
-12.7562
-32.0555
8.7067
-28.5586
-23.3445
-20.4738
-25.3898
-19.3227
-14.8832
-22.4808
-4.9664
-24.5477
1.7160
24.9023
-21.2255
11.7543
-14.7172
-22.2125
-11.6707
-38.9701
-22.9539
-39.6727
-24.2135
8.1827
-25.5773
-11.7329
7.3160
-11.8445
-23.4887
-0.3094
-15.4588
-22.2078
-21.9367
5.3982
-13.9888
7.6226
1.6121
20.4461
4.8012
-17.9934
-3.9979
-9.2135
-7.4665
-36.5320
-20.1570
-12.4059
3.8715
-15.7504
-1.3979
-4.4902
-20.0553
14.5258
-18.7901
1.3113
-30.3234
-4.0843
-36.0027
-11.6028
-1.8734
-12.5859
4.3063
-17.0275
27.9918
-2.6715
11.4961
-36.1344
-18.3045
-1.8495
-13.1256
-5.5254
-27.1953
-0.7956
-8.8691
-14.1547
-0.6828
31.0070
0.8035
-16.9121
-12.7621
-5.0956
-13.1586
-22.1250
-19.2875
-6.3133
26.3812
-19.2383
1.9574
-1.6766
-11.9096
-18.4266
-23.3632
-4.1818
-14.5500
-0.9420
3.8347
-7.2273
-4.2711
-25.7906
11.5242
15.2766
-0.1863
3.1734
-43.1098
-15.3061
-12.5094
0.1078
12.3938
-15.3457
-42.7969
-0.9629
5.7411
-9.0871
11.3671
-12.6848
-41.4961
8.4957
-13.0469
4.4074
-19.9480
9.3199
0.1793
-43.5996
-7.4691
8.6211
-29.9352
-1.4297
-26.8145
-6.3624
10.1301
-19.1480
-11.7793
-34.5594
-30.3133
-3.6167
-29.4559
13.4766
-11.9551
-22.4889
-18.1379
-6.8970
-12.8477
10.8699
-8.7727
-31.0965
10.5393
-6.1180
-5.7695
-18.9721
-0.5695
-2.3578
-4.1062
-14.5266
-18.1270
1.2395
-5.4572
-9.5688
-10.2999
-47.3109
-24.9299
7.5379
1.9812
-6.6045
-1.3173
-12.5516
-6.0383
27.7845
-38.9990
-3.1156
3.8016
-0.2102
-19.7543
-16.8881
-1.1613
15.1723
-16.1037
2.2144
-26.3461
15.1316
7.7119
-6.5377
0.4039
-36.9031
-29.3395
-23.7220
-24.3977
-21.0139
-29.6930
9.7580
4.4922
22.2500
1.5422
-11.3348
8.0809
-3.5090
15.2973
-19.9625
-14.4516
4.6270
-5.8766
-23.3492
-46.0754
9.4043
-15.6348
-32.6758
8.5414
-10.1897
-24.2771
3.2576
-24.9578
-15.7295
15.9367
-0.7277
-8.5240
-34.1180
12.4411
-19.0469
-30.5113
3.4795
-34.5687
-29.1961
-13.5883
-13.6026
-3.8954
1.0018
-16.4992
-23.0164
-14.6105
4.9326
-23.2156
-2.8674
-23.7429
-20.1614
-21.0289
7.4707
-10.5277
-21.6445
-18.6391
1.6765
-11.5385
9.7688
-27.5766
3.3879
-34.7986
-29.3164
-19.0569
-5.2711
6.1852
7.1041
-18.6459
-11.6022
-26.9875
-16.8570
-6.0988
-29.2734
1.6313
-21.9352
-29.5961
-25.9047
-13.2682
3.7398
24.6109
-36.6918
-24.9031
4.1849
-0.4111
-6.7890
-19.6396
11.4527
-29.2910
1.5411
-6.6961
10.7635
-13.2480
7.9254
-5.1795
-8.4785
-5.0230
-3.9707
-39.6883
-24.0093
3.0312
-10.5751
-21.5348
8.9630
-36.0023
-20.5284
18.3656
0.6613
24.7836
-4.9105
4.7855
6.1406
6.2180
-38.3148
-12.8936
-15.6891
-39.6824
-7.5281
-21.3828
-29.6819
16.1860
-46.0656
4.1176
-5.3219
11.5879
-7.6691
-4.3219
-19.6969
22.8086
6.2203
-4.6219
0.1355
-16.5715
10.2773
-14.8848
-12.1566
-18.3404
-29.2609
1.3127
-40.0712
3.2371
2.9156
-9.7265
-13.8457
3.2744
-16.4447
-12.7771
-26.1109
-12.2933
-37.3672
-2.7316
7.1188
-0.5544
-36.9262
-25.5371
-5.9684
6.1746
-29.7559
-12.2406
7.2577
-31.8320
-39.2133
0.4697
-28.3281
-35.6781
1.0434
7.8047
2.6203
13.3016
-6.6477
-32.4305
-24.6695
-21.8698
20.2801
-1.3018
5.4164
4.4309
-16.8910
-5.2926
-8.2250
5.3771
0.4447
-10.4043
-40.5109
-16.3691
-15.8657
-14.5262
2.9650
-13.9125
-18.3648
4.7020
-2.9292
-29.2532
-1.4212
-3.1955
-19.5139
-26.8137
-2.5261
-31.7086
13.8473
-0.6742
-14.5359
-45.7523
-17.9375
-10.0504
-38.6125
-10.5693
-18.5595
-1.7102
-23.3587
-16.9098
2.9925
-25.1750
4.5716
-21.3497
-23.7859
-10.5934
8.8859
-19.0048
-1.7322
-11.6160
-31.8605
-0.6164
-0.7941
-7.1570
-0.0197
-8.3082
13.1254
10.6477
-15.3873
-9.2059
-9.7085
-37.5844
-30.0977
-32.3211
15.0695
11.6133
-27.6523
-10.1535
-20.6386
-19.3369
0.5869
-21.1709
2.2193
-14.2539
-4.9290
-18.7016
-32.4305
-30.4473
-16.9340
-29.9986
-10.0993
-17.2016
-2.3414
-5.1141
-13.7828
-14.3934
-19.3167
-22.9352
-14.0119
2.0838
6.3336
1.4977
-13.5361
-0.1004
-10.6506
-32.1453
-9.1934
-4.7475
-14.2073
-4.7691
-50.8953
-28.4164
-28.9007
-37.3422
-15.7330
-15.2047
-8.0047
-19.5980
5.4073
-11.6461
2.5914
-22.4566
-18.1398
-26.6096
12.4973
-13.3520
-16.0699
-30.4465
-13.1102
-18.8574
-4.9486
11.4582
-4.4324
17.0943
-2.7205
-26.5793
2.9943
-7.6465
3.6160
3.1273
-5.0320
-16.4258
-0.2902
-8.9076
-2.1270
-11.7532
-27.0789
-40.1813
-14.1648
-6.0896
-24.7652
13.0539
5.8108
-10.7850
-21.2505
-17.8004
-8.8594
11.1342
-40.5719
-12.0129
-12.1555
-22.6723
0.0445
-12.3894
0.3834
-1.0180
-31.4102
-38.0250
-2.5508
1.8773
29.5289
0.1514
-12.6035
-3.2684
-20.1133
-6.2075
-35.0309
0.2034
-41.4770
6.3996
-18.1203
7.0277
-26.3395
22.3443
-5.2038
-18.8172
-16.2426
-11.2402
-25.9070
-22.7500
-28.3002
-16.2828
-9.0452
-42.2414
7.1078
-27.1938
12.5039
24.6156
28.5303
-23.9152
-11.7465
6.0477
-4.2812
9.9211
-31.7469
-31.0469
-25.5381
-5.0176
1.5813
2.7337
-11.1395
-38.4758
18.8578
17.4748
3.2635
0.5469
16.1070
-7.3818
-3.6457
-11.7375
3.9109
-0.6395
-13.7953
-23.2365
11.6608
-2.6936
5.3738
-3.7402
2.8359
-20.9164
-30.6289
-13.9666
-18.9391
-2.9971
-37.6394
-29.0297
-31.5570
-3.9605
-10.1348
-11.4828
-5.2320
-22.3047
-42.2371
-19.2480
5.1009
-15.5320
-31.5984
3.9114
-15.0607
-13.3531
16.6523
-9.4734
-35.3906
-28.7234
18.4475
-35.9211
0.7387
-3.7879
-21.5660
-18.6148
-6.8664
-37.3473
-6.7929
21.5730
-27.5504
-5.9820
-15.5171
9.6340
25.0883
-21.5289
3.7527
10.4428
-25.5164
-7.7590
-7.6594
-22.5009
-13.1875
-6.0012
-30.8333
-27.2535
-32.7141
-26.8297
-20.1847
3.9348
8.2445
4.9551
-10.9695
-31.1598
-7.9316
11.7102
-20.6348
-13.1385
-12.4314
-16.9520
10.9621
-5.2016
3.7145
-31.5500
-13.4156
-38.8926
-5.1070
-9.9083
-25.8594
-34.0523
-23.3341
7.0014
-10.9514
1.6250
19.8527
-18.2773
-39.0121
-13.8098
-11.5086
-38.3512
19.7541
3.1028
3.7616
-16.5665
-15.1053
-11.1811
-20.2179
-16.7523
-34.1881
24.5393
-33.1332
17.9953
-7.4602
-38.8984
-28.9651
-25.0867
-6.8839
3.5234
11.6219
5.1949
-17.2008
0.5730
3.0543
-16.1627
18.4961
-38.5195
-4.0513
-13.9168
-15.8060
-24.2168
-2.1901
-7.1449
20.2699
-6.7467
-16.8848
-3.3160
5.5160
-13.1841
-43.0141
11.2979
-18.4982
7.5432
-22.0245
9.3723
6.8645
-4.3057
0.3943
3.0723
6.9819
15.5832
11.8406
12.0457
6.1455
-18.3545
-5.2801
-31.4258
-18.9199
-22.3930
-11.3219
-20.0641
-11.7819
-5.6680
-14.5879
-21.5430
1.4625
-23.5004
-28.7461
-15.5238
-22.8617
5.5211
14.1367
-6.1209
-14.3401
-13.7837
-27.4890
-2.8959
-27.1320
-5.4604
-19.7035
-4.3215
8.8148
-10.3488
-26.6453
-41.6688
-7.5965
-8.5566
-27.3105
-21.6105
-33.0707
-14.9166
-29.9051
0.6656
-29.9258
-44.6250
-27.9449
-3.5826
-24.4707
-20.1890
5.3258
-6.2809
-17.9551
-6.8152
-14.9961
-30.8281
-28.5937
4.3667
-11.2102
0.5625
9.3660
-4.4732
11.5991
-31.6859
-6.6691
-14.1995
0.1451
-5.4992
-14.6613
-14.3039
-2.3800
-14.2875
7.1031
-17.6359
-15.1886
9.1617
-16.8945
-0.1758
-16.8541
-27.4211
-5.1473
18.1887
-24.7480
9.1770
-24.9547
-14.3102
12.4589
-22.1086
-3.0047
-16.9719
-6.6368
-5.7656
-14.5312
-18.8437
-7.7672
-35.3781
-23.6602
-31.2703
-30.0414
-12.7861
-3.5523
-1.3748
-26.7406
-4.6418
-45.3250
-3.6461
-43.5172
-23.8678
-11.7216
-22.7578
-18.9557
6.8154
-2.1018
24.2692
-21.2613
9.5172
-0.6158
4.5902
1.7608
-11.3755
5.1461
-34.2695
0.7184
-2.4648
-8.3146
7.7210
4.2133
10.8302
14.7652
10.0336
14.1969
4.6719
-6.2644
3.0993
-8.2824
-30.8273
-8.3230
-26.2012
5.2277
-39.1553
9.4514
-25.0359
-19.0336
-18.8648
-7.4342
-1.5457
-8.5781
-7.7518
-11.9457
-22.6754
-34.4023
-21.0406
-42.4781
14.4121
-6.3951
13.3401
-24.3598
-40.2750
4.2525
-14.3754
-35.8594
-24.3090
-20.6109
1.5609
2.0471
-19.6930
-47.2320
-7.6438
3.9706
-27.1395
-22.8438
-30.8953
-19.8656
-31.1965
-2.0967
-16.0293
-26.6352
-15.9305
-8.4725
-39.3063
-7.2384
-6.0650
-1.3555
-20.4379
-27.5445
-10.4464
-14.3432
-8.9682
15.6281
-1.7414
7.1480
22.3895
19.0777
-20.3305
7.8516
18.4609
-16.9194
16.4043
-42.6213
-39.1746
3.6887
-12.2653
-6.3127
-13.4449
-12.4452
-36.7828
5.8082
-10.4116
-8.5129
-19.7416
-16.3406
19.7043
-26.5883
-3.9561
-4.8826
-2.8983
-3.5132
3.3096
-1.9322
-17.3742
-41.3586
-2.4494
-7.7668
-9.5422
-4.6924
-12.6180
-22.0586
3.0914
-24.4529
-29.9414
-21.2563
-3.6750
12.3389
-1.0883
-0.1591
-3.2393
-9.4777
-6.0830
-39.0906
-10.3520
-21.0320
-33.0772
18.8535
-26.9449
-30.1555
-24.6605
-36.7053
14.2012
-0.1602
-20.7607
7.0079
-14.9398
6.4066
-5.9678
-6.8266
-3.4917
8.6770
-6.0520
-4.0877
21.0195
-2.2195
-23.6320
-45.8914
8.6404
-21.5540
-2.7008
-2.4458
-16.2584
-2.2530
-24.2738
-24.6070
-11.1065
0.2049
-3.7138
-42.3516
2.7415
-18.5941
-5.8160
22.6105
-2.1596
-27.2816
-21.9775
-5.4398
21.1941
-40.3883
-28.8332
16.7578
-15.4725
-24.5074
-18.3875
-15.1357
-16.5410
12.4576
-19.9312
-14.6211
-0.7250
-3.5649
-6.0984
-30.8492
-6.9850
-9.6866
-10.1766
-24.2512
-39.3867
-21.7728
-8.8139
2.5340
-22.9020
-41.4586
-35.1391
2.2434
-20.1625
-5.3674
-37.8879
-17.4484
-28.2441
-37.6854
9.5078
-2.1052
-18.6508
-38.2406
-31.5073
4.7363
-8.1395
-23.4910
-7.1266
11.5370
-46.5898
-29.9883
21.7836
-6.5579
-10.7733
0.8465
-21.8738
-6.3332
-20.5262
-8.1319
-11.0605
-8.5453
-37.6016
-11.7830
-14.2554
-29.5825
12.8035
-30.0398
22.1648
10.1004
8.0918
-12.9895
-34.9539
-7.4891
39.5609
22.5340
2.9600
1.4914
-21.8477
-41.3707
8.8963
-34.1906
-18.8498
3.9410
5.2180
-6.8576
-18.9676
-0.8965
-13.8674
1.5778
1.4996
2.2020
-8.7037
-12.9699
-19.5453
-13.4648
-2.7379
-1.4711
8.9510
10.7969
-24.3840
12.6746
-18.6867
10.0160
-14.9135
9.9445
9.1035
4.1651
-26.7317
22.4066
-29.0516
-30.9336
-18.0816
-6.9973
-19.3381
4.0855
-22.7250
-8.4258
-5.7516
-25.2457
-11.3336
-12.7125
-16.3152
11.0863
-7.0695
-31.2344
6.2168
-4.0914
-10.5739
-4.4486
-51.4203
0.5730
-38.4225
-14.3500
-3.7803
-20.2402
-6.5297
-25.7359
-30.7652
-0.8699
-18.1227
-8.2640
16.9977
3.6238
1.3250
26.4656
26.6305
15.2899
-27.5883
5.9641
5.0714
7.4957
1.0688
-20.7453
-10.7029
6.2891
-34.4961
-30.2820
8.8431
-0.4059
-38.0563
-30.7066
-29.4277
7.8863
-18.0722
-4.4315
-29.9047
10.8750
-3.9888
11.6674
-16.2656
-11.6355
-36.3359
-41.2023
-5.1396
16.7835
-16.8531
-10.9776
7.3078
-10.0406
-22.8219
-14.8254
-10.6062
-27.5641
-26.9343
-1.8637
-5.1911
14.2107
-12.1424
0.1715
-18.4937
-22.0800
-20.0070
13.1409
-32.3113
-18.6527
-40.8375
-25.1773
-6.5770
-7.4094
-21.5363
-13.2563
-3.1377
8.3844
3.0822
-35.9508
-21.9258
-8.1246
-37.9873
15.8195
-35.3977
-0.1325
-15.1836
-17.4734
-14.5047
-23.0156
18.4578
-13.7916
-11.0531
-14.6172
-34.0447
-12.0269
-8.5139
-2.3315
-12.8877
17.0486
-28.7781
-28.2477
-26.0559
-9.9098
-21.5797
8.2754
-10.1373
-36.4543
-16.0214
14.2915
2.1152
-16.9570
-19.5653
-11.9033
-36.0563
-1.6168
18.3363
20.5914
-0.3771
-18.3166
-1.0023
-24.3304
8.5305
6.0391
-12.3246
-36.2449
-9.3762
-13.1175
3.4086
2.2543
8.3648
-24.4562
-17.9438
-2.1039
-19.9438
-25.7969
-15.2941
26.8316
10.3959
-17.3643
-3.6074
-27.8197
5.0918
14.8633
4.2387
-24.0695
-21.8260
3.1643
-35.7414
-15.8996
-18.3039
-19.8594
-30.0373
-31.0075
22.1965
-12.2125
-14.3742
5.1062
-22.7086
-22.3160
-9.8222
-12.4632
-16.5490
-32.0383
-9.1783
11.4452
-34.7707
10.7359
20.9422
5.9836
-37.0945
-33.6266
-12.1180
10.6242
24.3652
3.1708
-34.0590
-26.0996
-6.2129
-21.5070
0.8848
1.9192
-20.6104
-4.2000
-16.3738
-27.1473
-47.4414
-16.7135
-6.7770
3.6063
-4.6272
-16.7430
-12.5377
-16.5717
6.1465
26.7461
-8.9316
10.6059
22.2000
0.2320
6.2315
-30.1668
11.4073
-27.8164
-30.3334
1.6777
21.5418
2.6713
-2.0979
-23.1945
-8.5498
-0.9047
-37.9688
7.9546
-22.2096
-20.5381
3.2344
30.3098
1.0969
9.1199
13.4363
-3.1691
-33.5264
-2.1521
-23.6769
-24.0070
-4.6813
21.5939
-14.7238
-31.1500
-18.5915
-18.2965
-14.2279
9.4141
-15.2637
-20.3412
-24.2156
-7.0656
-1.6463
-4.7477
-42.7172
0.4915
7.3230
18.2242
-27.2676
-13.3605
-5.3187
11.9473
6.3035
-3.7453
-24.6758
8.6320
3.3447
-10.8152
-17.4930
-39.8672
-5.2590
3.0617
0.9141
-24.0199
2.2738
-1.3950
-38.0789
-20.2191
-23.9758
3.9523
-22.7867
-6.8929
-17.6791
4.9492
4.1875
-0.1000
-3.2039
15.0699
0.1746
-20.7016
-22.0676
-15.7785
-3.6711
39.0492
9.4189
-5.2364
-42.2023
-3.9617
15.7633
24.7074
-27.3008
-18.8348
-37.8283
-13.5188
8.4542
13.1355
-20.7359
-14.0875
21.3227
-4.1305
-27.2856
-5.5344
30.0074
18.0312
-29.7859
-19.6078
-31.4707
16.0768
7.5971
-25.1477
-19.2484
-31.0742
-37.6496
-36.8266
-42.3922
10.6715
3.7141
-16.5840
-14.9004
-18.9482
-15.2703
-12.9344
-16.6115
-10.7176
-21.9762
-26.0260
-10.5773
-17.3368
-2.2299
-26.6461
2.7230
-3.9707
-25.4914
-0.0677
15.4805
-9.7487
-15.7484
-26.7617
-47.0625
-16.4337
4.5250
-6.5719
-8.3746
-31.2923
13.8230
-9.2359
-4.9689
8.5361
11.4773
-15.7906
-25.2754
-28.0594
-9.0726
-22.9285
-17.7398
2.7508
-43.7164
-46.5133
-41.9242
-9.6057
1.3684
8.3710
17.2844
-16.9329
18.4270
19.4328
-11.4096
-1.1578
3.1133
-21.5397
-38.4319
13.3559
-10.6996
-3.0394
5.8816
-3.7188
-3.7453
37.0480
16.4371
-2.2352
-18.2832
14.2965
-24.7629
-45.9156
-13.3896
-14.4546
18.7732
24.2699
-19.4996
7.5930
-3.8744
27.2016
21.0367
6.6964
-27.6665
-0.8954
-10.0303
2.8641
-12.3074
-1.8457
-9.3240
-25.5414
-40.7500
-33.4773
-25.5020
14.5982
-13.6527
-2.3433
-13.6258
-9.1422
10.3244
-12.0024
-39.6617
-1.1931
22.3578
-23.3590
-12.3709
-8.8488
-7.7012
-7.4443
-30.7430
-6.9026
3.6855
27.5511
-28.0520
-6.9326
1.0727
5.7578
-4.0605
-38.2781
-21.3735
-6.2487
7.2977
-19.4637
-49.3656
-17.7145
-32.6641
-26.8523
-34.4353
20.0461
-13.3199
5.0516
-2.5080
11.9434
12.6660
0.3170
-13.3343
-3.0093
5.1410
6.4106
22.7938
-5.0098
11.6547
20.7266
9.8168
4.5090
24.6547
-10.0168
-24.7293
-28.7182
-13.8160
-39.3445
-19.9055
-24.6490
10.2004
6.2277
5.5266
-20.1332
-18.2922
-7.2683
9.3910
-16.4541
-20.0750
11.7947
4.3912
-26.0811
15.4547
4.0602
-53.4230
-1.5589
-20.1747
-0.8133
11.8426
-22.2227
-5.7892
4.8447
-25.4768
-17.7461
21.4724
-41.1961
21.7234
4.7672
-7.0579
-0.2426
-41.6195
-10.6695
5.2526
-41.5452
19.7103
-40.2328
12.2422
14.6816
-25.6152
-5.2646
-31.1684
-41.6117
4.5432
14.5836
14.0195
-3.4535
-6.8042
-5.2625
-24.8855
4.8202
-28.0264
24.6254
-4.5863
-21.1086
-25.4359
2.8947
21.4805
6.8449
7.2915
5.4021
3.9627
-13.8113
-2.5866
-42.9936
15.0117
-19.6453
-11.1709
1.6275
-20.4695
-13.9094
-28.7000
15.1070
-4.2232
8.8496
20.8070
3.4195
-10.7924
15.6977
19.6716
-17.1797
5.7875
-25.2453
-12.3258
-11.7492
-15.8038
-27.4519
-4.1397
-11.2430
7.1926
2.5291
5.9571
9.2781
-29.3922
-29.2788
-6.3477
-54.4758
-17.2824
-41.6148
-2.9102
2.1324
11.0496
-4.9801
-49.9555
-40.1141
-19.0811
-16.9863
-31.1330
-7.8113
-21.1063
-12.1845
0.1012
-25.6352
-2.3915
-16.8137
-21.8004
-6.2746
-2.7193
-0.6235
-13.8238
-5.6016
-6.9680
-2.9906
-17.1938
-10.5667
-17.0976
-18.4672
-27.3857
6.3769
-23.4324
-14.0211
-2.8529
-11.9037
-32.5000
-41.6711
-22.9254
-38.2391
-2.8683
-7.9119
-21.7930
21.5520
-47.4359
-39.9848
-14.7079
-32.7719
-34.3625
-9.0109
-3.4188
4.0253
-26.2775
-25.5797
-35.5547
-26.7957
0.1520
-9.2477
-43.4570
-15.1480
-7.3635
-0.7617
0.6410
5.3449
-4.6000
-8.1570
-9.9621
-17.9227
-20.7625
-11.4412
-0.4066
-5.7258
-49.4117
-11.6680
-44.4422
-8.5459
-16.6231
14.2797
9.1961
-0.6465
-13.6016
-1.4367
-3.2488
-16.7332
-13.3219
-10.0902
-9.9957
12.3137
-5.1161
-39.8879
-23.6635
-3.9414
-12.8331
-25.1297
-34.8125
3.1937
16.0555
-25.4905
-32.1480
-13.3168
-6.8562
-25.8250
-23.4801
-4.5667
-10.0011
6.7918
-1.5593
-33.4391
-6.2289
-13.4418
-20.4359
-5.4609
-0.7988
-8.7414
-0.0491
-29.2590
-33.9289
-4.5672
-14.5969
-16.6773
-26.1203
23.2309
3.8547
-43.0051
-17.4387
-13.0605
-34.6617
-6.7896
15.1502
28.3883
-25.7328
-20.9908
-18.1511
6.5396
20.6031
-27.5742
-29.9629
12.8107
-19.4406
4.3243
-1.4879
-33.9180
12.5339
-1.4686
-14.0559
1.2543
-6.2409
9.1755
-8.1074
-14.8695
-14.0922
-44.1445
-1.8275
-12.1820
-22.5615
20.1727
6.7301
-23.6430
-18.7074
-11.3227
-19.6187
20.4336
36.3789
44.9459
6.7895
-10.0738
-8.6267
1.5984
7.8434
-8.7055
-31.9531
-21.0984
-19.0656
-20.0383
-47.3914
-32.7438
-36.6023
5.1193
11.6594
6.1961
9.6285
-0.0525
-14.2789
-13.7143
-38.4956
-6.7559
-36.7703
6.6432
6.0941
-3.4974
-12.9414
-7.9320
-22.6423
-10.9900
-6.3846
-15.3133
-1.6289
0.2278
-25.2270
-13.1389
-21.0836
20.0070
6.4094
-0.8020
6.3609
-28.2375
-17.0016
3.4680
-12.4262
16.6072
2.7415
-25.6469
-5.5477
-46.0551
1.4209
-25.5682
-16.6078
-1.7859
6.4926
-28.3840
-20.9777
-28.5538
6.9422
-8.5481
-8.3169
15.3090
-9.2973
-2.3750
-7.9938
-4.9010
5.0758
21.8574
-10.1992
2.8795
-10.5227
-12.4867
10.3992
26.1055
2.1605
-27.2023
-22.5219
4.6244
-18.5091
-18.8852
2.7055
-6.5169
-0.1609
-26.3617
-30.5602
-18.7742
-4.9311
-9.3574
-13.5526
22.8928
13.1576
-19.4912
4.7928
-25.7344
-16.7621
3.6232
14.9045
-10.3097
-43.7953
-28.2422
-50.8844
-1.3205
-2.2771
-13.5800
-10.1082
-33.1617
1.6245
-25.6055
-44.1498
-9.3082
-16.0562
-15.4630
-24.8402
-14.3789
11.7996
-2.2732
-8.6895
1.7473
-14.8059
3.9984
-10.1198
3.5480
11.7629
9.7293
6.3589
8.4557
10.0402
-22.3281
-31.9430
-1.9656
8.0471
-30.8454
-12.7100
29.6703
-13.0311
1.1102
2.5086
-2.0210
3.2641
-6.1840
-4.9895
-3.7617
0.2523
-6.5209
-27.6484
-7.9225
-14.9135
14.8150
-5.7098
-2.6419
-26.5749
10.7332
0.9352
-10.1245
-50.0727
-30.5672
-29.4707
-24.6992
-10.3156
-29.0070
15.5131
3.4816
-43.2852
-15.8358
-28.1477
4.8918
-18.2207
-2.9281
-5.6023
-51.3293
-9.5530
-35.0285
4.7360
-8.2852
-36.4672
-18.2188
-23.3320
-11.8119
-36.5811
-28.6016
-1.9589
-30.1063
10.0828
-9.0176
-3.4891
-17.7215
-9.5015
-2.2633
-22.8367
-2.9047
-0.3156
-9.7695
-17.5688
-16.1406
-33.7180
1.4068
-9.3975
-31.6039
-4.4584
-9.7563
7.6670
-42.1203
-30.4273
-12.7823
-19.9246
4.7805
-44.8594
-15.4723
-23.5982
-0.2555
8.8160
-27.8029
-28.6797
7.2863
-4.5412
3.1818
-12.8465
-23.9648
11.2617
-1.8820
-11.9247
-13.8086
9.2789
-15.3650
-3.9064
-20.2770
-23.2516
-11.4003
-19.3972
-6.8214
-1.0015
-19.0023
-32.1848
-5.1277
12.8014
-31.9932
-10.3170
-32.7141
-25.3422
20.7129
-12.5102
-20.9297
10.1044
-24.1680
-8.4803
-3.1477
-37.9062
-0.8297
-18.9281
-29.0258
-26.7185
-7.6211
-9.4172
-23.1789
-20.4344
-17.3920
-12.9801
-23.4629
-11.1199
-25.0617
-8.8756
-27.9438
-10.4934
-34.7133
-35.8515
-25.2667
10.4270
-19.4312
-18.2386
0.8462
-17.1021
-15.6826
-7.1072
6.6590
-22.6168
11.1053
-11.2548
-31.5969
-46.1766
-12.9187
3.3789
-19.4770
-2.6984
-10.5021
-29.1086
0.1836
-15.9168
-43.2570
-4.7883
-1.4984
-14.4727
-37.6492
-17.2776
5.8416
-1.1420
-23.1379
-17.5187
-38.9688
0.5191
12.5578
-13.4055
-11.1932
29.5090
-10.7215
-52.5570
-3.8984
-32.8992
-26.9275
-26.1477
-32.7023
-28.1145
-10.9271
-3.5542
2.8410
-8.3078
-7.2449
-2.5475
12.7798
-7.6335
-6.8151
-26.1714
2.4473
-33.5746
-21.7677
4.4465
-11.2502
-29.9367
-34.2746
-12.6883
-23.3039
-43.2625
-39.0234
-35.8047
-21.9141
-10.7965
1.9324
-11.1281
-8.7499
-9.2699
25.8910
17.0751
-36.6828
-43.8977
-26.4496
-3.2647
-7.8156
-44.2188
1.1663
13.7523
-4.0269
-0.1842
8.8320
-12.2754
37.1742
-16.2330
-8.0531
-31.5617
-26.2379
-24.0520
-15.2441
22.3484
-8.0164
-24.6195
-21.4779
5.8070
-13.6348
-5.9055
-0.1981
20.9547
7.8839
-14.4002
-18.1189
5.2383
27.3160
-6.7157
-27.9521
-3.7398
-15.6242
-18.6914
-29.0014
-41.2957
-18.8706
6.3664
-42.4359
4.1392
-8.4832
-16.8492
-39.5859
-12.8158
3.6625
-20.3848
-5.1028
6.6883
-11.2904
-30.1533
-7.1715
33.4844
12.9195
1.3340
-10.2211
-13.5783
-14.0812
-35.0184
4.6714
-25.9953
-1.3719
-13.1707
7.4945
2.1004
-31.6641
-11.5686
-31.8461
-29.9266
-39.0556
-16.1016
-14.9593
5.2859
-5.5811
-27.4383
-28.3461
-25.5848
-3.7750
-6.1862
-5.0875
11.3500
18.1369
6.5567
-46.9773
-25.1035
-17.2563
-44.1226
5.6102
0.9691
9.0734
-2.6398
-41.6730
3.4066
9.1771
-38.9672
-29.7918
-2.9085
-17.2128
-6.3520
9.7743
-3.8117
-13.6525
18.1335
8.4636
-40.3867
-13.1051
-23.4508
-5.4719
-14.6935
-8.8293
-24.1542
-28.4730
-13.5653
-18.7975
-7.8207
18.4528
-11.1938
-11.9641
-28.4430
-8.1629
1.6992
3.1527
-3.8812
-5.3488
-29.6737
-7.0945
-0.7527
-18.3687
-2.5469
-32.7535
-30.1984
-11.3031
-24.0484
-43.8023
-32.2414
-34.3531
-49.9313
-32.5445
-9.5089
11.5281
22.4031
-23.6787
8.6551
18.3320
-33.6441
1.8734
-6.9934
-11.2910
-8.6363
0.7746
-0.3820
-17.0102
-9.1402
-24.5646
0.6229
-19.4008
-2.7047
-16.7539
-12.1203
2.1061
-9.0034
-13.5648
-17.7902
-8.1247
-36.2109
-29.4562
5.7238
-26.6529
-23.0430
0.0809
-14.3180
15.6787
-39.1813
-32.0680
11.6092
-29.1145
9.3523
-12.0215
3.0434
-17.3418
2.7383
2.3363
18.0309
-0.6129
7.8559
-19.4031
-32.9176
-10.2289
-8.7414
-8.3938
22.3215
40.7582
15.3887
-24.6132
-5.4602
18.2297
-23.3684
-45.3773
-17.1973
9.1141
-10.3309
-24.6238
-0.0570
-34.8328
11.3738
-3.9227
20.4211
8.3307
-32.3066
-20.9777
-18.5734
-29.9805
-11.5297
15.1477
-16.4925
2.1685
-13.1586
-32.2578
22.0961
-21.9043
-25.6281
8.8154
11.3418
11.8057
-6.7040
19.2047
-32.0633
-45.9570
-51.5477
-54.5578
6.5984
-10.8718
0.7031
12.4738
-9.6795
9.4370
-0.2910
-11.1152
-1.1245
12.0852
-46.6539
-22.1590
-9.0977
-51.2641
-1.6631
-30.8508
-18.9023
-22.5242
5.3766
-12.8512
7.3180
-3.7359
-5.9764
16.6148
33.0824
9.2773
13.8729
12.1364
-31.5008
-31.8215
-28.4836
-3.9369
-10.6379
-2.4562
-21.1445
-7.5396
-14.1016
-39.0352
-15.0434
0.3799
-8.3504
6.8307
-9.8076
-3.9719
-28.4500
-37.5672
-39.3203
5.9281
-13.3609
-25.1727
-27.1734
-28.3328
-9.3071
4.3611
-25.0328
-17.1318
-13.0102
-19.0473
-9.1811
-7.1388
-11.3291
14.5771
-21.0562
-49.1570
-20.6080
-0.9516
-33.4797
-18.9398
-25.4660
-9.2563
-13.5605
-4.9631
-2.6891
-33.0895
24.8410
-14.1178
-3.0570
16.2891
-16.7055
-36.7469
-13.1270
8.3706
-12.5387
-22.7362
-29.2496
-5.3679
2.6206
-19.8078
-42.0258
-13.4896
-29.2941
0.6959
-27.4219
-0.3082
13.4781
-15.8031
7.7227
-19.2973
-3.4754
-2.1913
-2.0389
-30.9898
-10.8500
-24.4403
28.7656
7.7891
19.7449
-11.9008
-23.3273
5.8270
-14.3551
2.3621
-40.5789
-12.5498
24.2660
10.5527
15.7875
8.0516
-15.3410
-34.8070
-24.8430
-0.8964
-14.2871
-31.2687
-23.6508
-28.3844
-11.3209
-11.9859
-4.5173
-16.5887
-17.2744
-19.4906
-19.3237
0.8738
-9.4320
-26.4766
7.6457
15.0203
4.1493
-22.4164
-0.2393
-26.0211
-35.7281
-34.3355
-13.3066
3.7895
-24.0773
-2.1752
-33.1707
-9.2346
-14.4617
-54.9234
-19.8953
4.8625
-5.9633
-11.9500
-1.3738
-3.3479
-29.9285
6.0822
4.3254
4.3015
-34.5938
-20.7391
-0.8619
-33.8258
-0.8438
-11.4604
6.2383
-15.4047
-9.6611
-14.5680
-26.8711
-16.6254
-35.9602
-23.4227
-26.8328
-16.1945
-39.7797
0.6671
-1.6047
10.1453
1.9324
4.8781
-4.2414
-27.0500
-5.0732
-18.7957
-17.9076
-0.9209
-21.7480
21.2754
-5.4487
4.1118
-26.8813
-16.0742
-21.4328
-8.0867
-6.5422
-9.2445
-37.2016
-40.3047
-44.6645
-17.7370
-41.8195
0.5073
1.7650
7.1969
-9.5762
-23.0242
10.2566
13.0063
28.8312
23.2926
14.7371
27.2191
3.5367
-3.6320
-14.3043
12.1637
-14.7008
3.5261
-19.9112
-37.4242
2.6097
-53.9066
11.1148
27.1258
28.0785
-23.0982
-3.2453
13.8445
-13.1971
13.3326
10.5350
-10.8801
-19.8184
-2.3137
-31.5383
14.6871
-2.9355
4.8314
-2.8750
-42.5578
-21.4461
-0.6144
-9.2672
-19.5395
-24.4414
13.1461
-23.9328
-2.5836
-13.3992
-12.5055
-33.7539
-17.2095
-34.5594
-28.9051
-12.2648
7.5266
-22.5203
-18.5305
9.7680
3.3185
-36.4539
-20.9660
-14.3449
7.9125
6.9939
-0.8934
-28.6488
-20.9945
12.6156
24.3059
2.9121
-18.2313
12.9949
-23.8141
-9.9926
35.8961
17.2285
-8.6993
-10.3928
-20.7271
-7.5984
6.6223
-10.4223
-18.4023
-29.5438
-21.0992
-23.4297
-42.8563
-36.2875
-27.9113
-15.5636
-35.4062
29.2500
11.8820
-7.0813
-24.7115
21.0485
-29.8172
2.5840
-15.9832
5.2569
-10.9845
16.6008
-21.7695
-16.8465
16.0730
-8.0418
-37.6822
-21.5613
-6.4182
-46.3164
-14.9609
-0.3539
-2.7750
12.5348
-4.1746
7.7438
-9.0152
-44.1551
-11.1000
-1.8023
-6.1195
-9.7110
-24.3929
-10.0102
-11.9781
-15.9876
-12.5949
-21.3234
-16.9596
16.3388
-6.2422
-52.7941
15.5094
28.7199
9.7958
-20.9684
0.0000
35.7094
1.6332
-14.5256
-17.6711
13.2480
13.9436
-20.6289
-16.0640
2.1479
-32.1746
12.7219
12.9273
15.5809
-4.8061
5.9607
-2.3441
-31.4242
-3.0914
-7.0482
-17.0774
2.0490
-45.3680
-1.3941
3.5008
24.0914
-39.3906
0.4504
-28.2711
-32.7871
10.0309
-9.5386
-24.3415
-17.4535
5.7699
-2.5854
-10.5289
-0.2319
-20.1183
-15.9502
-27.0410
-13.2712
-4.7219
9.0016
-3.6671
1.3344
1.3758
-3.3281
18.4809
17.2473
-7.5461
-25.8820
-35.9609
15.8672
-11.7301
40.7848
-24.8141
-18.9270
-30.1508
-7.1188
-9.3688
-30.8770
-21.6582
-14.5156
-16.5016
-36.9330
-6.8770
-7.6030
-9.3859
-19.4574
-2.7965
-8.4045
3.7896
-56.6195
14.3102
-33.2672
-33.8426
-23.2082
12.9109
-1.7180
28.5824
-9.9625
-30.4533
17.1812
-5.0020
-13.4074
-6.2443
-7.9254
2.6098
30.4738
25.1656
-31.7859
-4.0850
-5.4621
-3.6604
-1.6039
-11.5141
-25.7328
-27.3855
-35.6719
-24.5193
0.1688
-16.9684
-33.7121
-12.4758
15.7473
-20.7266
-11.6207
16.9035
-6.1312
8.4115
-12.1129
-17.9145
12.4523
-4.7960
12.3570
26.3656
8.1805
-5.0510
-27.4266
1.0711
5.3962
-12.9154
-18.6086
-29.2773
-31.7289
-3.8496
-43.2562
-19.3703
-19.5465
-2.7379
-7.3249
-18.0746
-13.4569
0.1933
25.4109
-32.8234
-23.4984
-28.4633
-5.6572
-8.7900
9.4577
-32.0187
-24.7039
9.5297
-0.6609
6.3405
19.3893
-16.1289
-29.5988
-7.6163
29.1055
15.9129
0.3797
1.1402
-37.3336
8.3375
-27.5160
3.7477
2.0242
-21.9055
-9.8852
-19.1837
6.6899
-6.9408
-30.4625
-24.0660
4.9320
-13.8879
-5.3289
-10.9922
-7.4945
0.0771
-18.6785
-10.9750
-23.0978
-20.3939
-8.0775
-0.8483
-16.7670
-46.2957
-4.6188
-22.0625
-28.9602
-6.6209
0.9383
-39.7859
-5.0168
-33.8833
19.2062
25.2281
-22.0947
2.7555
4.9547
21.5670
-2.1547
-13.6922
-27.7422
-27.4643
-8.9930
-19.5117
-13.2252
-18.5527
-18.4215
4.2422
-29.1437
7.9219
-23.1559
-30.8984
-31.3633
-7.0406
-32.6664
-11.9773
-29.7750
-7.9670
-6.8105
-9.9303
-24.5770
6.9734
-33.8117
-22.0031
2.7233
-27.9445
-26.5703
-17.5105
28.0938
-13.6787
-19.3813
24.6039
-28.2672
-41.5047
-28.4102
-18.2695
-13.8281
11.4438
-18.6676
-16.8375
-35.9508
-9.3793
-6.5889
-20.1609
25.6734
-11.6537
14.8680
-24.8816
-3.5578
-23.6281
-13.0160
7.2509
-56.7602
-25.9738
-1.0610
-1.4820
-24.9520
3.8980
-25.1215
-6.7429
-15.6471
-13.5891
-27.9922
-18.0820
-2.1322
22.0129
16.8571
-7.7508
-25.1508
-43.7914
-5.1340
-21.4299
3.7184
-7.4375
-4.7652
-16.0271
-3.4813
-33.7246
-7.2426
-2.9168
8.7535
-4.6451
-6.5333
-2.4500
-10.1790
-7.7309
-22.4922
-13.7861
-6.5651
-2.1875
-50.2574
-8.9854
-1.4994
2.8072
1.8689
-42.5984
-42.0359
-16.1555
-15.0734
-11.1350
-38.7367
-9.7021
-9.8371
8.2602
-24.7910
-40.7142
-6.5777
-6.6321
-8.8770
-22.7047
-37.6244
-36.4477
-31.4815
2.1021
12.8230
-37.3445
7.6898
15.8813
-7.6542
0.4785
24.4305
-2.2642
-5.5958
-16.6225
18.9258
10.1448
-13.9281
-2.1492
16.9664
-22.5974
-19.1570
-46.5773
-5.6070
-15.7587
-3.9674
17.6117
2.2058
3.6734
-28.9231
-5.0309
-35.5559
-7.2965
8.5059
-22.2391
-11.0771
12.2211
15.6098
14.7125
11.2645
21.4359
8.7633
12.9859
-23.1867
-10.8566
4.5176
20.4664
10.4436
-25.1883
-9.1187
-39.1289
-20.2771
-7.4736
-5.8201
-19.5727
6.8468
-1.3582
-11.9006
-17.5520
-2.1877
16.8648
9.8879
-4.0444
8.5543
15.7836
13.8217
-14.0052
-10.9979
-19.7008
-8.7488
-1.7064
-5.3020
11.3051
15.1013
-2.0449
-33.9849
-3.0952
14.6709
-21.5473
3.7598
13.2992
2.0441
-7.0521
-18.0389
17.4566
-6.9883
-22.9178
-43.8570
-30.0227
-16.6891
7.7281
-9.9271
-18.1429
-2.3246
-28.3227
-7.7979
7.7293
-31.2313
19.7184
2.9622
-25.2375
10.1836
-12.9467
3.8344
-11.9706
13.4285
-9.6557
-8.8762
-22.6223
-19.1871
-3.9461
-27.9836
10.5371
-42.2891
-31.9172
-16.1199
-18.0340
-13.3680
-2.0879
-13.5429
-0.0031
30.5055
15.5070
-4.6348
22.5629
0.8750
1.7305
-2.5498
-7.6656
-24.0078
-0.1217
-1.8199
-32.5353
33.7910
-39.1480
-8.0773
-32.0773
-33.6492
19.7516
7.2316
-1.8488
-10.0095
-40.0484
-14.5312
-29.9828
-6.1787
-23.4660
-18.5930
-26.3000
-2.2228
-1.0891
-22.4988
-10.0404
-13.6320
-22.8941
5.3896
-31.3777
8.0242
-17.4492
-37.4531
-13.3848
-27.0301
1.8115
-37.4664
-15.0046
-2.1792
-24.8605
-48.5641
-21.2025
1.0959
-8.8734
-15.9500
-8.2688
-25.1338
10.6641
-23.7328
-10.5658
-0.9770
2.6320
-15.6904
21.3023
-0.4892
3.3423
-13.5758
9.8672
0.0321
-13.5105
-1.3182
-35.3141
-16.3508
10.1432
2.9465
-9.4881
7.7995
-17.7922
8.9910
-19.1434
-20.1531
8.4766
-33.4797
-11.3723
18.5633
16.2742
17.2953
7.2789
0.5895
-16.8480
-46.7508
-27.3984
0.9566
-8.3344
-12.0787
11.0584
-16.9500
-30.2219
-26.9000
-19.2236
11.4125
4.2652
-25.6125
-25.7684
-5.1065
-30.3570
8.6266
-13.1355
-10.5395
-3.9234
6.1467
-20.1324
-46.1273
-25.9695
-36.7023
-38.8422
-20.3000
-5.8023
-39.8992
0.9738
-15.1342
24.3062
-2.9031
-15.5379
-20.4078
13.3151
-15.5920
-2.9391
-3.6441
2.2410
20.6719
21.2336
7.4525
-18.9199
17.9449
-1.5344
5.5637
-8.2449
13.0595
-14.6672
18.7445
-16.7914
-2.3352
16.4082
11.1441
-16.4961
-28.2301
-18.6983
33.7242
-7.2162
7.4154
-32.7492
-46.8266
-36.1820
-31.0906
-36.6879
14.0168
6.0441
4.6293
-8.9672
12.6840
0.8253
-14.5186
-13.4320
-13.2495
-3.4256
-15.6887
-16.2268
-14.1902
15.0297
19.7977
31.4328
14.4609
-17.1535
-21.5336
-16.7160
-2.9676
-4.8406
-13.7374
-28.4246
1.1773
18.4320
-21.0844
-52.0086
-33.8305
0.4521
8.6092
-8.9529
-26.3559
8.5578
-20.3727
-9.4922
-27.2536
-25.2773
-40.3422
26.8859
13.4066
-2.0598
-6.5305
-23.9602
-12.8174
-21.3551
-2.5201
2.0039
0.0418
-2.2566
-25.6227
15.5771
-14.7547
-42.2859
11.2960
-36.0578
0.3764
-12.8141
28.7742
20.5824
-3.9667
7.7864
0.1203
1.5531
-0.5959
-47.7703
-2.1747
9.0078
3.9437
6.4912
12.3688
-10.2211
-18.3740
31.2625
-13.2896
-9.6031
-20.4111
-31.1941
-2.2434
-2.1461
26.6230
-2.6633
-3.1484
-35.1641
-15.3938
4.6499
27.3687
6.6262
-0.6426
-19.0152
-15.0341
-26.6208
-21.3498
4.6082
-41.3219
-25.5008
-24.5758
10.7241
-31.0889
15.3162
-7.2445
6.9050
-5.4854
-23.8084
7.2562
16.1520
11.9551
2.1133
21.2738
27.2773
7.7106
-17.1394
5.7124
-25.1516
-24.2922
4.9178
-7.9184
-7.3012
-4.3551
-49.7627
-23.8352
-14.1420
8.4152
-4.8936
-30.6281
-17.0094
-32.5010
-17.9266
-38.5457
-23.7938
20.5379
5.4207
1.2102
9.4123
-23.9359
-33.9188
3.2843
6.0123
-17.8377
-8.5382
-40.0281
28.9250
-5.4397
-16.4730
-25.0602
-23.6191
-2.1639
-25.0555
-29.1176
-21.8898
-20.9879
14.8621
6.6412
1.2816
-5.9199
-22.3633
-28.6629
-2.1699
-15.8492
15.8969
-9.4744
-5.2393
-6.1150
4.7063
-45.9188
-9.1180
-15.9707
-10.1051
-0.9538
-19.8082
-21.4646
-9.1061
17.7607
4.0012
-8.4098
-18.3469
-35.6781
-16.1141
-6.5517
11.1877
-33.8625
2.1355
-20.7313
-23.7367
24.4387
16.5449
-3.0078
-0.9296
-13.8870
7.3891
0.9594
4.4832
14.0580
-18.5492
-5.5695
-41.2938
-58.4906
-5.0672
-3.4670
-16.0327
24.1340
-43.3180
-0.2198
-40.4664
-42.7742
-41.2225
6.7750
1.7617
-11.3348
2.4379
-1.2988
30.5824
-4.7372
-21.4719
-29.6865
-14.4957
-33.7047
6.4266
8.4086
12.5319
8.4070
6.4289
-36.4734
10.7875
19.8672
-2.9982
11.7945
5.1732
-37.7750
-3.5681
-21.8515
-27.2525
-7.5285
-2.0625
25.7578
25.1473
-25.5494
-19.1054
15.9042
-11.9256
6.1668
-43.4992
-36.3141
-31.2914
-12.0211
-27.1352
-45.3637
-6.6949
-38.4742
-19.7062
-21.6801
-25.3578
-53.3063
-31.1899
5.7863
18.9191
11.9387
0.3812
-13.7260
-22.5770
-12.9574
-24.2997
-13.1076
-11.6852
-16.9289
11.5377
11.3867
3.3563
6.8433
-25.5063
-22.8672
21.3019
-5.4930
-21.9391
-9.7480
-11.6090
26.7563
-11.2975
-23.9646
-11.8031
-20.1013
-15.5246
-6.6457
-17.9289
-10.5129
-30.0836
4.4896
-1.9852
-45.5180
-11.7303
-10.0922
-22.1308
-19.1936
2.9073
6.6000
-14.3359
26.6738
3.9488
11.7523
11.0176
-2.3812
-3.0518
0.4563
-16.8191
-39.8309
0.4553
11.7390
-4.2672
2.3148
8.6684
-2.7534
-9.4457
-17.3930
1.1099
4.6195
-48.1734
-40.6922
-30.5083
-21.6930
-34.5168
-25.9477
-7.4924
-27.1141
-34.1031
-7.5551
-8.2384
-34.6345
-36.9957
-3.6137
-35.5187
-7.7613
-18.2822
-1.7813
-8.0463
1.8134
-42.0297
16.8569
-32.0328
-31.0949
-11.3859
8.8416
-49.0145
-28.5187
-32.9443
-1.9016
-27.5276
9.2883
-8.2312
-4.0524
-36.4711
-13.0613
10.9516
13.1420
-4.6381
-15.0207
20.6059
-24.3914
-21.6809
-10.7516
6.7203
-45.2395
2.0246
-12.8313
-19.1715
2.9615
6.6777
15.9350
13.4514
26.4539
13.7517
1.2934
-3.3121
-19.9133
-25.7797
-17.9039
-11.0961
-6.7320
-1.0913
2.0920
-18.6414
-0.3906
-23.8551
19.5895
19.5852
-4.7094
-20.8004
-22.3690
7.8915
-27.2547
-1.9906
-2.3203
-14.4814
-16.4479
-21.3983
10.8494
-0.5652
-9.7676
10.4850
-29.1535
10.1086
-17.8086
4.5248
-22.4711
1.5059
-14.3438
-16.0688
-26.1672
-47.1086
12.2481
-23.3473
-11.0611
5.2031
19.2379
10.5512
-25.3195
-14.9531
3.5384
-33.1766
-4.3836
-0.2131
-17.4953
19.0438
-21.5709
-0.2475
-40.0531
1.7344
-19.6637
-18.8141
-23.7288
27.5273
-16.1178
11.7307
-26.5461
-6.4976
-36.4009
-38.4148
-3.7361
-16.5914
-21.3969
-21.3355
2.3455
-44.1426
12.4781
10.5332
-2.8273
-24.8684
20.0861
-40.9688
5.6287
-28.1180
13.2405
-5.9203
-16.8941
-17.0164
-20.2555
15.2902
-44.6018
-9.3659
18.0830
-12.9773
24.9504
3.7324
-23.4859
0.1540
-30.0441
-14.1358
-20.2654
1.9945
4.0754
9.7617
-7.3506
-7.4736
-17.3508
-0.9765
-42.6344
14.9508
5.0445
-13.0059
-14.4562
-12.7762
-35.3359
-13.0473
-5.0244
-15.9039
-3.9844
3.3312
-17.7641
-14.6858
-7.5773
14.5324
1.7414
-7.4586
-4.9191
-31.2359
-20.5895
-15.9766
-13.3295
-22.1777
-0.4549
-16.3879
9.7234
-38.6164
-48.4094
-31.5883
-16.6981
-6.3369
-36.3875
-40.6387
-2.5549
3.5875
-27.8031
0.9231
-34.8258
-23.5105
0.2398
-7.8967
-4.5957
-2.6574
-40.0930
-39.3578
-6.1574
-40.0723
4.6031
49.4336
12.4918
-5.2660
7.9917
-27.1180
11.2406
-25.9684
-31.2473
18.0613
-13.2492
-14.4894
-19.8270
-39.5719
-26.0148
-19.5871
2.1180
-14.3793
-3.1908
-3.5446
-26.8062
5.9263
-29.5043
5.4141
0.1574
-0.1721
12.7369
-19.4175
-14.8883
-47.1570
-20.7027
14.0175
-15.1426
19.3469
2.3449
-11.9208
6.3996
19.7676
-15.4883
-6.7852
1.2727
-48.9180
-35.8766
3.4980
-15.1941
7.0404
-13.4317
-14.7219
1.6945
-32.3250
-12.2141
-16.3932
-39.6352
-41.1883
3.4146
-13.5354
5.8876
-28.4660
-25.2812
4.9850
3.0803
-27.8070
-2.2109
20.3496
-35.1625
-12.4998
4.0789
38.9746
2.4377
-34.3633
-10.0378
0.1367
-15.4951
15.7863
-20.5945
3.6711
-14.7461
6.8258
-1.2861
1.0408
-37.8020
-29.3977
2.5555
2.8109
-35.3063
-2.0183
3.9599
-41.2797
-49.7695
-28.5475
-15.8977
-22.4086
15.8270
0.6141
-5.5446
1.0999
-5.9014
-8.7914
-17.1594
-36.2846
-4.5233
-13.5000
9.0451
-17.0285
5.3466
-26.6512
-25.1773
-27.7047
-12.8078
11.1105
-18.1705
-35.6016
7.1488
0.8133
-15.9748
-13.6362
-31.3246
-5.3617
-18.3930
-18.5277
-1.7142
-3.5451
-14.2469
-42.1156
-15.9344
-37.7617
-15.6555
24.9930
-26.7875
5.7334
-14.5432
-16.3604
20.9717
16.9891
0.6859
14.5863
6.2811
-28.5906
-17.0359
-25.1727
-20.2781
-44.0680
21.7684
8.2930
1.8205
-13.5168
3.2592
-10.9059
13.3035
28.7898
6.6035
-36.7492
-26.5080
-16.0382
-2.8635
-22.8864
-6.6617
-7.2700
11.1175
-36.4320
-6.9523
-14.3262
8.4395
-9.7848
4.2969
11.5445
3.4211
26.2828
17.7469
-14.1313
6.4734
2.6195
7.7937
32.3051
12.5754
-20.8261
8.9340
12.6016
-14.3096
-9.5104
-32.0689
-0.0418
9.2996
-21.7309
11.4021
-10.0186
-29.9043
-11.9648
-35.6270
-42.7281
-8.8015
38.4808
-48.9977
-30.8930
-25.6766
-11.8695
20.2289
-15.6375
-25.3355
-18.4859
-14.7082
-44.9176
-0.8758
13.1578
6.9992
-27.4719
-24.2281
18.0633
-35.5713
14.8262
-9.9812
-18.7781
4.9465
-6.2148
-37.7930
-13.9156
-17.0883
26.3672
-45.6941
-10.7278
-2.0129
-33.4633
-11.6829
-22.6824
-17.9062
-17.2498
-8.3986
-25.8309
10.1885
-41.4359
4.2666
-35.6742
-17.7746
-8.9055
-3.4684
-6.3505
-12.9127
-24.6752
-7.7833
13.7605
-21.6810
6.8855
-38.0820
-19.3367
3.3578
16.4766
1.7637
17.7879
21.8523
-10.2602
9.3971
-41.7227
-28.0227
-5.2245
-36.0578
-12.7598
-9.1571
2.9406
1.5204
19.3402
-12.6274
16.6352
-30.5715
-25.2852
-9.0793
-11.7992
3.2328
7.2617
-3.4156
-8.3625
-31.8875
-10.3916
-22.8172
3.8875
10.9570
0.1613
-7.7719
-10.6274
-23.6445
-40.2141
-10.8602
-10.1611
-13.7758
-9.1785
-20.7820
-44.0383
-6.3875
-29.2848
-12.6703
-31.3703
-15.5371
23.7898
5.8868
-14.6375
-29.2453
-18.0594
-5.6723
-23.3371
12.4406
-27.7023
9.0973
-25.8097
19.0496
4.8679
-21.0894
13.1777
-17.2265
-4.3074
20.1953
-3.4227
15.0453
-1.4227
-15.9969
-1.9852
-42.0633
-7.8938
-6.5641
5.1792
-39.4551
20.0133
3.7313
18.4742
1.0676
-2.4762
-18.5590
-17.1324
-32.3215
-18.6973
-18.4704
3.9875
11.6962
-7.7712
11.0738
7.3484
-30.6172
-41.4859
-56.8844
-2.9031
-8.9871
-5.3911
-34.3578
-29.1027
-12.1475
-4.0805
-17.7285
-7.1469
-2.6719
-23.9625
-19.4391
-12.0046
-2.8941
-6.3043
19.2984
1.7809
-19.8227
-10.5602
22.3867
2.9079
-24.2188
-7.1057
-24.6187
-35.2281
-25.6930
-21.9930
3.0875
-1.1658
-10.3922
-6.4049
-24.4344
-9.3508
-5.7252
-11.1332
29.4234
11.1297
46.8145
-15.5938
14.4195
16.6898
-3.1572
26.3476
-36.7508
-19.4016
21.5332
28.3882
-22.2492
-14.6778
-32.9188
-5.8336
0.2814
-1.4633
-19.4254
-35.7156
-29.6172
-12.6402
-10.1422
-26.6180
-2.3324
18.6242
31.2730
3.4586
-9.2801
8.9059
2.3574
-4.5852
-4.4395
-38.8695
-22.2977
-3.0154
-18.3156
-0.6269
-20.9813
35.9977
5.7578
-13.9680
12.6566
0.4359
6.8266
2.6293
0.7418
0.9195
-29.6875
-15.9884
1.2703
-14.1072
-38.4359
-1.9967
-41.7438
-34.6594
-9.1344
-9.9145
8.9659
4.5490
-5.0588
-5.8982
-12.9195
-19.1258
-0.2984
9.0623
-13.9805
-29.3463
-13.7246
-15.7191
32.5578
-8.9629
-2.8281
12.4484
-22.1453
-11.0271
-12.0836
25.9410
20.9508
28.3086
11.8906
25.9844
45.2004
2.5320
2.6270
21.0184
-2.7367
3.7828
7.1965
6.7145
-26.3789
-2.2285
-1.4891
3.9880
-17.1754
-25.7563
-9.5555
-24.2496
1.7701
-13.1926
4.6553
-8.5588
-22.3516
-28.3305
-4.0031
-32.5875
-39.3953
-0.9414
16.4393
-30.3971
-18.9455
-13.0798
-6.9064
-35.8742
1.8602
-37.2746
-15.7918
-31.3422
-4.7156
-44.3078
5.0062
-28.5500
-19.1695
-34.1922
-19.4906
-34.2938
-2.6861
-10.2291
12.8807
2.9909
-16.1316
42.0234
-23.3867
5.3258
0.3553
10.4758
0.3471
-0.2990
-5.3094
5.6652
-21.1113
-28.9234
-16.5123
-11.9738
-8.9518
-26.2953
-3.1912
-19.5070
-7.3037
-47.9828
-26.8710
-10.5106
-24.8120
-5.7316
-33.6674
-18.8801
21.7992
13.6633
18.0668
8.7862
-19.5352
-17.7868
-28.2625
-19.3969
-13.8883
1.1898
27.6437
2.8105
3.6574
-19.2875
-23.0508
-39.0508
-37.1258
-6.1930
-2.0414
-14.7977
-9.5311
-28.4336
-37.3281
-7.4740
2.7230
8.7719
-6.8250
-20.1145
-38.2449
-30.6218
-14.7581
-16.2105
-1.3549
-2.5658
-30.4984
-18.7868
8.3801
-5.1436
-18.5071
7.6182
11.1542
-15.3259
-0.5102
6.4439
-45.6570
6.3438
27.2766
-8.8438
1.2875
-17.1375
-8.0186
-58.2523
-32.2984
18.6762
-13.8197
-30.0430
-38.2242
-0.3760
4.9476
-18.7664
-37.5215
-26.3824
-13.1453
-2.0895
9.0520
18.6488
18.5547
3.7931
-8.2730
-3.2684
-55.5633
2.9289
9.1500
-26.5953
39.3727
-11.1158
17.7973
-36.8553
-23.5414
-33.6727
2.3246
-14.3395
-20.6826
12.9051
-0.5469
-22.4488
-0.7688
12.2699
21.9664
26.7973
4.1426
-33.8172
1.1781
6.2246
-13.1783
7.0141
-13.1395
-19.2539
-18.6820
16.6020
10.9614
-8.0559
-10.4684
-48.4211
-21.6836
4.7217
-22.4297
6.0422
-0.9416
-17.2869
-6.5965
-6.7262
14.5805
12.4340
-22.3109
-9.0765
21.5596
-36.3539
3.2273
-13.1313
6.2518
-5.5582
-26.9777
-3.2129
2.6184
-29.2703
-22.8828
-21.5026
-7.9531
-18.9314
9.5594
19.9168
-19.4940
11.1789
-14.6305
2.8234
13.7609
-16.5691
13.8742
-40.1309
-11.2707
-7.6891
22.8687
45.7477
7.9566
-13.7176
-17.7200
4.8641
-16.0871
-3.3362
-25.6961
12.6612
2.9338
2.7217
-35.0273
5.4926
-7.5369
6.7531
-3.2143
-8.4195
-24.6786
6.4447
-11.8594
-11.8410
7.5641
14.9074
4.0119
-34.0227
2.8344
-17.9331
-18.5074
-37.1422
-18.8039
-13.7110
-21.7217
9.3539
4.4896
20.6059
8.1297
-17.1042
-8.0932
-28.9021
15.3195
8.5074
-12.0517
24.7336
17.3547
-50.5953
-27.3805
-27.5875
-30.2297
-2.9168
-1.1466
2.6144
-20.3687
-11.5797
2.3258
-25.7758
-10.5248
-51.3563
-16.1457
-21.7207
16.6961
-28.0777
18.6239
-36.7031
-21.4398
-1.8527
-40.8930
-2.4225
6.0633
22.0574
-16.1199
-19.7118
22.2627
-15.5922
0.0787
-16.7165
0.2371
-28.7727
-20.7695
-18.5680
-18.2828
-2.3605
-15.7539
-9.6194
40.5184
-31.6070
-46.9562
-12.0152
4.1375
-14.8062
4.1611
-12.8523
-14.9891
-10.8039
5.7889
-43.3000
-1.3250
-25.9638
11.9719
5.4199
-23.6172
-4.6031
-33.1758
0.0758
28.6297
-9.7250
-2.8074
-2.4086
5.9437
14.8418
-23.1109
-35.8445
-54.9992
-10.5701
-41.2359
-17.7364
-0.9407
3.4734
-14.2758
-33.8287
10.2555
-3.0324
4.7410
-15.3780
-0.8457
-21.1898
-44.3262
-3.4562
3.7055
-11.5070
-37.5781
-13.2367
-18.6289
-7.4367
-23.7281
2.5281
-15.9172
-28.5113
0.1094
3.8455
-0.2750
-7.9393
2.0078
-30.5578
-11.4492
-8.9684
0.2420
-12.6814
15.8027
-23.2887
-7.3434
7.6098
-0.9352
-47.9508
-19.9464
-6.7647
-18.1105
-7.9896
-38.8594
9.9695
-19.5527
-5.3508
-6.6199
-44.2289
-42.2836
-27.6000
-30.2418
-26.8176
-23.3035
-14.4496
3.9313
-29.2891
-43.0180
-25.6539
-22.2055
-31.3420
11.4398
15.9742
25.8391
-38.9656
-30.3469
-9.7660
-18.3395
7.3016
-34.7062
-36.8906
9.8156
-0.4750
24.9977
-26.2121
-25.0586
-9.4820
-37.5475
26.0391
8.2089
-41.7234
1.6716
-8.3658
-11.3605
-17.1320
4.7704
-19.1431
-5.7664
-17.8627
-10.9544
-0.8230
-7.8588
27.3037
-22.6305
24.0729
11.7516
-45.3586
-7.4516
22.7406
14.7297
-2.2336
-1.9586
5.4201
1.2616
-16.3590
-24.9547
-48.0387
20.5426
6.8670
-15.7149
-24.1042
4.9031
9.9250
10.5746
-44.4248
7.2699
-35.0289
-32.9930
-2.8266
18.6789
2.3236
5.3516
-31.7121
12.8699
-12.1176
0.6043
24.5848
-10.6004
0.9119
-28.7875
-24.8367
-36.1867
9.2896
14.1734
23.2344
17.5023
-4.4201
-12.3791
12.7254
-23.9196
-28.0246
10.1977
-7.7356
-36.8059
-4.9947
-14.8863
-10.1941
6.0152
-9.9936
-46.9039
-36.2742
0.3164
-7.2313
17.7211
10.7932
26.7676
25.2625
-17.5543
12.6336
-4.1973
-9.6824
-49.0531
-15.5781
-18.9844
-7.7543
26.4328
0.8516
-4.9379
-15.9285
-3.9787
-21.7687
-22.9695
-27.1313
-23.6333
0.6525
-17.9215
-5.6641
-17.6924
-46.9508
-0.8848
-33.2945
-25.6268
-21.9852
-3.7360
-11.5051
32.5785
-17.8641
-8.2822
13.0810
-7.7191
-22.6859
-19.2906
-6.8592
-31.9133
-3.8670
-8.9918
-15.2326
-37.5078
-33.6711
-13.7492
-0.2078
-8.9477
-21.8324
-43.7430
-16.7109
18.2090
-29.0266
-19.1664
-13.7227
-39.9250
-40.9437
-22.7590
-44.4000
-20.3027
9.7406
-2.1893
4.1699
-11.0680
-12.1030
-19.5341
-32.1922
-11.9732
-6.9058
-4.8334
-28.4539
-5.1543
6.8086
-14.6145
-11.9084
1.3582
-16.4516
-35.8254
-25.0938
-2.1737
2.0758
24.2703
4.4500
-11.2245
22.4941
-9.8062
-29.1203
-15.9062
-16.0746
-1.1101
-6.3392
-13.4799
7.3536
-14.9363
-22.8727
0.1676
-0.6773
20.5174
-7.8779
14.3137
-13.4663
9.2195
-6.1185
14.8861
10.9531
-6.3525
-5.8287
-6.5820
-2.6864
-32.6734
-39.1781
-30.3441
4.0520
-18.0418
0.4621
26.1809
-41.9041
-2.0906
-27.9051
-49.1414
-20.5805
-24.6418
-27.7263
3.0494
-23.6496
-22.2446
-17.1141
-7.6555
-38.9293
-18.5535
-47.9320
10.9768
-20.3168
5.8910
-20.9215
-7.2435
14.4980
2.0789
1.5959
-2.5172
-34.9062
-24.9883
-28.2824
3.2949
8.2427
19.6652
29.4449
6.5602
-39.1039
-28.9000
-10.0054
-26.9406
-15.1789
-30.2164
-34.7164
-54.5881
3.4809
-10.1521
-35.1492
-30.9180
19.7750
-12.9465
31.8000
20.1641
-13.6145
13.2086
-19.3672
6.0820
-19.0539
14.9185
-16.9715
-8.4535
0.0303
-45.2980
-22.0367
3.2378
-28.0513
17.1363
21.0227
3.1207
13.1066
5.5355
22.4605
-39.9918
-1.8029
-38.9148
12.6996
-19.4156
-28.1812
-17.8059
1.9664
-15.5134
-12.3893
-33.7453
-12.7363
-12.4099
-6.9316
-5.6105
-4.1625
-1.8104
-26.6047
-10.4211
-12.5883
-19.9227
-14.6762
-16.6195
7.3547
-31.9922
-29.7109
-17.8523
4.1986
-15.8250
-25.8461
-32.1203
-43.2992
-14.8574
21.2863
6.1558
-1.6048
-41.5781
1.5211
-19.2051
-26.5092
-25.2238
-9.4594
-19.1680
-29.6785
-32.1442
-8.9186
21.3227
1.1867
-4.2934
-4.4582
9.2012
-16.6359
-19.9070
-27.8723
-1.7849
-21.1298
8.9309
5.4078
9.3086
29.6523
24.4074
-2.2609
5.1070
-19.1410
-11.3531
32.3711
3.6398
-13.1145
-12.8881
17.5836
-13.7914
-13.6654
7.4117
21.9723
22.1738
4.4812
-6.1441
1.5656
40.1988
19.0216
3.7262
-15.9219
-13.7793
3.1945
-26.2539
-39.9988
-4.3672
8.1308
-39.7660
24.0523
-14.0562
9.1555
-5.5416
-9.3016
17.6975
-7.9914
1.1867
1.5648
3.8006
2.1301
5.7211
11.7875
1.0477
32.5359
28.2000
-17.3057
14.7016
0.2124
0.4961
4.9590
8.5328
14.1129
-4.5727
10.4303
25.0355
12.8910
-4.8652
-3.4688
14.8711
8.4957
5.4777
-31.8012
-12.1367
-11.5350
-13.5344
-3.1100
-25.5445
-20.4939
-9.2547
-15.8500
-9.6941
-13.6652
-21.0434
3.8382
-7.9623
1.6425
-8.1830
-37.7492
-3.7035
3.0039
17.4395
-8.7738
4.9492
-0.5275
12.1208
-12.4161
-15.5845
-34.9250
-7.6777
-11.0523
6.7557
-7.3942
-18.5176
13.5650
-20.3541
-12.6320
13.9041
12.4191
34.6813
-11.9851
4.6963
-12.5047
7.6729
1.1019
-8.8281
-21.4703
-45.0633
-20.5492
-11.5638
-0.1699
-33.3844
-19.1898
-7.3141
-13.8572
-42.2922
-22.5931
4.1809
17.4250
-1.2289
-37.2809
12.0078
-0.3707
16.4101
-39.7875
-0.1086
-6.9547
17.3988
13.8931
-20.4328
-13.3117
6.8173
16.1621
-23.5781
0.6922
-10.5547
15.6148
-10.8633
-22.1078
-43.4070
-13.8279
4.1543
5.9885
-29.1902
-13.8921
-33.4422
-29.1881
-4.1766
-31.2821
-40.7289
-12.8234
-56.8922
-22.6699
12.0697
22.2555
16.5440
-34.2625
-5.2166
-4.0129
-20.4594
-24.5822
-28.3086
-4.5915
-2.4086
-22.9957
-30.0055
-39.7047
33.8512
10.9371
1.8509
-7.6580
-0.5199
10.9869
-34.1711
-31.2430
-5.1996
13.2912
1.4297
-33.7890
-29.0184
-10.2184
-14.3352
-4.8201
-7.3986
-5.6309
-7.6370
7.8578
-21.2115
-18.1496
33.3930
1.8996
9.4641
0.1715
-1.4899
-5.5551
-43.7914
-15.8164
-16.0637
-10.5063
-27.7383
-29.7031
15.7832
24.7961
8.5207
0.8793
22.0078
-8.1701
7.1840
7.0902
1.7130
-19.8637
-40.7109
-8.0055
-24.1664
-53.8414
-2.3301
-32.0146
14.4602
-3.3141
20.3508
-1.5750
-15.5789
-30.2820
-13.5547
-6.7135
-1.5230
-35.1750
7.6527
-13.7141
6.0105
10.5152
-13.4085
-1.7434
3.2488
-51.7391
-27.6654
-2.9592
-22.8555
-26.6117
2.2551
-34.9898
-28.4141
13.5273
-11.5234
-34.4383
11.4509
-10.3047
-29.3168
-45.2812
5.1375
6.6406
21.0781
-24.1096
-5.4317
-33.3758
-59.7203
-53.3258
-39.5039
-34.4896
-22.3234
-8.5890
-0.8438
2.8238
-18.8230
2.7181
-34.7117
-32.5156
-21.4398
-11.6270
-6.0934
1.9070
-39.1594
5.6783
-29.5180
-1.5545
-24.9434
-14.7281
-10.3093
-14.3687
-21.9734
-17.3418
-46.1699
8.4801
-29.1387
12.9984
6.6891
9.6766
-25.1760
8.6643
-46.0516
17.2338
-6.9313
-11.9481
14.3250
-9.4187
-25.5955
27.9781
-20.3570
-48.2879
28.5908
-3.6716
-10.8467
-5.2933
-11.5423
-5.0622
-9.5746
6.0059
24.6770
-25.8062
-23.9352
-41.7023
-36.2633
-28.9336
-18.4123
-9.7461
13.2141
4.4170
9.8918
32.9062
40.5148
11.3105
-5.3230
-3.0836
-9.5934
6.7188
23.6809
8.6852
39.1859
5.1537
11.5449
-5.4418
-8.7570
2.1512
-28.7867
-17.1539
-13.6727
-4.2489
-8.7176
7.4051
-34.7141
-22.4172
-32.3602
-2.1250
-10.1616
-27.1773
24.9281
20.7055
7.2867
7.8977
-16.3277
-29.0922
-13.9004
21.3305
0.5496
-19.2944
21.0578
11.1598
-16.5891
-18.4344
0.8590
33.8016
7.1453
-7.9016
-2.8480
10.4727
14.4773
28.9516
35.9578
36.1832
-16.8516
12.9972
-29.3077
3.9641
-2.9112
-7.5305
-13.5203
-17.4508
-13.7188
-25.8789
-42.5477
-44.4688
25.6547
13.3691
-13.9203
-35.3422
-58.6457
0.0502
-17.3219
-8.7148
-30.1109
-31.4336
-10.0652
-37.5691
-19.4507
15.5984
9.1402
-19.6320
-54.0180
-16.0722
6.0319
-21.0570
18.4930
-4.1217
-3.7983
-11.6891
22.3668
-12.3295
21.7529
-10.8625
-3.7750
18.0961
-15.8945
4.7309
-0.0207
-31.8199
4.5133
15.0801
-3.0165
-19.8461
-0.7945
10.5440
-30.3336
-35.4273
-30.7461
-0.1133
-9.1937
-23.9477
4.6500
-8.4282
10.4586
-31.6680
-42.7062
2.3012
-24.0963
11.1684
10.1141
12.4353
-24.6102
-14.9706
11.1652
-43.9953
-3.3531
-11.7234
-27.9926
-20.3654
3.2756
-20.8620
1.0714
-5.5062
-26.8508
-2.7953
42.3438
18.7504
-25.0688
-29.4711
12.4762
-31.9945
0.9148
11.2808
-23.8176
13.1923
-29.7930
-29.3867
14.3406
19.9121
27.2523
18.4793
5.1619
2.7879
-11.4766
-1.8692
18.2773
4.0035
-11.6782
16.0063
0.1662
0.2279
7.1555
-15.3219
-1.8059
-22.0504
-32.0641
-20.9203
13.7391
13.0409
1.7365
-2.7242
15.2801
5.4106
12.6722
-22.2004
-3.5774
-17.6853
26.7078
15.7871
-10.4215
5.2133
-13.4883
30.0004
13.9879
-26.6413
-1.4305
-1.2895
29.7254
-3.9695
28.6848
-5.3292
-17.7927
-2.7987
-35.6320
-30.2508
-12.9299
-23.4172
-0.7035
-15.6758
15.0977
-7.3371
-47.9539
4.8211
2.5982
19.4197
-28.8113
-3.8199
13.8883
18.5342
21.3898
25.0398
-43.1609
-21.4672
-3.6750
-2.0663
-17.2203
0.8648
2.4824
-5.0717
-5.2449
4.4045
-6.8758
-58.4250
3.6736
-29.6477
-43.1539
-1.5680
-6.7777
18.4367
17.7723
9.8586
-12.3406
5.7031
-14.3539
13.1602
-5.5033
9.4758
0.7984
-0.1641
17.9102
0.0984
-18.3266
-24.6492
-14.9738
-13.8895
-17.0279
-28.1328
-10.9766
-11.8109
-20.1717
7.2836
27.2141
11.8828
29.8609
-0.1766
4.1375
-10.2047
11.6234
-27.4672
-28.4431
6.2109
30.6727
1.9180
-0.8664
-23.2695
-20.4312
8.0367
15.5988
-44.6375
-14.8199
-7.3287
-59.2086
-17.7223
-41.2141
3.4492
11.5445
-1.4801
4.6968
-10.2117
8.5279
-31.5445
16.2258
-11.8896
10.5914
-40.2477
-14.3730
-24.0675
13.6668
14.2012
-15.6273
-39.9602
5.0679
-16.1363
-14.1090
-12.1406
-3.4957
-20.9270
-2.2883
2.9227
15.9008
6.2156
24.2570
-5.0953
29.7930
7.0203
7.8520
15.5895
3.8410
10.9234
-4.7641
3.6670
17.6359
-18.6477
-51.1289
-40.3992
-23.5922
-46.9102
30.4016
50.1172
13.0756
-38.9777
3.9794
-35.5656
-20.7105
-8.9055
-34.0561
-7.4008
13.5172
35.0234
-32.2879
-37.5406
-2.9848
-3.0466
-15.7605
-23.3687
2.1246
-25.0387
-31.3645
-26.0698
17.7255
-28.0086
-18.1586
-16.5490
11.5391
0.6930
-5.6094
-40.6813
-28.0719
-12.7629
-13.6480
-15.4762
-9.5128
-17.8885
7.4115
-46.1047
-25.6888
-20.0799
-35.2850
10.3672
5.5578
-9.4520
-0.4902
-4.6609
-40.3867
-54.5133
13.7012
30.4199
-17.3445
-31.3523
-37.8297
4.9809
-34.0742
-19.1187
-34.6695
-40.2160
-52.9992
-40.6356
11.6774
-6.5484
10.0610
-22.6988
-8.0297
-42.7594
-12.3336
-17.6605
-18.0594
-31.5902
1.6088
-37.9805
8.5602
-37.5312
-35.0234
-5.4828
-18.2102
-27.3977
-45.9531
-5.9508
-3.5988
-9.2250
-22.4899
3.5625
25.0367
-0.4121
12.4152
-28.1437
5.0969
-12.6562
-22.2188
-22.5691
-10.9699
-15.0805
-15.6636
-26.5836
-25.0120
3.8449
9.0645
15.8594
-3.1445
13.2238
-0.2484
-15.7006
11.7883
19.4625
-9.9423
-21.5434
-10.9253
-36.3227
10.7269
-23.5704
-9.7383
-0.7516
-14.4102
0.6939
-3.1691
26.4398
-13.1058
-9.7041
-11.5924
-19.2994
-15.4910
19.9504
-8.0977
-44.7269
1.0785
-20.2145
1.5064
-9.1094
-20.8618
19.6453
17.5172
-13.6687
-28.0109
2.2203
6.2008
32.1352
12.2922
17.7258
-2.0367
2.8441
-5.4360
13.2045
-20.7082
0.9428
-25.9827
-19.7310
-15.8381
16.7805
24.1430
14.9521
3.1533
-7.5502
-17.5906
-36.1484
-5.2908
-18.2938
-19.0547
-1.9445
-6.1727
7.5777
-19.1688
-29.5572
-32.8711
-2.3146
-12.8763
-9.6892
-19.9344
-32.5883
6.1595
-19.4729
10.6535
-18.4379
5.1813
-1.6482
5.4062
-10.2943
17.7437
9.9680
17.8434
-27.4367
-39.2977
-5.6711
-31.3535
-1.7770
0.1637
-7.8400
-17.7836
14.0656
-5.4555
-21.1812
-20.2281
-8.3180
16.7555
-3.4853
7.3172
-24.0281
-44.3930
-54.6828
-19.6648
-9.0984
4.8570
-14.9156
-6.0605
-15.4137
23.6168
18.7437
16.6293
2.3539
22.8074
-0.7273
7.7605
-10.4891
-30.0492
21.9852
23.6950
-9.1617
-42.1328
-25.5828
-42.8477
-37.2172
-45.9203
-30.2648
-20.3852
-1.3631
-4.9956
20.3269
-23.9492
-4.3555
-1.0773
-41.2102
-33.9664
-28.9541
20.9484
14.8219
-11.2449
-37.2424
-22.4656
-15.9807
3.0789
2.0078
-4.3789
6.6301
6.9086
-9.5564
-44.0406
-24.3148
-17.9227
32.0461
-9.2738
-26.1904
3.8228
-11.4063
-7.0959
19.3133
-0.4656
7.9863
7.2680
-7.5672
-13.2545
5.9488
-38.6223
-1.1750
11.0281
-0.4617
21.4480
27.4953
8.6391
-8.8855
15.2937
8.4588
-4.8766
-22.0728
18.7465
-1.4133
-21.1402
-36.6080
-0.8203
14.6809
5.1820
5.8008
34.9336
-2.9098
-34.3477
-22.6316
-26.2180
2.2316
12.1081
-23.6594
-2.5166
17.5074
-18.2105
-12.9812
-31.5812
-5.2306
-2.0240
-29.0992
5.3828
-7.0828
-0.1004
6.3133
2.2672
29.8199
5.5766
18.9793
7.1008
-28.8312
-12.6211
41.4953
18.6219
12.6029
18.4133
16.3242
21.7969
-10.7559
9.2609
5.9447
-16.1719
-12.3561
7.6535
25.5285
-12.0340
-12.5375
-2.8172
1.3242
1.3932
10.9959
-6.9574
24.2238
8.3875
-17.6309
19.0945
9.3278
-26.5885
1.9232
-15.3352
-22.6955
-24.8184
-3.6035
-7.5303
8.8012
0.8452
-17.0777
10.9604
-35.8875
10.8395
-5.9389
-10.5535
-13.7969
-20.6176
-11.9285
13.4859
-2.6375
9.8617
38.6828
23.6168
16.7258
0.9676
35.0039
31.7168
36.3949
34.2916
-14.3746
-11.6113
-36.1555
-44.9314
-11.3078
46.5680
35.7125
49.4598
-49.5859
-39.7797
30.6160
11.0234
-22.2914
-26.7852
-18.6548
0.3938
15.9660
12.3100
-25.6891
-8.1314
10.9176
-28.5445
10.7826
8.7967
-14.9465
-36.6242
10.6037
12.2016
-12.4926
21.1633
15.4547
-17.8436
-50.1711
-39.6311
24.9664
13.8934
-2.1148
-18.6511
1.9958
-29.8961
-40.9094
-18.4734
15.4832
33.8000
-32.3646
33.2826
-19.0774
-18.1469
-4.0645
-5.5133
-20.6711
-32.8727
-21.2343
-2.1414
-33.2992
1.9256
-0.6145
-29.1441
-8.9820
-33.9398
-34.6539
-39.8180
-33.5184
-14.5715
-5.5051
5.5729
-47.5148
-36.6727
-24.8051
-21.5078
-22.5422
-34.4164
7.0078
-25.9078
-47.5422
-23.2164
3.6906
4.0807
14.5445
-3.6230
-18.0914
-31.2555
-15.8227
-40.7863
-10.7773
-7.7561
-39.2320
15.6696
-7.2143
8.1742
2.1320
-25.8629
12.8074
-4.0102
9.0592
-21.9727
-40.3750
-28.0125
-45.4047
5.3801
21.2349
-29.5469
-50.5062
25.4079
-45.0969
-16.6902
-48.4023
-14.6922
17.9023
-25.2961
-3.4492
-14.4219
-24.1660
-18.4065
-8.1305
-34.6889
-38.5102
-37.0305
26.0187
16.9691
-35.2062
-24.4025
-37.3497
-0.7172
-7.7832
-8.0117
-45.3141
14.6941
7.6285
-16.1065
-7.5469
-27.7902
19.2787
-31.4914
-14.3967
6.4926
22.2693
-44.8508
-47.0828
-8.4059
-14.9555
10.5437
-14.8398
3.4355
-15.2973
-27.6012
-10.5156
1.1141
-17.1145
24.3828
9.9516
19.9064
-30.3664
-3.9962
10.0682
-16.4101
-22.0157
13.9867
-7.6531
-5.1605
-34.3836
-38.6094
-29.8188
-4.2040
-25.1170
16.9484
-8.5500
-17.1148
-36.9445
-44.9867
-3.1531
19.5043
-14.1244
3.4652
-11.8883
-8.3600
-31.2875
-20.3034
16.3359
-1.8555
-8.1860
15.2383
6.4062
-30.2415
24.7254
-22.3250
-0.0586
-21.8352
-22.2195
-36.6813
-36.6383
-35.7676
23.7734
11.3176
-3.6652
-9.1002
-1.1445
10.5793
2.3221
10.0797
-41.1992
4.5953
-6.4756
1.7445
-15.2906
-13.8828
-39.4133
-37.1281
-53.6285
-2.8121
9.3680
-7.2902
20.2098
3.0543
-9.6257
-12.6898
-13.6152
-14.3654
3.6680
-22.0371
-11.4875
-12.7308
30.7500
-3.4125
-11.4453
5.0602
7.1408
-19.8185
-23.6340
17.0492
-25.7268
-37.2250
-8.7402
-3.6847
2.7609
-41.2078
-27.3578
-4.6305
-4.1937
20.1422
-10.6344
14.2285
-46.0504
33.2453
14.9594
-6.5531
-24.5594
-14.6268
7.9994
-23.2969
-16.1805
4.2834
-21.5066
-19.0141
-18.4750
-42.9367
-22.3252
11.3340
22.2199
6.7621
-29.1523
-8.2473
-6.9973
-15.6504
-20.4469
-15.9962
2.1504
19.1430
-5.9537
-1.3082
-53.5609
-43.2703
-48.4398
-25.8742
3.8023
-20.3176
-3.4265
12.5696
-19.9031
-32.8424
-1.9367
-12.3023
-18.3145
-17.8852
-13.0433
-9.0768
23.0008
-4.8918
-2.6598
-30.7723
-5.0605
19.7266
-5.1422
-12.7742
-25.9492
-39.1133
-44.2977
-32.6820
-44.4977
32.9977
-5.7537
-40.7070
-49.6078
-27.3035
5.5750
-8.2820
-25.2101
-13.9207
-34.5641
-24.1875
-25.4227
-16.1105
-2.6631
-0.9441
-35.6367
2.5933
-5.2322
-5.3914
-39.4250
-28.1102
-49.3037
-4.2617
-15.8153
-37.1647
-7.7945
-21.2137
-8.3710
-18.1426
-16.4305
-5.9570
20.9486
-44.0172
-2.1039
27.2977
21.4625
2.8629
-30.6516
-47.7352
-29.2258
-58.4414
1.3586
-9.3598
9.3499
-24.2705
22.9242
-11.3012
-31.4797
-14.6902
-33.5500
21.8062
-19.6359
-3.1070
-3.8000
-13.1316
-28.3320
-30.1516
-33.3875
-30.2680
-17.3328
-1.6633
-28.1059
-7.0626
-26.1406
-32.0559
-50.1133
8.3553
3.5187
23.1125
-6.6458
-25.9808
22.7563
10.2437
-10.9258
-13.0297
27.4453
14.5355
-35.7242
21.1406
9.1035
-1.4751
-39.0324
14.1023
-9.3217
19.8352
-2.9117
33.5828
-13.8846
-10.5402
-4.5791
-4.8922
-36.7852
-44.1039
-23.6272
17.2211
30.6867
-0.6422
15.0597
-7.6610
-6.4836
-45.0273
10.7007
-20.3297
-22.6568
-43.2789
-7.4602
4.1836
-12.2709
11.2600
-38.3164
11.0395
10.3883
5.9684
-22.3965
16.2648
10.5758
12.8883
7.7156
7.0545
14.7241
-8.9649
20.6855
25.8813
-2.0301
-14.0416
16.8613
-9.1281
-11.6448
6.6451
9.8879
-32.1883
-28.2555
-12.2578
-8.7070
20.8172
0.0733
-11.9725
-6.8734
1.0985
-37.5711
-19.1363
-11.7887
-33.9965
0.1170
15.1230
-2.3912
15.7305
18.9027
-5.9297
-4.9969
-2.5755
-23.8305
-26.4848
6.5490
-7.8979
-26.0008
-20.6020
-43.1453
-13.2488
-25.5459
15.9996
-32.6297
-37.5984
-19.9984
-8.4441
-35.6070
-4.9756
-13.7236
8.8949
20.3426
-0.9996
1.9385
20.8734
-12.9008
-54.4094
-5.5223
2.9078
52.1250
33.2852
12.8852
8.0402
-21.5410
-16.5852
-3.1063
10.9227
23.3074
-5.0496
26.6043
5.3316
-9.2707
14.3662
-16.9227
22.8336
5.4320
3.9828
11.0914
-16.1655
-26.1289
-3.0773
13.9047
3.6945
10.5838
-46.1578
-17.6376
-21.0074
8.7539
13.4453
-2.9768
3.5609
18.3859
18.3344
24.9266
8.6081
-16.8129
20.9629
22.2383
34.7148
29.8965
2.9572
-38.8078
-14.4727
-28.8584
-3.9980
-15.1602
20.3676
-18.4805
5.7777
19.8422
11.4129
-29.1379
8.3127
-17.7109
-30.7906
-39.2828
-21.5633
-53.8688
-33.2906
-33.5320
-27.5375
-20.9943
-36.0258
-19.5438
-25.6680
-26.7852
-46.2594
-2.2104
-15.3719
-27.3398
-29.1688
-8.8900
-10.2600
-12.2367
-6.1516
-5.0128
-2.8488
-8.0806
-25.5422
-2.7019
9.4715
-20.4305
-13.3178
-6.0961
32.4688
37.9711
23.6215
14.8277
-10.2711
25.6801
-3.3018
-10.7341
-37.1578
-33.2562
-15.3953
-15.8891
-0.6900
-43.0547
13.8979
20.6184
-21.1379
-28.3836
-41.6063
-43.2258
-3.4025
6.9244
-17.0543
-18.7414
9.1039
4.4188
9.0578
-5.8186
-4.7942
21.1055
15.4203
-3.5359
11.0340
0.4609
38.1258
37.4047
10.4289
17.9434
-10.1516
-34.1508
5.5430
12.8910
-9.4842
22.5637
-11.7951
-28.9289
-23.0932
0.1242
13.0977
31.8586
-5.6562
-1.9012
21.8836
-25.3609
29.6206
-36.0230
-6.5508
-30.3086
-16.2635
10.3746
10.3309
11.6949
-1.1133
-34.3516
-43.8656
-40.7127
0.5661
30.4781
10.7090
-17.0844
-11.9438
-44.4609
-24.1555
15.6742
-4.0520
-15.3270
-39.8125
5.6672
-11.9201
-7.9869
9.9664
1.9666
8.6766
-34.2766
2.0375
9.1984
9.0059
13.6719
-10.6975
-19.6656
-6.5656
-12.1218
-13.4320
-6.8345
-1.0531
38.8500
22.2023
34.3270
-2.0789
14.9172
19.5758
4.3184
7.0852
20.7227
-4.3939
1.6825
-1.7957
3.5865
-3.9904
-6.2891
-16.9207
-1.0536
8.5799
-33.2381
17.1969
38.1211
10.6484
-18.8789
-26.3188
6.4891
-19.0004
-8.1547
15.8477
13.4316
-14.0875
-22.2675
0.3613
-7.1295
-4.8555
9.2305
6.8469
5.6402
-21.5297
-9.4320
-33.2918
-24.5754
-8.7529
-42.1188
-48.7969
-42.5430
-27.6766
-36.4867
-49.4020
-28.7492
-14.8354
15.2945
-0.2086
-3.6793
-6.8473
-6.2520
9.9879
-20.0129
-38.8703
-9.5082
-21.6301
-50.8375
-44.9410
-19.3219
-2.5984
-16.8932
-24.8934
-0.5815
-29.0039
-14.8762
-21.8461
-51.2461
-10.6957
5.0631
-39.3219
-4.4875
24.9914
34.9703
4.5533
-27.5074
27.0309
28.2555
37.7188
9.7977
-46.6586
-52.4477
-38.0793
5.4947
-16.6867
-15.2285
42.4078
2.3512
-3.8562
-7.6738
-7.4738
-23.2727
-3.5461
0.5344
-45.6500
-46.7648
-45.3688
-40.3312
7.3911
9.6008
-37.6352
-36.9285
-10.0303
-30.2754
-0.2137
-6.5188
-30.5172
-51.0197
24.6863
-37.3348
-18.2766
-12.6744
-1.3453
-9.6141
-23.7359
-4.7715
-53.0469
-6.2787
-28.4086
7.4904
22.0914
8.9055
-34.7758
-12.0092
-34.7770
-14.0422
4.8465
-10.5871
-44.7484
-23.9180
4.1023
-23.9360
-20.9670
-39.9990
-17.2160
-25.0063
-7.7402
19.3461
-15.0793
-23.8828
-14.2836
-39.3777
-6.1311
-12.8034
8.6301
-12.8057
-19.0863
50.2617
28.4523
34.6941
-1.1418
-16.3125
-15.6828
-39.4691
-23.3281
-7.1449
-35.0189
15.8953
-37.3441
26.2031
5.6992
-25.9937
-1.5469
-26.9396
22.0672
7.8953
-39.4992
7.1859
42.5121
-3.0086
35.9934
2.7109
11.0504
-18.0019
-2.7138
-16.6109
8.3518
8.7969
0.7695
-21.7051
-5.8839
-32.2570
-13.6859
-12.6527
-41.7820
-12.8355
-36.9664
-16.7633
-16.6164
-12.6656
-42.0961
10.5609
-10.4146
-34.1853
-6.0094
11.8719
11.2865
-16.0855
0.0562
-23.0698
-9.1672
9.0445
14.0648
-3.0656
19.5473
19.4320
5.2273
7.9957
-41.1422
-9.9363
0.7859
7.6766
-9.0594
-21.2555
5.8863
-45.2922
-38.9734
4.4105
-7.4684
-23.3034
24.3164
43.7883
17.6867
-10.9455
-2.4863
13.7145
-22.6281
-9.8430
-49.1031
-36.4371
33.8713
-20.8906
-41.3322
7.8035
13.9631
16.4107
-20.2324
-12.4506
-30.6164
-29.9297
2.1492
-15.7980
-22.6938
-19.9105
9.8734
18.2441
5.4109
21.0930
8.4301
3.5782
14.7891
13.9086
31.1258
-2.9023
-41.7445
-21.3816
11.9656
-16.4117
-13.7629
16.8184
-15.0063
-5.1863
-14.6566
3.2704
-26.3094
-14.4467
-1.9539
14.1703
20.4750
-27.7156
-32.0984
-4.4852
16.8487
12.0751
-15.3859
-45.3102
-19.0527
17.0676
-10.5810
3.2391
-1.0509
11.5172
3.7559
6.7604
-40.6797
14.4539
-24.4039
-43.6813
-37.2031
-29.1488
18.6766
33.1969
-0.0036
-20.8281
-34.2781
-23.7812
-23.7383
-17.6109
-15.5668
8.0375
-12.1256
-19.9504
-26.7172
-23.3676
1.4570
-21.9461
-59.6477
-23.7441
-16.7482
-12.8406
15.8453
-25.2289
-16.9898
-8.2250
-41.1703
-13.1219
-16.7348
1.2143
-52.9371
-5.8469
6.4648
6.4722
-52.7062
-12.7928
-18.2137
3.8363
-7.3199
3.7160
-15.1053
-16.6782
-20.0883
-15.0094
-8.7928
-30.9484
-23.5438
-15.9852
-3.7934
-0.2311
-31.7242
-36.0133
-31.0410
-8.0688
51.7332
8.7969
22.3074
-21.4625
-5.8234
-9.3465
-28.6352
-47.3273
-10.1031
-0.1486
-31.5113
-1.1812
-28.1906
-38.3141
-43.2090
34.7578
-16.3930
-12.0572
-21.4539
-21.2234
-25.5586
-9.2625
-1.0227
5.5594
21.3375
3.3410
-4.5752
-6.7905
-5.0988
-22.3975
-0.6602
12.1742
-1.0531
23.3164
22.8480
-10.3646
4.2341
-24.3480
-0.2777
5.2959
2.2522
-23.6613
29.9039
24.9964
22.7212
-51.9508
-22.7086
26.4645
3.9916
3.4477
-1.4973
-6.5453
16.8715
4.3046
-25.7718
8.4430
48.6391
11.3066
-2.5852
10.8955
-18.2190
-6.4076
-17.6516
9.9332
-18.4391
-6.7531
-44.6453
-3.2254
2.6758
-16.8088
-19.2809
18.9891
27.0094
0.0586
26.5969
-27.1270
7.8288
-2.4738
-5.1418
6.5222
-22.5698
-18.6912
-25.9988
6.4323
1.0775
13.6187
4.7133
-21.4807
-14.2605
-11.8667
-8.0233
-4.4986
-1.9154
-11.7268
-1.6656
23.1849
-27.8484
-5.2786
-17.4617
-45.3859
-6.2117
-16.1453
44.0430
-3.5076
-29.7352
-35.0687
1.7508
15.2047
3.1219
18.0484
-4.5605
5.1095
-13.4699
-16.4208
19.4574
-12.1029
-20.0039
7.3695
-19.7367
-2.6178
-4.5254
-7.4305
24.0250
2.3633
-15.7803
-31.4705
40.7517
-27.2082
19.7430
56.4930
1.3000
27.1828
19.3715
-1.1382
4.7648
-31.9148
-16.0005
22.7417
-15.8654
-49.8695
5.0016
3.0441
17.1736
-25.7391
-21.3238
-22.0465
-3.2633
-7.6055
13.6251
7.1140
-3.2771
-16.7039
23.2809
33.7473
26.8070
3.5500
7.1953
4.4207
-13.1746
-16.5811
-0.6229
-1.8293
0.6234
12.1137
3.2520
-35.7492
14.3293
19.0023
-14.5551
-25.9855
17.5152
23.7188
0.0117
9.4129
-30.7133
-22.1125
-42.4980
-28.8164
-56.4180
-25.9953
-44.3445
-39.4594
-58.5070
-49.2711
-11.0928
-0.4547
-9.9914
10.5264
11.9693
-31.8875
2.9391
37.3172
15.0371
2.1797
-24.6887
-11.5219
-8.5836
-24.4465
-29.0003
0.7063
-27.3514
-25.4348
-41.9773
19.4758
-35.4582
-8.4438
-7.1734
-10.2344
-41.6762
-10.5734
-2.4654
-40.5687
-45.6859
1.2379
-23.0883
7.0586
-0.2434
1.3312
1.1419
-25.9039
-28.5523
-26.6051
-22.1709
-22.0105
-5.4906
-7.3625
6.1820
-14.0150
17.8625
10.0168
3.8992
28.4703
17.6074
0.2086
47.9227
32.0303
-17.5234
-21.3961
-14.5312
-17.9047
-13.8203
-37.8152
-32.6260
-34.8021
-4.5207
12.1289
-30.2297
-30.8672
5.5664
-43.3375
-43.8160
21.2041
19.1355
-26.7984
24.9477
-22.8680
-29.2656
-21.2492
-5.2352
-26.0291
-30.2137
-33.9992
-31.5906
-14.9922
31.1734
52.2570
25.9578
-15.2680
-34.3719
-17.5836
-4.0465
-32.7766
-18.2102
-2.8668
-8.0906
18.8305
7.9625
3.9680
18.3711
9.6129
18.4617
-14.6499
-7.7508
18.4703
51.4383
46.1012
-14.3072
9.2414
51.5211
58.1203
-3.5867
-10.2547
35.7768
-24.5211
-25.1110
22.8629
8.4879
13.4738
5.7461
-10.9625
12.3617
6.8688
4.9724
-30.7141
-25.1621
-1.1488
-15.1585
-17.8070
26.5559
-32.8852
-12.7281
8.6070
46.5438
42.7208
14.3931
-14.3203
15.5055
11.3954
-38.2586
-14.8336
-8.0586
22.2039
6.1789
-3.9077
-30.9078
-24.6270
-11.9467
-13.0514
-54.3109
-26.2180
-42.7062
-23.3109
-29.1336
7.3117
15.5813
6.6965
2.9266
6.8160
18.4183
-0.8367
-23.6043
-15.9089
10.6824
-0.7539
-12.4221
-3.5699
-4.8516
-1.9465
-21.0805
-37.2258
-16.5211
-37.9328
18.6424
-3.1125
-13.1658
-14.0764
30.4836
-6.2625
-41.0191
-20.8164
-12.8574
-18.1545
-13.3391
-19.1158
0.6316
18.1016
19.2656
19.5012
-16.7356
-26.1359
-29.4430
-0.9844
3.4129
20.6996
-16.5297
-6.8406
-45.3738
16.1710
-37.5508
-30.0117
-20.6680
-60.7984
-17.7604
-43.0945
-15.7707
-54.1574
20.8760
-26.5586
-2.7547
8.2320
-5.6660
18.2828
11.3090
5.3927
2.6656
13.5785
33.2836
14.9331
-27.1979
-24.3492
-13.9857
-9.2461
28.9473
35.7172
18.6367
13.2646
5.1598
-32.1352
-11.0695
-36.8414
-13.2673
-17.3673
-10.2984
-11.0789
9.7701
-27.5836
-36.4531
-33.6238
2.0418
-45.0883
-56.9164
-36.3605
31.0562
8.8371
30.2410
-36.3590
13.2980
-43.0219
-20.2719
6.6598
15.6852
14.8930
-10.3496
15.5215
-0.9277
-24.9602
-30.2938
-10.4613
28.3398
19.7295
-1.2148
-10.6391
1.0405
24.2430
19.3425
-0.6442
-37.2508
-39.0410
17.2281
10.4699
14.4696
-52.6289
-37.3805
4.5437
-17.1944
-24.7906
-47.7273
-24.2148
-39.2029
14.3070
0.2814
-16.8143
23.1387
1.4652
-22.4336
-32.4219
-30.9924
21.7699
10.7992
11.4922
10.9129
4.3148
3.7270
19.6834
-12.0613
-7.8219
-22.7244
-10.8905
30.7867
52.0391
8.2641
14.2063
-43.1953
-25.8844
-42.9672
-23.9906
-37.4135
7.8516
-51.4008
-34.5701
-2.6363
20.3945
27.3410
-27.8952
17.9711
0.9652
-22.3835
-8.7223
0.8633
18.1898
25.7128
-45.3000
-16.1319
-4.2772
12.8246
-18.8785
-39.2652
-26.2572
3.9910
-31.0883
-41.7938
-21.0477
-43.7633
-34.0504
-13.0363
-1.2379
2.4762
8.7441
-13.1418
-28.4219
10.4098
-15.5051
-27.5047
-34.8852
56.1937
-7.3953
17.4605
-14.4258
-22.7070
-29.1266
9.2570
-23.9703
-1.2539
-20.2154
-7.2436
-6.5094
16.1637
0.9871
-25.2773
0.9859
2.1281
-22.7693
13.1773
-32.2875
-28.7404
5.4437
-22.6172
-10.8883
15.2889
17.0398
6.0543
-32.9398
-29.4309
-3.7250
-4.0600
0.2102
9.7453
57.9891
51.3629
11.7599
-6.0547
-16.1521
-0.2000
47.4770
22.3305
12.0500
40.1473
46.2684
4.4477
28.4703
13.8789
13.8512
-15.9414
-51.6375
-24.7815
17.4590
17.5156
1.9266
10.6989
-33.9680
-5.3935
0.5440
-51.2992
-2.6887
19.9355
1.7461
-2.2434
-8.7445
-15.2891
-48.8312
-29.0969
-34.8563
-8.5890
-44.5828
-8.6906
-25.1203
-25.4613
3.1809
-27.5042
11.7398
-14.5129
-10.4637
5.8727
20.8578
10.7902
6.0699
17.1539
22.5578
-5.3818
-24.7902
-3.9802
-2.2109
34.0375
10.6555
-15.3949
-2.3703
-18.3824
-26.1125
-34.7326
5.2707
-8.0016
-33.2750
-16.0805
-37.6953
-16.1488
-42.9867
-10.0133
-56.6586
-42.5203
8.1617
-27.3578
-27.2922
17.3848
-14.0975
-1.8088
-18.9594
-15.0641
18.0930
11.7723
4.2008
0.0875
-10.0777
24.0996
-7.4549
11.3312
-16.7891
-2.6383
-8.6488
-15.3296
-5.5188
2.2723
-10.4549
-8.9906
-35.6672
-13.4371
-12.4242
-25.1543
-6.0508
-16.6256
-1.1594
-6.5969
-23.3375
-12.9876
15.4219
-4.9412
-30.2372
-18.0500
-26.1156
-26.2328
-22.6461
-27.0215
-20.0855
2.1994
-43.7109
-41.0438
-3.0766
-21.0422
3.8477
-12.1326
-21.9271
18.8461
-9.9578
-4.4959
-3.0350
-6.5045
9.9172
-21.3219
-44.7852
11.5035
-1.8312
-7.0352
8.8520
-44.1211
-41.3453
-25.1703
-27.7277
-38.2867
10.6016
16.7403
-18.9520
-18.7903
-38.6906
-21.7648
-43.0895
-17.6093
-19.9820
-36.6055
-10.3641
-42.5172
-23.6594
6.9820
-0.7371
33.3930
47.7320
17.7859
6.3738
1.3939
22.8641
0.8178
-39.6023
-17.5172
-8.3104
-10.2455
8.0695
27.8727
1.5359
-0.6046
-0.3949
4.7209
-21.1977
-16.0891
2.4746
-29.1250
-6.3270
-39.5711
-0.5012
-57.3109
-4.7332
15.5586
-14.1607
1.4172
-31.4578
-31.6820
-13.1371
-10.7602
5.7721
-42.3852
-19.5430
-33.5121
3.9031
-8.0059
1.5293
14.4656
-42.9047
-4.8039
9.1030
12.2169
-3.6672
-66.1648
-39.5371
-10.1367
15.3367
9.5375
24.3801
-29.3461
-48.3023
2.1219
6.5934
-25.7078
-48.9430
-22.4219
-32.0695
-28.9875
-4.7961
-2.8230
22.3480
-1.7802
-27.0760
2.0082
-26.4219
-19.1977
-5.9426
-39.9227
-7.7328
-18.3311
5.2465
-28.1711
-53.1586
-58.8250
-30.6492
-47.9945
-19.6445
-25.4742
-13.4033
-56.9695
-20.1711
-5.9341
-5.1059
-19.9516
-31.1727
8.1197
-9.6785
8.5574
12.2449
-12.6668
16.8707
-23.1364
5.1762
-14.1025
2.1680
-13.9031
0.9934
38.2789
11.3148
2.1523
11.1973
22.1578
5.1914
9.5807
-8.7371
-9.7871
0.1628
-37.2203
-15.4152
-8.2230
6.7630
-45.4469
-19.6797
-17.1867
-46.0563
8.5557
2.2562
-16.2172
-2.0438
-23.4934
-2.1613
-0.5145
-13.5758
-14.1555
-10.5741
-11.3520
-44.4484
-8.4096
-21.3820
-32.4723
5.8637
-49.6266
-22.7932
-40.9852
0.7766
-18.5701
-5.4281
-7.0016
24.5641
2.6922
15.1180
5.0461
33.6234
-43.6063
-31.3547
-17.4647
15.7121
-24.2863
8.3766
24.8941
0.0873
12.1250
-7.5957
-25.0189
0.6586
13.9762
-36.5812
-40.0129
23.2719
18.9213
-12.5423
-19.6250
16.9082
-19.5961
-37.2391
-15.4492
7.2863
13.4844
9.8453
4.4545
4.5570
13.5842
-24.5570
27.6297
35.9367
-5.8641
-17.9035
-27.2023
33.3633
-16.3068
11.7875
-22.5406
-36.2988
-8.1805
22.5828
34.6148
28.0336
37.8172
15.7094
17.0777
-1.3768
-38.7484
-19.3441
-13.4266
-16.6238
7.0363
7.5002
4.5523
20.9453
9.9914
11.9645
-13.7289
-16.0703
-27.5395
10.1230
-33.2195
-14.7430
-10.3687
5.4543
-25.6348
-1.0076
14.1914
-6.3550
-5.9357
-44.1406
-30.3418
-38.7320
-39.9914
-19.5438
31.2309
-22.8375
-14.9355
-46.9566
-32.3594
-8.0363
39.2035
16.8477
9.8195
-1.3899
-11.2443
31.1562
22.7977
33.1004
24.5258
8.8488
-1.7269
2.2266
-41.7055
-47.0727
-25.5666
-18.4598
-37.0710
5.4242
0.2184
-2.0687
5.7961
25.7270
14.0707
-8.9740
-23.7617
-55.2398
-8.0484
4.0512
-2.4214
-2.2188
-1.3914
4.6289
6.1301
-6.2180
-25.6023
-8.9382
1.9363
-19.1031
-30.3258
-34.0445
-8.4219
-29.8172
-19.4613
-10.6883
-7.9215
-37.9117
-45.1289
-8.0783
-5.0227
31.8664
1.7902
21.0391
19.9434
23.0551
-48.3180
-44.3453
-34.0164
15.7309
9.9414
-17.3098
-27.6020
-13.2601
-15.5629
-11.2238
-6.1789
-19.0102
-25.6836
3.6563
-23.4031
-31.8266
-48.0625
-33.0563
-15.6023
-25.0359
-23.3828
5.5645
15.5320
20.2172
17.5406
2.6711
32.1156
19.2852
10.1023
10.8289
7.0086
2.8484
24.7199
-15.0836
-7.0262
-43.0922
-17.1766
15.6898
3.6793
-11.3447
-22.3166
-4.8297
23.3301
17.9443
10.5039
-16.5512
-32.6771
-15.7127
29.5375
16.8500
23.3910
-13.6992
-32.9758
-49.9961
3.1973
37.3461
4.3086
-14.5086
38.2320
35.3836
9.1273
-10.9041
-23.2863
18.4332
-7.2129
-10.2844
24.9887
-6.9812
56.4367
14.0363
-5.2991
-1.0051
-3.8953
-18.9930
-41.6586
-26.7430
-43.7328
-4.2981
7.7485
-38.4039
1.7256
6.8934
-2.5684
4.0906
4.0626
-58.2945
-15.7270
24.0691
-37.4859
-9.6404
20.1660
6.5461
-10.5904
-21.2527
15.7074
-36.9988
7.4523
7.5973
4.1121
-3.0699
15.4949
-14.6428
24.4023
26.9285
12.6713
-7.1766
6.9656
6.2077
-26.4088
5.2143
-4.0828
23.7164
1.2281
14.2508
-41.5250
-6.3584
-42.8102
-11.4717
-0.6438
-39.5283
13.1832
-9.5906
16.2536
-23.9383
-40.8391
2.1795
-9.5043
8.4297
7.2562
-40.2875
-42.2836
-10.1847
28.8055
30.9707
13.0829
-26.1133
7.6947
-36.2211
-8.0037
-8.9206
-15.8377
-44.1063
-11.1781
-52.6633
-19.7668
-18.6131
-23.6036
9.4512
-16.1404
-25.2993
14.7383
-3.4961
3.3160
2.9742
-6.5556
-10.7440
-16.1941
3.4283
-36.3953
-31.1789
-10.9242
-22.4281
-30.7098
-19.8164
2.5672
-23.1127
-14.0750
-16.7321
-22.2877
-23.9336
27.1113
15.1086
10.2656
33.3000
18.8602
3.1336
-20.1547
12.9336
6.5121
-1.7416
-10.1176
17.9703
23.6742
-5.9473
-1.5041
-4.3818
-20.9031
-11.5973
-30.6148
-44.7273
-29.4047
-50.8320
-36.0570
-5.7754
42.6500
27.8820
24.4492
12.6473
-20.5828
-38.5016
-0.5168
0.0977
4.6492
24.9562
17.1043
-20.4836
-39.4203
-36.1844
-43.0344
-35.6930
17.9097
4.5117
3.2305
-3.6590
24.3859
-29.0917
33.8406
21.2219
-12.5733
15.4722
-29.9828
-31.4121
18.9652
2.3574
-5.9178
-25.0953
-24.1820
-8.4109
-15.5523
-46.1211
-16.1977
-10.9969
8.5699
-10.7638
-17.5328
-33.3469
-35.5117
-14.7367
-44.7930
-53.6273
-13.1523
-10.7219
-4.0121
-31.0719
-24.6854
-3.9250
-12.2742
-20.1270
-7.9117
-17.0703
27.0149
-20.6539
-27.2594
39.3898
0.0953
2.3117
10.5055
2.0116
-44.5344
-12.7688
-6.2496
13.6379
-1.6484
-18.9684
2.5926
-37.3641
-13.9566
-19.6054
-28.4266
-22.4234
-22.6933
11.5410
-28.7152
-24.4195
3.0742
5.0219
27.8004
-3.3740
-35.5336
-24.1836
-25.0281
50.3164
31.6930
11.4516
-34.0223
9.1609
25.0844
14.3938
1.3553
-14.3602
-21.6377
10.3493
-41.2133
-43.6109
-21.7332
-8.2840
10.3938
-2.0047
-24.1891
24.7203
-12.2779
6.8414
3.6320
16.1559
-9.6047
28.6344
-6.2243
-3.6805
-50.4672
-14.8699
-17.6523
11.1422
22.8375
5.6898
11.4961
-3.7945
3.5501
-13.3691
-29.1454
-14.8180
-49.0727
-25.1930
17.6066
-11.1895
14.0414
-44.5359
-28.8790
-34.0172
-15.1396
42.9242
7.9014
-38.0297
29.5195
55.8516
44.9875
1.8164
18.4145
-5.0156
6.3162
-4.8562
-28.8350
-23.2266
3.9859
14.0598
6.1414
-5.0328
18.1469
-10.3052
-20.7422
44.7344
-35.6867
-5.3242
6.1613
22.3266
-1.1234
36.4219
35.8891
49.4195
42.9906
8.6918
15.1996
14.6728
5.3150
-4.9207
-18.4191
-11.9164
-30.9441
-12.9512
15.6100
16.6762
14.8324
-16.5064
14.4182
-20.9156
-25.7883
-1.8563
26.7941
7.0826
-30.3539
-31.4648
-24.1092
-3.9523
-10.1449
-8.2846
6.5543
-3.1008
3.1432
-6.7281
-13.8438
-28.7254
-2.0094
-4.8076
-52.0758
-16.1879
-25.0418
4.6711
-22.6879
-41.7219
-45.4875
-20.2094
-17.7824
23.4043
-2.2086
-25.5562
-44.1031
-24.5094
14.2918
-53.0820
-45.0664
-49.5781
-30.2758
9.4695
26.1273
24.7555
10.8523
-13.1779
-6.7953
37.4637
5.0699
-11.2293
4.5889
-25.7563
-26.1256
-20.5232
2.9246
-10.5569
15.8441
-9.6102
29.1602
17.1867
43.7938
21.8539
5.3990
-31.1711
-16.5477
-11.7910
13.9957
-22.8496
-9.9207
-6.0499
-36.7332
-17.9031
-38.8969
-25.7547
-18.2273
-13.8574
-25.9492
-36.6523
-29.7109
-4.1805
-25.8914
-36.8484
-42.2812
11.1492
-3.4057
-31.7254
-8.0659
8.1867
5.1770
-36.5914
-19.2531
-12.3137
-4.9980
27.3203
-35.9973
-8.9061
-28.4648
-18.7512
-20.7563
21.5840
-9.5352
-22.8230
5.7723
-38.7242
12.8586
16.4684
24.5752
-21.3043
-12.8383
3.2547
-6.8055
-54.8289
4.8262
7.4875
-32.3375
-8.3996
20.5148
-0.1541
-31.1473
-12.8034
-12.3145
-10.0735
2.0391
-33.4883
-8.8922
-30.3136
23.2703
-32.0289
-24.2763
10.5867
-6.3627
-24.9797
-47.7945
-34.1689
21.7309
1.6504
-12.5039
25.9371
-27.3937
-9.4562
-23.8892
0.7637
-14.2281
-21.4270
11.4968
-50.1922
-59.6547
-21.0031
0.8520
-1.8527
18.5969
38.3707
12.1277
34.6195
23.0945
38.0141
46.4855
8.6621
28.5273
9.1418
-30.4836
14.4163
-0.4482
-59.1875
-1.6219
8.6594
38.5555
12.1242
23.5727
20.3445
-5.7508
-10.9867
-39.6453
-37.7875
7.3144
-26.3992
-14.6238
-3.0230
-0.8984
7.2125
-12.8719
-33.9797
-8.0781
-20.6281
-37.0055
-37.8453
32.8891
7.1230
14.7203
-48.5602
-41.0773
-46.7664
-42.2207
5.2301
-48.4857
-3.7633
-5.2516
-37.5750
-6.2667
-8.2475
-7.5594
2.8191
14.3094
22.9250
36.8812
17.7469
-0.2502
20.9109
39.6695
-0.0562
-21.3047
-48.2460
-9.8145
-12.2172
52.8672
22.4375
27.7115
-23.2408
-20.4105
10.9980
-30.3570
-20.0656
-51.6727
25.6357
-22.2797
-32.0187
-38.7781
-42.0359
-2.9253
-6.3119
-7.7641
-5.9965
-40.1437
-12.8313
-34.7945
-23.5930
-3.9625
-35.4250
-12.3680
-28.1570
-51.9359
-36.0719
-31.1441
5.6227
-30.7828
-31.2617
-9.7095
-13.9379
-8.3762
8.5953
3.8664
-6.7455
18.9781
20.0094
-6.9219
8.0117
-3.2602
-14.4084
7.6332
5.9469
-2.0379
13.9332
-26.1331
-29.3750
6.6629
-46.6398
-42.8500
-36.3969
10.6004
-5.9379
-37.5414
-30.8180
4.9066
-20.0172
-29.6426
-5.8543
36.5293
12.9254
-42.2523
-22.7109
-40.6852
-15.7141
-36.5758
-32.5965
-13.8891
-27.7016
-40.8133
-10.8820
11.8836
5.0312
-11.1128
-17.3711
-41.1305
10.8515
-41.8320
-59.4188
-41.7930
11.5816
-19.0713
-5.6453
41.7053
-5.6541
-40.8422
-43.6453
3.0079
-40.9246
-29.0805
-30.3266
34.5234
22.4605
-16.3070
-2.0201
-6.9037
-4.4395
-36.8141
8.0047
-1.2202
-20.2812
21.0398
-18.9402
37.9568
-10.4594
-31.2563
-47.6586
-35.5805
-19.9180
-33.4484
-42.2555
-48.6148
-27.7941
-12.0830
-49.0609
-15.6082
-3.8219
-43.0846
37.3820
23.2930
21.5773
3.6125
-13.2398
-40.8367
-21.3813
-27.3138
6.3602
-12.4951
24.6789
-18.9180
-33.3527
5.7094
37.0062
0.1027
7.3484
6.9375
47.6602
8.6953
-4.1410
-1.9813
-21.8031
-14.8621
6.3427
-25.6039
-20.1641
35.4016
-7.6516
22.7500
2.6641
28.4172
33.0121
3.0301
-18.9577
-4.9180
31.5969
26.3492
-5.4398
50.3531
12.5469
-11.4156
36.6016
17.4500
43.2445
28.9625
-0.8523
14.1238
-30.6646
-9.1073
-35.9398
-52.1266
-12.1438
-34.0227
9.0316
-8.0809
-5.4737
-29.4828
21.7047
51.4891
54.8336
44.0055
46.0344
-7.2289
14.4164
7.6301
1.5232
-30.4942
-28.2109
7.6107
2.6547
-10.7824
10.4531
12.0867
24.8805
22.6531
37.7527
12.3133
5.0246
-23.9410
32.8055
0.1261
-44.8953
-15.8125
-17.5082
23.0773
21.9406
23.2336
56.7109
26.3711
13.6125
54.8312
36.0828
-17.8094
-24.1266
-36.8063
-1.7607
-21.9147
9.7750
-21.5954
16.9089
15.8547
-6.3988
0.3973
-0.4922
-15.7691
-35.4344
-18.1957
-34.4313
-52.9484
-60.2273
-48.4875
-5.8805
-14.6354
-16.8352
-21.9365
30.5469
5.5766
-5.4570
-23.5289
-40.4977
-42.6000
-18.7223
-20.2480
5.4492
-9.1328
12.7008
21.5602
24.3332
-4.0395
-17.3492
-43.9078
-13.2391
1.6730
-1.8548
27.6812
27.3062
18.1180
17.4805
25.3875
32.3086
23.0406
13.6969
-21.9164
-3.1482
-8.7203
-20.7287
-3.2520
8.0316
-38.4316
1.6658
-11.7453
6.8475
-52.6492
-22.9148
9.3995
-45.1500
-17.5766
-0.1152
-43.7047
-5.4615
-27.5756
-1.7867
44.9852
55.7578
7.8461
1.7059
-4.0391
-39.7051
-6.8219
-59.5375
-49.1680
-28.5164
-14.9228
9.1227
25.3672
20.5867
17.6109
17.8793
-12.3840
13.0387
24.3480
20.3906
-40.1297
-18.5600
-19.9840
-30.1852
-10.6785
-6.2765
-1.7275
14.7789
8.9930
20.7774
-44.6010
20.4438
-37.8187
0.0682
8.5469
-1.3871
35.3766
13.3586
-31.7758
-19.0984
-18.4273
-1.4461
55.5930
57.8812
10.3160
-58.1445
-40.6457
-24.8844
-24.8840
-24.7402
-28.1016
-37.4102
-36.8320
6.7046
-8.4371
-14.0322
-0.5933
-31.3102
-6.9918
-1.3664
1.2391
-8.0195
-5.9420
-28.0703
-3.4629
-28.3041
-9.3436
-32.8695
-11.5602
10.3371
-27.1578
-40.5984
-28.6695
10.3789
-26.6969
-37.0641
-0.6453
11.6766
0.8761
1.6802
-1.4141
28.8074
15.1758
39.4414
47.8531
13.4609
-5.3498
-1.3598
17.9664
-4.7500
-9.1148
-0.5703
22.8203
8.7273
24.0625
30.2477
-37.9172
-26.1273
-39.4711
-17.3500
-20.0850
40.2133
10.4076
-16.1449
9.2094
-30.5953
-12.6654
13.3586
29.4562
5.9672
-0.5035
15.0271
-30.4062
-11.0801
11.1570
16.0859
-34.0711
-1.6094
7.1789
13.3930
29.7242
16.7867
25.4469
28.6441
1.5551
8.2725
24.4227
5.3369
-15.6225
-13.2358
-49.1336
-3.5730
-3.1412
-46.3995
37.3891
-22.7105
-7.9871
17.0984
15.0828
-5.5488
30.1992
9.8938
19.8469
15.7395
11.8289
44.6383
26.2250
8.0758
16.2379
-5.5875
42.6266
42.5701
-3.7906
-15.0818
-12.4250
2.0361
30.6875
5.4922
-20.9031
-49.9641
-13.3318
1.4947
14.9656
11.1222
-27.3453
-30.0676
15.1613
-10.8344
-32.0352
-35.5133
-33.9820
1.6934
-19.3717
6.1123
-10.0410
-38.5656
-28.9111
36.1293
13.6668
18.5211
21.0211
6.5578
15.1394
5.4320
0.2268
-5.4568
-16.2875
-21.8304
2.4528
-37.8674
29.4914
34.2531
20.9441
-10.6691
-14.6479
-29.7766
-22.0063
-20.5734
15.5174
-12.3945
25.0027
-44.4180
23.0977
19.6941
-6.5367
2.1719
38.4961
54.3266
25.3109
34.1488
29.9891
3.1175
3.3842
10.8473
22.8500
33.8797
14.2773
20.0195
4.9754
-0.5605
5.8148
28.5148
48.3582
16.9641
33.8422
4.0840
-18.2930
-41.6930
3.6750
18.8945
-10.4230
20.1383
49.7789
34.9223
34.7352
34.8672
22.1328
-26.5422
-26.7363
41.2215
-27.2250
-12.1738
18.2656
54.0016
9.3775
-50.6805
1.6742
-0.3740
4.0016
-35.9738
-20.0179
-29.7062
-64.3125
-42.9172
-45.2941
0.1756
-34.0180
-4.3408
-14.4434
-22.5340
24.7922
34.1969
13.1934
-1.7789
-7.1674
3.8254
-15.1703
-58.9250
-4.1510
-33.0883
-39.8086
-35.6672
-58.5312
11.0658
-29.4789
-0.2826
-29.3992
-20.9844
-5.5211
-7.5264
4.0072
-22.5383
2.3927
-3.8113
17.1410
6.9371
-1.2432
-0.2687
-21.6164
-11.9754
-35.2055
-36.0336
-44.1930
-18.7199
6.3262
-17.7684
-31.3109
16.8094
33.1234
7.1479
-7.2059
-11.7211
38.4758
9.9332
29.4867
-2.2891
-7.5895
20.3094
19.8055
6.7355
-11.5209
-29.8891
-20.0184
14.3191
-0.1227
13.9281
8.0930
28.6266
12.2527
2.9214
-38.3250
23.7875
6.4406
-24.8848
-4.8090
-10.8664
-21.8109
-0.4062
-44.0687
12.3734
2.9070
0.1090
-3.3989
-10.8758
-35.5676
-18.0549
21.3125
54.5875
27.8797
53.0234
48.0977
19.8465
14.1383
6.3055
10.4957
-30.8672
-13.0922
11.3365
-20.9531
-49.8992
-53.0875
-8.1000
-3.2657
-1.6383
-1.4155
-1.0641
4.7434
-24.6109
2.1127
11.1305
-3.0287
-10.4170
19.1867
16.8906
21.9367
9.1641
32.8500
15.5043
20.0641
6.9629
14.8639
15.2195
-8.6205
-39.1145
11.0285
12.5492
-24.3492
-11.1018
25.7738
4.0824
-46.4992
-22.3062
-31.6078
-44.8273
-27.4594
-1.4673
-15.0238
-20.0113
-17.6480
27.2938
49.0211
52.6754
11.7762
0.7203
-13.6604
-1.2259
21.1096
-28.5824
37.0797
-4.5069
-30.0319
-12.8671
-33.3281
-44.3375
-35.1164
-8.4629
-31.9844
-32.8244
5.4609
20.8207
5.2023
13.5109
-1.3452
-0.3789
46.6688
50.4539
43.4617
36.6719
30.5187
-1.1816
5.0656
-1.9828
47.5078
44.3070
31.1945
26.7648
19.3523
4.9266
10.2984
17.3906
19.6992
11.6805
20.9668
13.1742
11.8914
42.6406
51.2242
42.6422
38.4297
50.5930
54.3102
27.7582
-2.0648
-47.5047
20.0070
4.6085
-35.1836
2.2227
22.6844
29.7594
17.3461
3.1495
-19.7574
17.6227
-18.3219
7.5406
35.1172
11.5492
44.0605
18.9508
0.6984
47.4855
-7.1742
-17.4047
-30.9992
23.1148
5.5559
33.7492
9.0535
7.2184
0.1875
-33.0766
-38.8781
-7.0201
2.6508
-20.3348
2.4699
14.7453
62.4375
48.4938
38.2715
8.4102
37.5102
-19.0391
2.7146
-6.6771
-43.0008
-15.5445
-30.5711
-48.7078
-52.4328
-24.9863
28.9883
35.1344
12.4891
31.4547
33.1129
-5.4413
29.3959
-5.5091
-46.6008
-16.2580
-2.4379
-32.2539
-40.8609
-29.0242
-29.1473
5.7018
15.6219
-0.6183
25.4203
1.0320
41.2313
50.2902
-0.6550
37.4195
8.6879
-4.4957
-0.2254
0.1676
40.3797
27.7930
40.0312
15.3203
2.1301
-36.9742
9.4988
-26.7273
-57.0555
-34.7422
-41.0695
-26.7313
-25.0625
-41.1234
-13.9008
6.7879
-35.1602
5.8908
-24.8531
22.2156
37.0238
16.5419
12.4688
-7.2445
-26.5180
-29.5070
-30.1023
-43.9906
-16.4646
-30.0445
0.0400
-0.9000
-27.0844
-60.9813
-29.4445
-24.3092
7.5609
17.0211
34.2344
41.5469
26.2172
-28.7227
-15.7273
-53.3563
-26.6146
7.4342
-24.2852
-9.1018
-2.5465
-5.1875
15.5305
-3.5445
-7.4777
-30.9391
-31.3145
-17.7492
-39.8047
-32.5016
-26.0632
-13.9161
2.3021
7.2117
-4.3422
-0.6387
7.2725
1.9406
-14.7730
-37.7109
-2.0768
-32.0969
-7.6609
-28.2498
-22.6875
-40.1145
14.2039
-1.4688
-3.8141
0.1532
3.9904
-12.1625
4.5161
-38.2992
8.9945
4.5602
-6.3575
-30.7242
-37.9102
-32.0531
20.3020
-7.0566
43.7594
0.3363
6.0766
-17.8773
16.5427
-56.7047
-53.1820
-51.3570
-18.1930
14.8369
-18.6547
-5.7469
9.8556
-38.1297
-24.2418
-27.5359
4.5508
-39.6320
-18.6371
-3.4271
-16.9701
-9.2801
34.1141
21.0262
-4.2035
-4.4977
14.4867
8.8570
34.2613
0.1336
35.9203
30.0641
53.3633
19.3844
7.5617
3.7316
-38.6980
-14.9969
-38.2766
12.4258
4.9688
39.8609
-4.5547
5.2957
10.4087
-25.1184
1.0207
-32.1262
19.1867
-1.2281
-14.0406
-15.7920
-41.7789
-23.3422
-27.8266
8.5211
32.7719
22.3445
16.1562
11.3645
19.8031
-20.6016
-49.3594
10.4180
27.5242
-0.7617
14.3820
23.7734
1.2781
12.9074
1.3121
-37.8406
11.8627
-1.3424
-13.5328
12.8336
6.3182
-9.2344
-25.9719
-35.5398
-46.3547
-20.5977
-20.8391
-10.5709
-38.7234
9.9693
16.7070
39.5305
10.1408
-15.1898
-47.9012
21.4957
12.7133
12.0035
24.6281
5.6365
-11.0656
15.0617
14.8328
3.6117
19.6797
-13.6566
-24.3441
-45.4875
-33.5523
-52.2305
-36.2426
2.8768
-16.1281
16.4672
0.8334
13.7957
-25.5891
-41.2469
-39.5586
-1.8445
-2.7621
12.0850
-14.0914
2.3247
-28.8756
18.4922
15.8262
13.2828
33.0195
29.3945
10.2898
-3.1672
-2.6992
21.8852
10.8357
-15.9965
-2.7093
-39.8953
-15.5645
-13.2375
-9.5277
-18.4555
-12.1156
-5.8793
-3.1906
14.0788
-3.5045
-21.5922
-45.5758
-4.4867
-21.6711
-16.5961
-10.3906
-44.9742
4.7826
-10.4984
-2.0195
20.5656
-11.6603
29.2375
-12.0199
7.2704
-43.5773
-18.1234
-2.8249
-43.9133
-5.7189
-23.8648
-33.0132
15.5363
-4.3144
28.6105
1.5000
9.6512
20.1922
30.0242
16.8320
8.9172
-10.5607
7.7328
41.2469
41.3563
44.1250
47.8297
32.2831
-41.1102
-32.3201
3.9891
-60.2656
-31.5207
-23.0750
-2.4885
-51.0391
-15.4461
-27.2453
-40.3117
18.9169
-42.1711
-8.5277
15.6074
-25.3273
-33.2172
-20.7836
-55.1703
-38.6172
-4.4266
9.7812
51.1180
57.3430
56.2742
-2.6672
6.8473
21.1984
20.1879
-23.2660
-9.3121
34.1969
53.4164
58.4609
36.2008
-13.4061
1.9801
-0.4113
-30.1629
0.0047
-52.5234
-1.1391
-8.9844
-0.6227
38.8812
28.4102
22.0820
-25.6023
-27.4883
-47.9547
-15.6055
-26.2836
-9.6787
-2.8055
11.3336
-25.6414
-37.8289
-2.5297
-0.3461
-6.9621
6.1480
11.8875
8.0609
57.5680
21.3555
29.9307
-34.7172
-11.7406
-7.6391
6.9780
-34.4355
0.1453
-19.0297
14.8500
33.0625
30.2555
-0.8695
30.2082
12.8547
12.3133
40.2938
52.0539
29.1090
10.5360
-23.3195
-47.5797
-45.5805
0.0551
-19.0559
21.2160
3.3668
-26.7570
1.2924
14.0941
-32.1406
-61.1055
9.9838
-11.0356
-47.2711
-0.7047
25.4539
29.2977
39.2652
6.5461
14.2754
12.6707
-46.5664
-48.0953
-4.3516
5.3465
-17.0812
55.2445
13.5434
0.2923
9.3960
-45.5102
-30.9672
-26.3937
-25.7484
5.4600
-4.1937
-1.3148
4.6566
-6.2262
6.7250
9.3207
-30.6184
38.2391
30.1797
56.4766
4.3564
-37.8328
-0.7623
25.3031
-0.5582
11.9772
-12.7805
-29.4598
9.5764
-4.7912
-6.2047
-0.3453
45.2734
10.3309
-18.6859
-31.8080
-2.7449
-39.0242
7.6230
-20.9141
-11.7996
8.9688
25.5703
-3.7863
14.0098
-19.2195
-51.7484
-3.6625
17.0047
10.7207
-40.7875
12.4367
16.4418
13.5547
-5.1320
-29.4501
-23.9887
20.7273
-5.0613
-8.9481
-3.4047
-17.5148
-4.8234
8.7672
-16.2230
-20.8852
8.9010
-14.9482
-17.5344
17.3447
-17.1211
54.3781
11.0805
1.1324
0.5328
1.6754
6.1828
13.4187
-22.8108
-13.6347
-32.8406
22.1285
23.9508
9.6773
-22.0957
11.1193
9.9812
-2.6017
-27.5045
-7.5354
-27.9986
22.7984
27.6703
29.4633
-17.3087
2.6927
-48.1102
-24.6250
4.2744
21.3891
11.3188
-27.4312
-26.4797
12.2332
-13.0473
-7.0881
-1.2297
-3.0648
1.6906
2.7186
-38.4180
-8.4957
-41.9410
-9.4621
-1.1848
-17.0508
-26.6547
-28.5949
3.2719
20.0266
-27.1691
9.9375
-32.6852
4.9512
3.7559
9.5408
17.2873
-34.0266
-22.1836
-19.4023
-50.7422
-6.5898
-28.8687
-23.8914
-29.4719
-27.9383
-26.8020
8.9680
-3.7047
-2.7425
4.9133
-7.0922
52.8016
55.7180
50.7656
53.7719
46.9543
10.8990
-8.7586
-21.4125
-33.7266
-35.7219
-37.3172
-10.0762
3.0715
-39.7188
-11.0743
1.3598
18.5520
3.0303
-23.4234
-11.2695
-52.6922
-18.9797
-9.5926
-22.3781
-45.5117
-22.3836
21.1004
1.8383
6.2438
17.6508
-25.6891
3.1852
2.7270
-20.0656
-15.8648
11.1086
50.3414
51.8414
12.3945
23.5797
20.7547
23.3172
19.8031
0.0027
-21.2953
-59.9453
-45.9023
8.6882
-29.8988
28.4875
24.0789
30.6156
33.0477
-1.9585
-10.8000
-0.4121
-24.2203
-45.8391
-26.3713
-24.3195
-41.8527
-13.8813
-33.5902
-24.7867
-11.1781
-45.8867
2.7223
-2.2757
-20.6468
