0.0000 0.0000 0.0000 0.0000 0.3082
0.2932 0.5889 0.9266 1.2087 1.4175
0.2797 0.4696 0.7497 1.0105 1.3038
0.3040 0.5086 0.7466 0.9963 1.3007
0.1765 0.3282 0.5043 0.7634 0.9812
0.1749 0.3418 0.5122 0.6998 0.9079
0.2510 0.5167 0.7199 0.8832 1.1141
0.1909 0.4232 0.5678 0.7247 0.9089
0.1357 0.3463 0.5039 0.7114 0.8873
0.1688 0.4012 0.6053 0.7731 0.9089
0.1330 0.2929 0.4802 0.6482 0.8395
0.1605 0.2618 0.4148 0.5783 0.7303
0.1176 0.2549 0.5410 0.6644 0.7976
0.1323 0.2538 0.5164 0.6940 0.8212
0.1256 0.2348 0.3898 0.4992 0.6235
0.1261 0.2135 0.3693 0.5155 0.6442
0.1197 0.2289 0.3496 0.4550 0.5632
0.1202 0.2308 0.3934 0.4791 0.5917
0.1433 0.2710 0.3821 0.4746 0.5775
0.0964 0.1786 0.3160 0.4284 0.5630
0.0882 0.1996 0.3969 0.5059 0.6067
0.0810 0.2124 0.3207 0.4204 0.5486
0.0980 0.1875 0.3056 0.4054 0.4973
0.0908 0.1790 0.2510 0.3368 0.4212
0.0742 0.1617 0.2493 0.3871 0.5344
0.0829 0.1593 0.2513 0.3384 0.4259
0.0960 0.1717 0.2611 0.3628 0.4565
0.0996 0.1879 0.2867 0.4344 0.5319
0.0847 0.1699 0.2549 0.3419 0.4268
0.0804 0.1739 0.2570 0.3358 0.4126
0.0710 0.1421 0.2391 0.3157 0.3966
0.0866 0.1765 0.2492 0.3232 0.4010
0.0875 0.2210 0.3061 0.3770 0.4638
0.0898 0.1657 0.2464 0.3163 0.3974
0.0807 0.1677 0.2495 0.3255 0.4005
0.0750 0.1505 0.2320 0.3017 0.3768
0.0819 0.1621 0.2408 0.3317 0.4082
0.0888 0.1575 0.2288 0.3025 0.3833
0.0834 0.1674 0.2389 0.3484 0.4230
0.0702 0.1571 0.2297 0.3148 0.3912
0.0763 0.1611 0.2407 0.3171 0.3930
0.0726 0.1488 0.2193 0.2892 0.3667
0.0732 0.1455 0.2221 0.2932 0.3621
0.0764 0.1558 0.2331 0.3068 0.3752
0.0747 0.1566 0.2233 0.2911 0.3635
0.0702 0.1376 0.2073 0.2799 0.3503
0.0733 0.1405 0.2158 0.2894 0.3569
0.0736 0.1496 0.2164 0.2878 0.3552
0.0795 0.1579 0.2276 0.2951 0.3801
0.0738 0.1439 0.2160 0.2903 0.3592
0.0741 0.1396 0.2095 0.2812 0.3501
0.0705 0.1441 0.2238 0.2894 0.3631
0.0764 0.1530 0.2202 0.2938 0.3698
0.0727 0.1416 0.2132 0.2806 0.3579
0.0727 0.1725 0.2411 0.3148 0.3857
0.0666 0.1316 0.2005 0.2740 0.3430
0.0705 0.1375 0.2031 0.2789 0.3502
0.0748 0.1473 0.2226 0.2966 0.3737
0.0718 0.1476 0.2152 0.2859 0.3620
0.0723 0.1443 0.2122 0.2884 0.3596
0.0665 0.1368 0.2036 0.2745 0.3423
0.0675 0.1356 0.2042 0.2694 0.3363
0.0702 0.1343 0.2051 0.2728 0.3383
0.0711 0.1423 0.2081 0.2730 0.3386
0.0851 0.1564 0.2223 0.2885 0.3540
0.0631 0.1478 0.2102 0.2787 0.3432
0.0649 0.1307 0.1944 0.2604 0.3263
0.0663 0.1327 0.1976 0.2643 0.3304
0.0699 0.1337 0.2005 0.2696 0.3337
0.0646 0.1328 0.1975 0.2621 0.3264
0.0625 0.1286 0.2117 0.2850 0.3491
0.0635 0.1351 0.2003 0.2676 0.3341
0.0745 0.1542 0.2217 0.2854 0.3514
0.0641 0.1336 0.1991 0.2638 0.3285
0.0667 0.1339 0.1985 0.2629 0.3263
0.0646 0.1327 0.2036 0.2692 0.3319
0.0705 0.1328 0.2007 0.2660 0.3301
0.0699 0.1334 0.1957 0.2586 0.3217
0.0664 0.1319 0.1947 0.2623 0.3258
0.0624 0.1267 0.1897 0.2539 0.3182
0.0624 0.1297 0.1929 0.2581 0.3217
0.0636 0.1312 0.2073 0.2729 0.3373
0.0681 0.1572 0.2226 0.2995 0.3628
0.0628 0.1286 0.1926 0.2549 0.3412
0.0677 0.1304 0.2072 0.2698 0.3388
0.0631 0.1291 0.1933 0.2559 0.3177
0.0642 0.1320 0.1937 0.2562 0.3244
0.0643 0.1261 0.1872 0.2500 0.3381
0.0630 0.1238 0.1922 0.2598 0.3358
0.0638 0.1302 0.1916 0.2564 0.3199
0.0625 0.1250 0.1902 0.2632 0.3252
0.0618 0.1238 0.1843 0.2462 0.3083
0.0618 0.1232 0.1850 0.2458 0.3075
0.0615 0.1250 0.1872 0.2513 0.3131
0.0618 0.1229 0.1844 0.2476 0.3100
0.0637 0.1302 0.1910 0.2529 0.3173
0.0619 0.1239 0.1861 0.2482 0.3082
0.0611 0.1223 0.1913 0.2519 0.3135
0.0610 0.1231 0.1850 0.2623 0.3237
0.0616 0.1329 0.1944 0.2555 0.3166
