-0.4984 0.2217 0.2296 1.9689
-1.0920 0.0599 0.0183 2.1627
-1.0631 -0.3204 0.0753 1.2378
-0.6698 0.2661 -0.0499 1.9256
-0.8448 0.2097 0.1344 1.5165
-0.4967 0.2215 0.2294 1.9414
-1.0889 0.0594 0.0179 2.1028
-1.0587 -0.3209 0.0748 1.1652
-0.6639 0.2650 -0.0505 1.8056
-0.8379 0.2086 0.1336 1.3712
-0.4884 0.2203 0.2285 1.8007
-1.0806 0.0584 0.0173 1.9577
-1.0506 -0.3212 0.0742 1.0606
-0.6559 0.2645 -0.0509 1.7021
-0.8308 0.2081 0.1331 1.2752
-0.4796 0.2196 0.2277 1.6808
-1.0718 0.0579 0.0165 1.8362
-1.0422 -0.3213 0.0734 0.9644
-0.6484 0.2638 -0.0518 1.6007
-0.8237 0.2076 0.1323 1.1706
-0.4714 0.2191 0.2266 1.5777
-1.0633 0.0578 0.0159 1.7544
-1.0338 -0.3210 0.0725 0.9057
-0.6410 0.2634 -0.0526 1.5360
-0.8169 0.2070 0.1314 1.0950
-0.4630 0.2186 0.2252 1.5238
-1.0555 0.0574 0.0147 1.6945
-1.0262 -0.3212 0.0715 0.8494
-0.6341 0.2624 -0.0535 1.4586
-0.8107 0.2063 0.1306 1.0341
-0.4555 0.2174 0.2242 1.4456
-1.0481 0.0564 0.0139 1.6050
-1.0186 -0.3216 0.0707 0.7647
-0.6268 0.2614 -0.0541 1.3441
-0.8039 0.2052 0.1299 0.9163
-0.4476 0.2165 0.2232 1.3375
-1.0400 0.0557 0.0132 1.4966
-1.0110 -0.3219 0.0702 0.6782
-0.6197 0.2606 -0.0547 1.2622
-0.7973 0.2042 0.1292 0.8236
-0.4403 0.2150 0.2224 1.2338
-1.0328 0.0545 0.0125 1.4114
-1.0037 -0.3222 0.0694 0.6295
-0.6128 0.2598 -0.0553 1.1940
-0.7907 0.2035 0.1286 0.7433
-0.4324 0.2140 0.2216 1.1438
-1.0249 0.0534 0.0121 1.2929
-0.9962 -0.3230 0.0690 0.5167
-0.6051 0.2587 -0.0556 1.0626
-0.7837 0.2023 0.1281 0.6219
-0.4244 0.2129 0.2208 1.0325
-1.0166 0.0529 0.0114 1.2026
-0.9888 -0.3232 0.0681 0.4599
-0.5981 0.2580 -0.0564 0.9983
-0.7771 0.2016 0.1274 0.5557
-0.4060 0.2121 0.2199 0.9619
-0.9985 0.0521 0.0109 1.1104
-0.9730 -0.3240 0.0676 0.3896
-0.5820 0.2565 -0.0570 0.9199
-0.7628 0.2003 0.1266 0.4835
-0.3990 0.2104 0.2189 0.8673
-0.9916 0.0507 0.0100 1.0323
-0.9661 -0.3246 0.0668 0.3228
-0.5610 0.2556 -0.0576 0.8430
-0.7444 0.1994 0.1259 0.4137
-0.3756 0.2097 0.2180 0.8139
-0.9689 0.0500 0.0094 0.9646
-0.9408 -0.3251 0.0661 0.2665
-0.5411 0.2547 -0.0583 0.7870
-0.7268 0.1985 0.1254 0.3434
-0.3530 0.2085 0.2173 0.7278
-0.9469 0.0492 0.0088 0.8859
-0.9159 -0.3251 0.0656 0.2183
-0.5342 0.2543 -0.0587 0.7349
-0.7208 0.1980 0.1246 0.3092
-0.3459 0.2080 0.2163 0.6964
-0.9396 0.0488 0.0081 0.8481
-0.9091 -0.3252 0.0647 0.1958
-0.5175 0.2533 -0.0597 0.7046
-0.7060 0.1972 0.1238 0.2719
-0.3246 0.2056 0.2153 0.6665
-0.9218 0.0464 0.0073 0.8109
-0.8919 -0.3269 0.0640 0.1634
-0.5110 0.2512 -0.0602 0.6600
-0.7003 0.1944 0.1232 0.2316
-0.3183 0.2045 0.2143 0.6248
-0.9091 0.0454 0.0066 0.7712
-0.8801 -0.3274 0.0634 0.1302
-0.4989 0.2499 -0.0606 0.5974
-0.6890 0.1934 0.1224 0.1833
-0.3048 0.2038 0.2134 0.5892
-0.9019 0.0449 0.0060 0.7183
-0.8734 -0.3275 0.0629 0.0849
-0.4929 0.2494 -0.0612 0.5695
-0.6834 0.1931 0.1219 0.1598
-0.2982 0.2031 0.2127 0.5500
-0.8956 0.0443 0.0054 0.6908
-0.8675 -0.3292 0.0621 0.0762
-0.4871 0.2471 -0.0617 0.5414
-0.6781 0.1900 0.1214 0.1172
-0.2805 0.1986 0.2119 0.5074
-0.8804 0.0384 0.0048 0.6494
-0.8529 -0.3324 0.0617 0.0405
-0.4619 0.2433 -0.0621 0.5045
-0.6565 0.1858 0.1209 0.0905
-0.2621 0.1965 0.2116 0.4745
-0.8627 0.0377 0.0046 0.6105
-0.8278 -0.3325 0.0614 0.0156
-0.4511 0.2424 -0.0624 0.4724
-0.6470 0.1843 0.1206 0.0652
-0.2499 0.1935 0.2110 0.4428
-0.8505 0.0350 0.0041 0.5798
-0.8219 -0.3354 0.0608 -0.0042
-0.4455 0.2385 -0.0628 0.4288
-0.6417 0.1813 0.1200 0.0313
-0.2441 0.1959 0.2101 0.4087
-0.8444 0.0350 0.0036 0.5353
-0.8163 -0.3342 0.0604 -0.0428
-0.4404 0.2391 -0.0633 0.4017
-0.6366 0.1808 0.1214 0.0023
-0.2388 0.1899 0.2120 0.3794
-0.8391 0.0305 0.0055 0.5114
-0.8115 -0.3390 0.0628 -0.0624
-0.4355 0.2334 -0.0614 0.3711
-0.6241 0.1725 0.1208 -0.0207
-0.2123 0.1844 0.2114 0.3486
-0.8134 0.0254 0.0073 0.4813
-0.7822 -0.3432 0.0650 -0.0854
-0.4119 0.2285 -0.0598 0.3441
-0.6114 0.1684 0.1220 -0.0484
-0.2070 0.1818 0.2130 0.3213
-0.8077 0.0229 0.0068 0.4479
-0.7767 -0.3448 0.0670 -0.1100
-0.4066 0.2250 -0.0583 0.3163
-0.6063 0.1645 0.1232 -0.0750
-0.2010 0.1786 0.2148 0.2928
-0.7966 0.0198 0.0085 0.4334
-0.7663 -0.3457 0.0689 -0.1213
-0.3916 0.2250 -0.0571 0.3170
-0.5863 0.1647 0.1241 -0.0657
-0.1676 0.1773 0.2177 0.3027
-0.7660 0.0184 0.0134 0.4303
-0.7353 -0.3474 0.0725 -0.1015
-0.3678 0.2201 -0.0543 0.3152
-0.5730 0.1588 0.1276 -0.0746
-0.1574 0.1734 0.2207 0.3025
-0.7608 0.0169 0.0145 0.4223
-0.7302 -0.3460 0.0741 -0.1160
-0.3631 0.2229 -0.0533 0.2962
-0.5689 0.1605 0.1281 -0.0810
-0.1528 0.1772 0.2214 0.2843
-0.7560 0.0156 0.0155 0.4071
-0.7261 -0.3478 0.0772 -0.1226
-0.3589 0.2209 -0.0509 0.2925
-0.5648 0.1582 0.1298 -0.0873
-0.1481 0.1750 0.2236 0.2790
-0.7509 0.0152 0.0177 0.3916
-0.7169 -0.3476 0.0801 -0.1328
-0.3501 0.2177 -0.0475 0.2794
-0.5571 0.1543 0.1313 -0.0996
-0.1389 0.1703 0.2258 0.2706
-0.7375 0.0105 0.0201 0.3915
-0.6981 -0.3522 0.0812 -0.1326
-0.3337 0.2150 -0.0468 0.2796
-0.5428 0.1511 0.1330 -0.0984
-0.1201 0.1690 0.2297 0.2605
-0.7234 0.0097 0.0238 0.3883
-0.6927 -0.3509 0.0874 -0.1299
-0.3291 0.2154 -0.0435 0.2730
-0.5387 0.1518 0.1347 -0.1060
-0.1155 0.1685 0.2302 0.2669
-0.7185 0.0064 0.0246 0.3746
-0.6881 -0.3538 0.0867 -0.1309
-0.3246 0.2107 -0.0429 0.2677
-0.5341 0.1463 0.1349 -0.1046
-0.1105 0.1639 0.2307 0.2621
-0.7136 0.0044 0.0251 0.3810
-0.6835 -0.3563 0.0891 -0.1276
-0.3206 0.2085 -0.0425 0.2728
-0.5306 0.1413 0.1351 -0.1032
-0.1065 0.1609 0.2323 0.2673
-0.7093 0.0016 0.0269 0.3839
-0.6791 -0.3594 0.0899 -0.1242
-0.3163 0.2045 -0.0407 0.2609
-0.5224 0.1390 0.1373 -0.1120
-0.0958 0.1619 0.2350 0.2657
-0.6994 0.0014 0.0308 0.3855
-0.6699 -0.3569 0.0947 -0.1104
-0.3080 0.2072 -0.0374 0.2752
-0.5192 0.1393 0.1390 -0.1030
-0.0918 0.1596 0.2363 0.2720
-0.6954 -0.0008 0.0311 0.3786
-0.6614 -0.3579 0.0967 -0.1168
-0.2999 0.2043 -0.0373 0.2650
-0.5059 0.1349 0.1399 -0.1085
-0.0735 0.1588 0.2388 0.2624
-0.6788 -0.0025 0.0359 0.3679
-0.6444 -0.3600 0.1013 -0.1207
-0.2850 0.2014 -0.0336 0.2527
-0.4974 0.1314 0.1427 -0.1161
-0.0652 0.1552 0.2414 0.2547
-0.6665 -0.0062 0.0373 0.3614
-0.6335 -0.3617 0.1031 -0.1237
-0.2738 0.2001 -0.0325 0.2593
-0.4877 0.1292 0.1427 -0.1177
-0.0535 0.1523 0.2413 0.2533
-0.6586 -0.0091 0.0379 0.3524
-0.6294 -0.3649 0.1024 -0.1329
-0.2700 0.1933 -0.0330 0.2391
-0.4837 0.1239 0.1438 -0.1302
-0.0492 0.1488 0.2436 0.2355
-0.6540 -0.0113 0.0386 0.3320
-0.6250 -0.3661 0.1081 -0.1484
-0.2656 0.1918 -0.0276 0.2239
-0.4801 0.1221 0.1459 -0.1418
-0.0453 0.1471 0.2469 0.2338
-0.6496 -0.0144 0.0420 0.3263
-0.6207 -0.3686 0.1097 -0.1422
-0.2617 0.1891 -0.0266 0.2282
-0.4759 0.1156 0.1466 -0.1396
-0.0408 0.1407 0.2480 0.2352
-0.6415 -0.0198 0.0426 0.3348
-0.6130 -0.3722 0.1102 -0.1347
-0.2548 0.1850 -0.0275 0.2319
-0.4698 0.1118 0.1444 -0.1340
-0.0330 0.1383 0.2458 0.2442
-0.6382 -0.0232 0.0410 0.3401
-0.6102 -0.3750 0.1100 -0.1318
-0.2520 0.1815 -0.0281 0.2280
-0.4670 0.1068 0.1440 -0.1311
-0.0299 0.1344 0.2482 0.2422
-0.6346 -0.0259 0.0434 0.3341
-0.6069 -0.3772 0.1107 -0.1338
-0.2488 0.1788 -0.0281 0.2239
-0.4637 0.1040 0.1426 -0.1356
-0.0266 0.1321 0.2460 0.2417
-0.6309 -0.0277 0.0429 0.3366
-0.6026 -0.3768 0.1142 -0.1275
-0.2454 0.1776 -0.0243 0.2323
-0.4608 0.1032 0.1462 -0.1302
-0.0231 0.1317 0.2524 0.2511
-0.6270 -0.0267 0.0481 0.3391
-0.5985 -0.3755 0.1193 -0.1259
-0.2416 0.1793 -0.0197 0.2293
-0.4571 0.1035 0.1478 -0.1327
-0.0153 0.1325 0.2527 0.2472
-0.6190 -0.0273 0.0469 0.3320
-0.5916 -0.3761 0.1186 -0.1320
-0.2346 0.1792 -0.0233 0.2202
-0.4494 0.1044 0.1448 -0.1408
-0.0116 0.1333 0.2517 0.2339
-0.6153 -0.0262 0.0466 0.3234
-0.5884 -0.3756 0.1191 -0.1341
-0.2316 0.1785 -0.0225 0.2173
-0.4465 0.1015 0.1444 -0.1409
-0.0083 0.1303 0.2532 0.2349
-0.6119 -0.0294 0.0476 0.3166
-0.5818 -0.3760 0.1197 -0.1415
-0.2249 0.1775 -0.0217 0.2130
-0.4409 0.1017 0.1467 -0.1479
-0.0006 0.1318 0.2553 0.2295
-0.6016 -0.0275 0.0499 0.3170
-0.5746 -0.3742 0.1244 -0.1261
-0.2188 0.1763 -0.0198 0.2203
-0.4351 0.1016 0.1458 -0.1362
0.0061 0.1332 0.2576 0.2524
-0.5981 -0.0257 0.0522 0.3305
-0.5712 -0.3722 0.1266 -0.1185
-0.2156 0.1792 -0.0171 0.2210
-0.4322 0.1034 0.1479 -0.1375
0.0132 0.1368 0.2592 0.2426
-0.5915 -0.0227 0.0516 0.3296
-0.5567 -0.3690 0.1263 -0.1119
-0.2036 0.1812 -0.0170 0.2257
-0.4216 0.1044 0.1471 -0.1354
0.0236 0.1384 0.2576 0.2477
-0.5813 -0.0241 0.0520 0.3307
-0.5538 -0.3702 0.1257 -0.1123
-0.2009 0.1802 -0.0191 0.2229
-0.4166 0.1018 0.1432 -0.1366
0.0302 0.1373 0.2557 0.2429
-0.5753 -0.0233 0.0491 0.3237
-0.5481 -0.3692 0.1248 -0.1182
-0.1957 0.1798 -0.0200 0.2194
-0.4104 0.1011 0.1429 -0.1413
0.0359 0.1380 0.2569 0.2328
-0.5689 -0.0228 0.0505 0.3125
-0.5422 -0.3664 0.1231 -0.1219
-0.1865 0.1830 -0.0223 0.2124
-0.4003 0.1031 0.1398 -0.1446
0.0450 0.1393 0.2545 0.2391
-0.5594 -0.0220 0.0480 0.3098
-0.5334 -0.3673 0.1226 -0.1170
-0.1805 0.1815 -0.0238 0.2100
-0.3971 0.1020 0.1357 -0.1468
0.0486 0.1383 0.2505 0.2277
-0.5529 -0.0214 0.0444 0.3037
-0.5275 -0.3655 0.1213 -0.1254
-0.1744 0.1832 -0.0242 0.2004
-0.3903 0.1035 0.1358 -0.1547
0.0580 0.1397 0.2520 0.2186
-0.5462 -0.0224 0.0463 0.2956
-0.5211 -0.3661 0.1236 -0.1367
-0.1683 0.1821 -0.0240 0.1898
-0.3851 0.1008 0.1349 -0.1609
0.0616 0.1387 0.2515 0.2143
-0.5424 -0.0226 0.0451 0.2894
-0.5175 -0.3658 0.1228 -0.1343
-0.1653 0.1812 -0.0244 0.1884
-0.3822 0.1008 0.1331 -0.1604
0.0645 0.1378 0.2512 0.2124
-0.5395 -0.0235 0.0441 0.2875
-0.5152 -0.3673 0.1217 -0.1345
-0.1632 0.1796 -0.0248 0.1902
-0.3800 0.0979 0.1331 -0.1629
0.0669 0.1358 0.2520 0.2078
-0.5367 -0.0254 0.0448 0.2837
-0.5119 -0.3659 0.1231 -0.1361
-0.1604 0.1802 -0.0237 0.1824
-0.3777 0.0990 0.1336 -0.1681
0.0695 0.1378 0.2531 0.2033
-0.5334 -0.0188 0.0461 0.2732
-0.5083 -0.3609 0.1246 -0.1422
-0.1575 0.1819 -0.0221 0.1745
-0.3747 0.0996 0.1346 -0.1710
0.0728 0.1403 0.2547 0.2007
-0.5305 -0.0215 0.0482 0.2707
-0.4988 -0.3616 0.1267 -0.1462
-0.1505 0.1814 -0.0211 0.1711
-0.3655 0.0980 0.1350 -0.1735
0.0851 0.1375 0.2538 0.1986
-0.5185 -0.0241 0.0449 0.2676
-0.4930 -0.3634 0.1231 -0.1487
-0.1443 0.1792 -0.0261 0.1675
-0.3629 0.0957 0.1276 -0.1790
0.0877 0.1370 0.2490 0.1915
-0.5155 -0.0245 0.0411 0.2571
-0.4900 -0.3625 0.1209 -0.1603
-0.1414 0.1799 -0.0277 0.1558
-0.3602 0.0961 0.1266 -0.1863
0.0905 0.1371 0.2470 0.1823
-0.5098 -0.0241 0.0404 0.2464
-0.4849 -0.3637 0.1206 -0.1680
-0.1348 0.1780 -0.0285 0.1476
-0.3545 0.0934 0.1254 -0.1898
0.0972 0.1350 0.2482 0.1787
-0.5059 -0.0263 0.0418 0.2457
-0.4812 -0.3642 0.1211 -0.1620
-0.1330 0.1765 -0.0314 0.1513
-0.3527 0.0927 0.1199 -0.1880
0.0990 0.1344 0.2428 0.1801
-0.5040 -0.0286 0.0362 0.2464
-0.4792 -0.3659 0.1167 -0.1656
-0.1236 0.1745 -0.0330 0.1474
-0.3413 0.0908 0.1188 -0.1889
0.1114 0.1339 0.2408 0.1800
-0.4911 -0.0278 0.0344 0.2463
-0.4677 -0.3647 0.1158 -0.1618
-0.1176 0.1744 -0.0341 0.1500
-0.3377 0.0904 0.1160 -0.1878
0.1159 0.1330 0.2405 0.1805
-0.4858 -0.0281 0.0328 0.2499
-0.4578 -0.3653 0.1152 -0.1554
-0.1091 0.1741 -0.0361 0.1500
-0.3303 0.0902 0.1145 -0.1898
0.1243 0.1323 0.2387 0.1738
-0.4770 -0.0287 0.0327 0.2372
-0.4550 -0.3646 0.1153 -0.1607
-0.1070 0.1744 -0.0367 0.1470
-0.3279 0.0894 0.1124 -0.1922
0.1269 0.1314 0.2364 0.1735
-0.4739 -0.0297 0.0299 0.2310
-0.4502 -0.3655 0.1121 -0.1708
-0.1022 0.1718 -0.0393 0.1362
-0.3228 0.0872 0.1099 -0.1993
0.1311 0.1299 0.2344 0.1658
-0.4693 -0.0310 0.0264 0.2276
-0.4480 -0.3650 0.1101 -0.1696
-0.1001 0.1739 -0.0417 0.1393
-0.3205 0.0891 0.1068 -0.1969
0.1331 0.1318 0.2310 0.1692
-0.4669 -0.0288 0.0239 0.2342
-0.4460 -0.3640 0.1083 -0.1641
-0.0985 0.1727 -0.0435 0.1436
-0.3189 0.0881 0.1049 -0.1927
0.1351 0.1311 0.2287 0.1722
-0.4645 -0.0302 0.0225 0.2338
-0.4434 -0.3654 0.1076 -0.1636
-0.0966 0.1701 -0.0437 0.1385
-0.3172 0.0837 0.1037 -0.1946
0.1365 0.1258 0.2299 0.1707
-0.4627 -0.0361 0.0239 0.2294
-0.4415 -0.3696 0.1077 -0.1699
-0.0946 0.1666 -0.0441 0.1320
-0.3151 0.0799 0.1016 -0.1974
0.1386 0.1213 0.2285 0.1667
-0.4606 -0.0389 0.0220 0.2264
-0.4396 -0.3716 0.1057 -0.1678
-0.0930 0.1634 -0.0481 0.1316
-0.3133 0.0776 0.0980 -0.2028
0.1405 0.1214 0.2252 0.1583
-0.4582 -0.0394 0.0195 0.2147
-0.4375 -0.3724 0.1053 -0.1735
-0.0913 0.1613 -0.0478 0.1273
-0.3115 0.0761 0.0958 -0.2026
0.1420 0.1178 0.2232 0.1574
-0.4560 -0.0419 0.0179 0.2120
-0.4353 -0.3743 0.1038 -0.1769
-0.0889 0.1634 -0.0491 0.1198
-0.3091 0.0774 0.0949 -0.2094
0.1448 0.1212 0.2217 0.1474
-0.4531 -0.0385 0.0164 0.2073
-0.4323 -0.3575 0.1028 -0.1815
-0.0862 0.1720 -0.0504 0.1143
-0.3022 0.0828 0.0932 -0.2127
0.1528 0.1300 0.2222 0.1458
-0.4445 -0.0309 0.0166 0.2031
-0.4243 -0.3586 0.1034 -0.1847
-0.0789 0.1717 -0.0508 0.1135
-0.3002 0.0840 0.0909 -0.2118
0.1546 0.1373 0.2188 0.1540
-0.4423 -0.0226 0.0139 0.2128
-0.4227 -0.3495 0.1005 -0.1727
-0.0722 0.1777 -0.0533 0.1199
-0.2941 0.0885 0.0895 -0.2093
0.1619 0.1378 0.2196 0.1530
-0.4344 -0.0240 0.0139 0.2074
-0.4149 -0.3490 0.1025 -0.1765
-0.0696 0.1755 -0.0528 0.1123
-0.2914 0.0851 0.0886 -0.2132
0.1643 0.1333 0.2190 0.1449
-0.4316 -0.0264 0.0137 0.1972
-0.4127 -0.3528 0.1020 -0.1815
-0.0679 0.1729 -0.0533 0.1092
-0.2898 0.0822 0.0876 -0.2155
0.1682 0.1320 0.2182 0.1453
-0.4273 -0.0297 0.0124 0.2004
-0.4090 -0.3544 0.1015 -0.1819
-0.0643 0.1695 -0.0553 0.1083
-0.2854 0.0787 0.0855 -0.2149
0.1749 0.1336 0.2159 0.1396
-0.4200 -0.0270 0.0121 0.1938
-0.4025 -0.3504 0.1007 -0.1858
-0.0576 0.1729 -0.0562 0.1070
-0.2793 0.0826 0.0853 -0.2134
0.1766 0.1390 0.2165 0.1477
-0.4181 -0.0221 0.0105 0.2031
-0.4002 -0.3439 0.1002 -0.1724
-0.0562 0.1761 -0.0568 0.1150
-0.2779 0.0849 0.0821 -0.2071
0.1780 0.1363 0.2137 0.1473
-0.4161 -0.0243 0.0092 0.1988
-0.3982 -0.3464 0.0999 -0.1789
-0.0540 0.1741 -0.0565 0.1077
-0.2756 0.0835 0.0827 -0.2092
0.1804 0.1357 0.2148 0.1468
-0.4137 -0.0248 0.0100 0.2003
-0.3959 -0.3464 0.1019 -0.1754
-0.0525 0.1733 -0.0563 0.1085
-0.2744 0.0817 0.0805 -0.2117
0.1815 0.1333 0.2117 0.1437
-0.4124 -0.0272 0.0072 0.1960
-0.3945 -0.3473 0.0999 -0.1792
-0.0513 0.1718 -0.0594 0.1031
-0.2732 0.0803 0.0790 -0.2172
0.1824 0.1322 0.2140 0.1390
-0.4111 -0.0303 0.0086 0.1912
-0.3932 -0.3512 0.1015 -0.1800
-0.0493 0.1673 -0.0585 0.1034
-0.2709 0.0770 0.0783 -0.2152
0.1846 0.1274 0.2125 0.1393
-0.4083 -0.0326 0.0077 0.1901
-0.3906 -0.3528 0.1013 -0.1826
-0.0477 0.1651 -0.0582 0.0998
-0.2695 0.0747 0.0785 -0.2154
0.1863 0.1250 0.2131 0.1379
-0.4062 -0.0366 0.0089 0.1901
-0.3884 -0.3547 0.1027 -0.1779
-0.0464 0.1612 -0.0579 0.1054
-0.2673 0.0707 0.0780 -0.2134
0.1903 0.1212 0.2139 0.1392
-0.4017 -0.0385 0.0096 0.1858
-0.3843 -0.3573 0.1031 -0.1854
-0.0416 0.1594 -0.0576 0.0965
-0.2630 0.0691 0.0768 -0.2209
0.1919 0.1186 0.2121 0.1315
-0.3998 -0.0412 0.0081 0.1793
-0.3829 -0.3572 0.1009 -0.1887
-0.0406 0.1587 -0.0616 0.0970
-0.2620 0.0683 0.0732 -0.2186
0.1928 0.1187 0.2085 0.1353
-0.3986 -0.0411 0.0052 0.1855
-0.3801 -0.3567 0.1012 -0.1839
-0.0382 0.1586 -0.0604 0.0953
-0.2557 0.0682 0.0738 -0.2187
0.2003 0.1181 0.2088 0.1348
-0.3903 -0.0419 0.0040 0.1808
-0.3695 -0.3575 0.0997 -0.1880
-0.0275 0.1563 -0.0621 0.0895
-0.2502 0.0656 0.0714 -0.2250
