0.0000 0.0000 0.0000 0.0000 -0.0404
-0.0081 -0.0162 -0.0242 -0.0323 -0.0404
-0.0081 -0.0162 -0.0242 -0.0323 -0.0404
-0.0081 -0.0162 -0.0242 -0.0323 -0.0404
-0.0081 -0.0162 -0.0242 -0.0323 -0.0404
-0.0081 -0.0162 -0.0242 -0.0323 -0.0404
-0.0081 -0.0162 -0.0242 -0.0323 -0.0404
-0.0081 -0.0162 -0.0242 -0.0323 -0.0404
-0.0081 -0.0162 -0.0242 -0.0323 -0.0404
-0.0081 -0.0162 -0.0242 -0.0323 -0.0404
-0.0081 -0.0162 -0.0242 -0.0323 -0.0404
-0.0081 -0.0162 -0.0242 -0.0323 -0.0404
-0.0081 -0.0162 -0.0242 -0.0323 -0.0404
-0.0081 -0.0162 -0.0242 -0.0323 -0.0404
-0.0081 -0.0162 -0.0242 -0.0323 -0.0404
-0.0081 -0.0162 -0.0242 -0.0323 -0.0404
-0.0081 -0.0162 -0.0242 -0.0323 -0.0404
-0.0081 -0.0162 -0.0242 -0.0323 -0.0404
-0.0081 -0.0162 -0.0242 -0.0323 -0.0404
-0.0081 -0.0162 -0.0242 -0.0323 -0.0404
-0.0081 -0.0162 -0.0242 -0.0323 -0.0404
-0.0081 -0.0162 -0.0242 -0.0323 -0.0404
-0.0081 -0.0162 -0.0242 -0.0323 -0.0404
-0.0081 -0.0162 -0.0242 -0.0323 -0.0404
-0.0081 -0.0162 -0.0242 -0.0323 -0.0404
-0.0081 -0.0162 -0.0242 -0.0323 -0.0404
-0.0081 -0.0162 -0.0242 -0.0323 -0.0404
-0.0081 -0.0162 -0.0242 -0.0323 -0.0404
-0.0081 -0.0162 -0.0242 -0.0323 -0.0404
-0.0081 -0.0162 -0.0242 -0.0323 -0.0404
-0.0081 -0.0162 -0.0242 -0.0323 -0.0404
-0.0081 -0.0162 -0.0242 -0.0323 -0.0404
-0.0081 -0.0162 -0.0242 -0.0323 -0.0404
-0.0081 -0.0162 -0.0242 -0.0323 -0.0404
-0.0081 -0.0162 -0.0242 -0.0323 -0.0404
-0.0081 -0.0162 -0.0242 -0.0323 -0.0404
-0.0081 -0.0162 -0.0242 -0.0323 -0.0404
-0.0081 -0.0162 -0.0242 -0.0323 -0.0404
-0.0081 -0.0162 -0.0242 -0.0323 -0.0404
-0.0081 -0.0162 -0.0242 -0.0323 -0.0404
-0.0081 -0.0162 -0.0242 -0.0323 -0.0404
-0.0081 -0.0162 -0.0242 -0.0323 -0.0404
-0.0081 -0.0162 -0.0242 -0.0323 -0.0404
-0.0081 -0.0162 -0.0242 -0.0323 -0.0404
-0.0081 -0.0162 -0.0242 -0.0323 -0.0404
-0.0081 -0.0162 -0.0242 -0.0323 -0.0404
-0.0081 -0.0162 -0.0242 -0.0323 -0.0404
-0.0081 -0.0162 -0.0242 -0.0323 -0.0404
-0.0081 -0.0162 -0.0242 -0.0323 -0.0404
-0.0081 -0.0162 -0.0242 -0.0323 -0.0404
-0.0081 -0.0162 -0.0242 -0.0323 -0.0404
-0.0081 -0.0162 -0.0242 -0.0323 -0.0404
-0.0081 -0.0162 -0.0242 -0.0323 -0.0404
-0.0081 -0.0162 -0.0242 -0.0323 -0.0404
-0.0081 -0.0162 -0.0242 -0.0323 -0.0404
-0.0081 -0.0162 -0.0242 -0.0323 -0.0404
-0.0081 -0.0162 -0.0242 -0.0323 -0.0404
-0.0081 -0.0162 -0.0242 -0.0323 -0.0404
-0.0081 -0.0162 -0.0242 -0.0323 -0.0404
-0.0081 -0.0162 -0.0242 -0.0323 -0.0404
-0.0081 -0.0162 -0.0242 -0.0323 -0.0404
-0.0081 -0.0162 -0.0242 -0.0323 -0.0404
-0.0081 -0.0162 -0.0242 -0.0323 -0.0404
-0.0081 -0.0162 -0.0242 -0.0323 -0.0404
-0.0081 -0.0162 -0.0242 -0.0323 -0.0404
-0.0081 -0.0162 -0.0242 -0.0323 -0.0404
-0.0081 -0.0162 -0.0242 -0.0323 -0.0404
-0.0081 -0.0162 -0.0242 -0.0323 -0.0404
-0.0081 -0.0162 -0.0242 -0.0323 -0.0404
-0.0081 -0.0162 -0.0242 -0.0323 -0.0404
-0.0081 -0.0162 -0.0242 -0.0323 -0.0404
-0.0081 -0.0162 -0.0242 -0.0323 -0.0404
-0.0081 -0.0162 -0.0242 -0.0323 -0.0404
-0.0081 -0.0162 -0.0242 -0.0323 -0.0404
-0.0081 -0.0162 -0.0242 -0.0323 -0.0404
-0.0081 -0.0162 -0.0242 -0.0323 -0.0404
-0.0081 -0.0162 -0.0242 -0.0323 -0.0404
-0.0081 -0.0162 -0.0242 -0.0323 -0.0404
-0.0081 -0.0162 -0.0242 -0.0323 -0.0404
-0.0081 -0.0162 -0.0242 -0.0323 -0.0404
-0.0081 -0.0162 -0.0242 -0.0323 -0.0404
-0.0081 -0.0162 -0.0242 -0.0323 -0.0404
-0.0081 -0.0162 -0.0242 -0.0323 -0.0404
-0.0081 -0.0162 -0.0242 -0.0323 -0.0404
-0.0081 -0.0162 -0.0242 -0.0323 -0.0404
-0.0081 -0.0162 -0.0242 -0.0323 -0.0404
-0.0081 -0.0162 -0.0242 -0.0323 -0.0404
-0.0081 -0.0162 -0.0242 -0.0323 -0.0404
-0.0081 -0.0162 -0.0242 -0.0323 -0.0404
-0.0081 -0.0162 -0.0242 -0.0323 -0.0404
-0.0081 -0.0162 -0.0242 -0.0323 -0.0404
-0.0081 -0.0162 -0.0242 -0.0323 -0.0404
-0.0081 -0.0162 -0.0242 -0.0323 -0.0404
-0.0081 -0.0162 -0.0242 -0.0323 -0.0404
-0.0081 -0.0162 -0.0242 -0.0323 -0.0404
-0.0081 -0.0162 -0.0242 -0.0323 -0.0404
-0.0081 -0.0162 -0.0242 -0.0323 -0.0404
-0.0081 -0.0162 -0.0242 -0.0323 -0.0404
-0.0081 -0.0162 -0.0242 -0.0323 -0.0404
-0.0081 -0.0162 -0.0242 -0.0323 -0.0404
