2.0419 0.8738 2.3512 0.1529
1.2945 1.1376 2.4041 1.4280
-1.9709 -1.5699 -1.2536 -1.6852
-1.5177 -1.6530 -1.6697 -1.6110
0.5998 1.0188 0.8016 1.7863
-0.8580 -1.4796 -0.7982 -0.0046
0.4452 0.3417 0.5468 0.7228
1.5208 3.0870 1.6307 1.6285
-0.5986 -0.9898 -0.1972 -0.8628
-0.5580 -0.9849 -1.6215 -1.2427
0.5652 0.6249 0.2406 1.8546
1.2891 1.2133 1.2081 3.5574
-0.0111 0.3669 0.5855 0.4146
0.1981 0.1744 -0.0443 0.9756
-0.7380 -1.0946 -0.7942 -0.0992
-1.3180 -1.5109 -2.1324 -2.1702
0.6932 -0.0333 1.7654 0.0250
-0.3906 0.3948 2.1190 0.6367
0.9323 0.5625 2.1418 -0.1243
0.8532 1.5392 2.9926 1.6648
0.5209 0.6094 -0.2093 0.2308
0.7454 0.6710 1.7285 1.1313
-0.4720 0.1589 1.6614 0.4296
-0.6245 -0.6756 -0.3771 -0.6120
-0.3594 -1.0886 0.2906 -1.6945
-1.3281 -0.6703 -1.0239 -0.0599
0.4949 0.1350 -0.0845 0.5391
-0.9682 -0.8462 -1.4021 -0.8414
0.7763 0.7581 1.8727 1.0849
-1.5358 -0.5093 -0.6630 0.2097
0.0139 0.1177 0.3251 0.2275
-1.5951 -1.4767 -1.6730 -1.2898
-1.0797 -1.0594 -1.5087 -0.0494
-1.2802 -1.1839 -1.1824 -1.7944
0.6178 1.9466 0.2924 0.3879
1.0619 3.6410 1.3226 0.8683
0.9136 0.5045 0.3682 1.9318
-1.2760 -1.4471 -1.2555 -1.1483
0.6976 0.5394 0.5156 2.1353
3.4838 3.5206 2.4668 7.5133
0.5147 0.2309 1.2145 -0.2472
-0.2438 0.3613 2.1471 -0.4170
-0.3466 -0.9369 -0.6486 -0.7249
1.1259 1.2972 2.9541 1.5141
-0.2773 -0.2576 -0.6801 0.8069
0.5714 1.2058 1.6169 0.7404
-0.0352 0.0362 1.1975 0.5123
0.5612 0.4644 2.3368 1.2472
2.5571 0.8592 2.5176 1.2802
0.2735 1.2998 2.4856 1.0811
0.1476 0.5756 0.5381 0.1805
0.5515 1.9165 0.7041 1.0798
-0.6538 -0.5395 -0.6388 -0.7154
-0.4530 1.7341 0.5680 1.2699
0.1634 0.5955 0.6021 0.5717
-1.7459 -1.6770 -1.1545 -1.7015
-1.0680 -1.1883 -0.0119 -0.5791
-1.0625 -1.4959 -1.4608 -0.8523
-0.2981 0.0095 -0.5992 -0.9037
-1.3508 -1.6684 -1.9731 -1.5722
-0.2488 -0.2602 -0.2850 1.3092
-1.6071 -1.2432 -1.0306 -1.1809
0.6523 0.6765 0.3502 1.6850
-3.0677 -1.3811 -1.9747 -1.5152
-0.4796 0.5274 -0.2773 0.7738
-0.1250 -0.1878 -0.3765 -0.2145
0.0442 0.5232 1.1726 2.1108
1.0961 1.1827 0.7444 2.7245
0.6490 0.5838 0.6204 0.7836
-0.1681 -0.4372 -0.7332 -0.2255
-0.1319 0.2938 0.2322 -0.8231
-0.4297 -0.5871 -0.6601 -0.8326
-0.7560 -2.4669 -1.5119 -1.3838
-0.7748 -0.3318 -1.3815 -1.5372
-0.1104 0.9460 0.1875 0.0668
1.2814 1.5679 0.9366 0.5824
-0.1392 -0.5156 -0.3008 -0.2271
0.9654 1.2908 0.5818 0.3092
0.7073 0.7381 1.0691 0.2955
-0.1024 0.6834 -0.1076 -0.1645
-0.9837 -0.5755 -0.0721 -1.4506
-1.0165 -1.1089 -1.8233 -0.7196
-0.3514 -0.3041 -0.5665 -1.0354
-1.7669 -1.5375 -2.0391 -1.5176
-0.5099 -0.3867 1.2308 -0.1435
-1.3298 -1.2393 -1.1010 -1.3485
0.8377 0.4156 1.6423 0.5210
1.1362 1.8551 4.8075 1.9503
-0.5479 -0.4686 -0.3170 -0.4432
-0.0607 0.1471 2.0750 0.0235
-0.6666 -0.5615 -0.4248 -0.8011
-1.3402 -1.5973 -1.2335 -1.0335
-0.0425 -0.1513 0.2628 -0.5529
-0.3681 -0.7303 -0.0901 -0.5672
-0.1603 -0.4090 -0.4290 1.0300
-0.3322 -0.6199 -0.7341 -0.6804
0.4561 1.5146 1.1577 2.7920
-1.3982 -1.0800 -0.6544 -1.3467
0.5480 1.0581 0.2380 0.6385
-1.3218 -1.1638 -0.7190 -1.1387
0.7449 1.0156 1.8427 0.7057
-0.2681 -0.9768 0.8888 0.1581
0.6877 0.7092 0.6581 0.0482
1.4340 3.1117 1.6161 1.5085
0.7738 1.9137 0.9645 1.2626
1.1708 3.0127 1.2414 0.9854
1.5693 1.9527 1.5000 3.5003
1.1344 1.3017 1.5235 3.8743
-0.4648 0.1889 1.2525 0.1519
-1.3624 -1.2065 -1.2474 -0.8729
-0.5936 -0.5070 -0.8730 0.0466
1.7541 1.9549 4.1517 0.8393
-0.3323 -0.7525 -0.2350 1.3037
0.2937 -0.5077 0.1024 -0.1540
-0.0012 0.5178 0.8550 0.5035
1.0492 0.9899 1.2811 2.6987
0.8614 0.7312 0.4108 0.7307
1.0197 0.8595 0.6272 1.5300
-0.3160 0.0626 0.1093 -0.3514
-0.8528 -0.4208 -0.8424 -0.6768
-1.2902 -0.6281 -0.6480 -1.8053
-1.2218 -1.0392 -0.8940 -0.4374
1.5154 0.8660 0.4812 1.6797
1.1861 1.0493 0.8170 1.8881
-0.5553 -0.0687 -0.7439 -0.3942
-0.4842 -0.2584 -1.7035 -0.2451
0.9779 0.5710 1.0031 0.3665
0.1871 0.6789 0.1177 -0.5620
0.6863 1.8951 0.3893 1.1245
1.7554 2.5401 0.7116 1.5956
0.4462 1.7114 0.7951 0.5339
1.6451 3.5788 1.6880 1.4630
-0.0228 0.2967 -0.1838 0.0731
0.9637 2.9794 0.9437 0.7714
-1.0426 -0.1966 -0.5344 -0.6905
-1.1034 -1.2169 -2.8229 -2.3851
-0.2336 0.2564 -0.3833 0.3504
-0.0883 0.6835 -0.3145 2.0432
1.0513 0.0600 1.7146 1.8146
1.1987 1.4909 0.9921 2.3856
0.4850 0.3258 0.8205 1.1425
0.7026 1.2532 1.6232 0.8518
0.0751 0.0329 1.3445 0.2045
0.5826 1.2214 1.6072 0.5528
-1.7639 -0.3995 -1.2496 -0.5117
0.3937 2.6961 0.5886 0.6322
0.4915 1.2303 0.3781 0.5707
0.8424 1.9353 0.4801 0.7247
-0.7407 -0.5772 -0.7337 -0.4251
-1.0507 -0.0028 -1.4020 -0.9944
0.2719 0.0356 0.1518 0.1982
1.1091 3.1335 1.5952 1.7218
-0.9572 -0.7744 -0.1709 -0.7669
-1.0366 -1.0395 -1.6305 -1.3390
-0.2534 2.0185 1.0635 -0.0302
0.8666 3.8822 1.2975 0.8586
-0.1662 0.3684 0.1382 0.1791
1.1099 3.1402 0.7884 1.3298
-0.8858 -0.1087 -0.9112 -0.7157
-0.8696 -2.0668 -1.9998 -0.8516
-0.1438 -0.9348 -0.3175 1.1442
0.0601 0.0186 1.8639 0.1091
-0.5831 -0.7834 -0.2039 -0.6348
1.0700 1.2612 2.5749 1.4516
0.6559 0.0620 -0.3959 -0.0698
0.0942 -0.5904 -0.2428 1.4000
0.1557 -0.1004 -0.2304 -0.3400
0.6262 0.2273 0.2750 2.1321
-1.3163 -0.7026 -1.6499 -1.5051
-0.9950 -1.4754 -1.2473 -0.4779
0.4244 1.0232 0.5544 1.2774
0.9928 0.9812 0.5965 1.8961
-0.5721 -0.8333 -0.7537 -0.3329
0.7345 0.7786 0.3047 1.4382
0.0579 0.1135 0.1397 0.5061
-1.6789 -1.3973 -1.4820 -1.6934
-0.9780 -1.0949 -1.2731 -0.0501
-0.8171 -1.1036 -0.9105 -1.1873
-0.7948 -0.6062 -0.3331 -0.2768
1.4119 3.9110 1.7939 1.7024
-0.1000 0.3499 -0.1250 -0.0204
0.8502 3.2462 0.3358 1.2177
-0.9333 -0.1728 -0.7461 -0.4658
-1.0030 -1.3574 -2.4161 -2.1609
-0.3491 1.4678 0.3231 0.2105
-0.6203 -0.1585 -0.6570 -0.0557
-0.0589 -0.7524 -0.7103 -0.8660
-1.2837 -1.6517 -0.6472 -0.8793
0.4013 0.0545 0.1466 0.7129
-0.9994 -1.2219 -0.5778 -0.9197
0.0714 0.3447 -0.7625 -0.4808
-0.7617 -0.5140 -0.5783 -0.5410
-1.3538 -1.2915 -1.6528 -1.4296
-1.3681 -0.2464 -1.0101 -1.1607
0.6825 1.1903 0.8488 0.5228
0.7198 1.9541 0.6919 0.9398
-0.4568 -0.5484 -0.7329 -0.8685
-1.8863 0.1135 0.7666 -0.8664
0.2929 0.4142 0.9227 1.0490
0.3177 0.3374 0.8560 0.7193
-0.7157 -1.4416 -1.0801 -0.1841
-1.2161 -0.3482 -1.4613 -1.4097
0.4713 1.6787 1.0742 0.6228
0.9703 3.8935 1.1401 1.4882
-0.1644 0.2272 0.1493 0.2116
0.1240 3.0929 0.5014 0.7770
-0.7120 -0.0983 -0.8082 -1.1080
-2.1350 -1.9446 -1.3755 -1.5957
-0.1100 0.7318 -0.0140 0.1910
1.4629 1.4631 4.2601 1.0302
-1.0428 -0.6858 -0.8772 -0.8553
1.4745 0.9381 1.1292 2.6325
0.2887 1.1712 1.0439 0.3940
-0.8316 -0.6691 0.4172 -1.5935
-0.4877 0.0779 -0.2328 -0.3962
-0.8914 -0.4213 -0.5554 -0.6916
-1.2038 -1.0881 -1.3314 -1.4720
-1.3504 -1.2168 -1.1911 -0.4316
0.1166 0.3335 -0.1456 0.1933
0.7259 0.9554 0.6709 2.2254
-0.4331 -0.4862 -0.6517 -0.5284
-1.6060 -0.6441 0.3709 -0.0812
0.1134 -0.0137 0.2419 -0.0045
-0.1390 0.8048 0.0657 -0.2701
0.6337 2.2141 0.6348 0.6574
0.8923 2.9804 1.1595 1.4703
-0.4477 -0.6521 -0.5210 -0.3475
-1.3082 -1.4745 -1.4136 -2.0527
-0.1440 -0.1323 0.3120 0.5099
0.5838 0.0778 1.4962 2.7911
0.7144 0.4884 1.8679 0.8387
1.4221 1.4058 4.5831 1.1679
-0.7552 0.1487 0.4235 0.3244
-0.4814 0.5077 -0.4300 0.3206
-0.6973 -0.2724 -0.9723 -0.9534
-0.4151 -0.9716 -0.8616 -1.5497
-0.1171 0.1993 1.1308 -0.0636
1.3151 0.7131 1.4389 0.7401
0.5728 0.5152 1.3758 0.5914
0.9255 0.5996 1.1472 2.0203
