3.375
-0.0008544921875
-0.0078125
-4.17407226562
0.0
0.0
0.0
-0.00830078125
-0.0078125
0.0
-0.0078125
4.125
0.0
0.0
0.0
-0.00048828125
0.0
-0.0078125
-0.0078125
-0.0078125
-0.0078125
-0.0087890625
-4.1669921875
3.75
-3.78750610352
0.0
0.0
-4.16650390625
-0.0078125
0.0
0.0
0.0
0.0
0.0
-0.0078125
4.125
0.0
-0.0078125
0.0
0.0
0.0
0.0
0.0
-0.0078125
-0.0078125
-0.0009765625
-4.1748046875
-4.166015625
3.75
-0.0008544921875
0.0
4.1171875
0.0
0.0
0.0
0.0
-0.0078125
0.0
0.0
-4.166015625
0.0
-0.0078125
0.0
-0.00048828125
0.0
-0.0087890625
-0.0078125
-0.0078125
-0.0078125
0.0
3.0
4.125
-4.17422485352
0.0
0.0
4.125
-0.0078125
0.0
0.0
-0.000732421875
-0.0078125
0.0
-0.00048828125
-4.16625976562
-0.0078125
-0.0078125
0.0
-0.0078125
0.0
-0.0078125
0.0
-0.0078125
0.0
0.0
4.125
4.125
3.75
0.0
0.0
-4.16625976562
-0.0078125
0.0
0.0
-0.0009765625
-0.0078125
0.0
-0.0078125
3.375
0.0
-0.0078125
0.0
0.0
0.0
0.0
0.0
-0.0078125
-0.0078125
-0.0087890625
4.125
4.125
-4.16638183594
0.0
0.0
3.375
-0.0078125
0.0
0.0
-0.0009765625
0.0
0.0
-0.0078125
4.125
-0.0078125
-0.0078125
0.0
-0.0009765625
0.0
-0.0078125
0.0
-0.0078125
0.0
-0.0009765625
-4.17431640625
-4.16650390625
-4.17419433594
-0.0078125
0.0
3.75
0.0
0.0
0.0
0.0
0.0
0.0
-0.0078125
4.125
0.0
-0.0078125
0.0
-0.00048828125
0.0
0.0
-0.0078125
0.0
0.0
-0.0087890625
4.125
-4.1669921875
-4.17420959473
-0.0078125
0.0
3.75
-0.0078125
0.0
0.0
0.0
0.0
0.0
-0.008544921875
4.125
0.0
-0.0078125
0.0
-0.000732421875
0.0
0.0
0.0
0.0
-0.0078125
0.0
4.125
4.125
-4.17419433594
-0.0078125
0.0
4.125
0.0
0.0
0.0
0.0
-0.0078125
0.0
-0.0078125
3.75
-0.0078125
-0.0078125
0.0
-0.0009765625
0.0
-0.0078125
0.0
-0.0078125
-0.0078125
0.0
3.375
3.0
-4.16641235352
0.0
0.0
4.1171875
0.0
0.0
0.0
-0.008544921875
-0.0078125
-0.0078125
-0.00048828125
-4.16650390625
0.0
-0.0078125
-0.0078125
-0.0078125
0.0
-0.0087890625
0.0
0.0
-0.0078125
0.0
-4.173828125
-4.166015625
