1.3066 -1.0470 -1.0611 -0.6304 -0.9185 -0.6568 2.9644 -0.6103 3.2162 -0.7281 1.4193 -0.1184 1.4067 0.5707 0.3254 -0.9384 0.3026 -1.1292 0.5107 -1.1224 0.3495 -1.1811 0.2896 1.6035 -1.6417 1.1432 -3.2204 0.5316 -0.8892 -0.0614 -0.9247 -0.5311 -1.0730 -0.2151 0.9175 -0.9000
-0.6752 -1.0135 1.1896 -1.4677 -1.2188 -0.6568 -0.6600 -0.6103 -0.6155 -0.7689 -0.7756 -2.5973 0.1242 -0.9457 -0.1434 0.3547 0.9977 0.7904 0.5023 1.6343 0.4322 1.5733 0.2962 -2.2445 0.9146 -0.4667 0.2501 -1.0640 0.0983 0.0837 -0.5133 0.0835 1.2310 0.2684 0.4095 -1.1000
-0.7246 1.2142 1.0441 0.9132 1.0294 -0.6568 0.5568 -0.6103 1.0359 -0.7422 1.2818 0.0014 -1.7093 1.4943 -0.6762 0.5482 -1.6025 -0.5333 -0.0155 0.2366 -0.4807 -0.0664 -0.6309 0.0046 -1.2324 -0.2475 0.0098 -0.0607 -0.5447 -0.6039 1.9485 -0.3445 1.5160 -0.5801 0.8877 -1.1000
-0.7363 0.8710 1.1673 0.1533 0.1706 2.5297 -0.6600 0.4415 -0.6155 1.2938 -0.7430 0.0192 -2.6061 -0.8385 -1.1819 -0.0458 -0.3164 -0.0671 -1.2300 0.2092 -1.7713 0.7672 -1.0669 -0.1772 -0.5408 -0.7346 1.2686 -0.9969 0.6524 -1.2549 0.0539 -1.2017 -0.5591 -0.1169 0.9422 -1.1000
-0.6199 -1.1488 -0.8803 -0.8980 -1.0174 -0.6568 -0.6600 -0.6103 -0.6155 -0.7987 -0.8051 -0.3758 -1.0202 -0.4764 0.6378 -0.6120 1.2113 0.0152 0.7638 0.7156 1.0778 0.5320 1.3701 0.3523 -0.8007 -0.4896 0.1504 0.3482 -0.0630 -0.1151 0.2647 0.0593 0.7513 -0.1257 1.2298 -1.1000
-0.6868 -0.9571 1.2371 0.8217 0.9259 -0.6568 0.5692 -0.6103 -0.2074 -0.7626 1.2818 0.0596 0.0714 0.4071 -0.6311 0.0602 0.5781 2.3147 0.3714 1.7066 -0.1041 1.1431 0.5949 0.5450 -0.5539 -0.2301 -1.2927 -0.9808 -2.0906 -1.5862 -2.1681 -0.9911 -2.4592 -0.9370 1.1424 -1.1000
1.5233 -1.0766 -1.0587 -0.5211 -0.5915 0.6171 0.5931 0.8436 -0.1996 1.3839 1.2818 0.4408 0.7878 0.7569 0.0928 0.8595 1.6258 0.9864 1.4296 0.1989 1.3335 0.6110 1.1783 -0.0059 0.5198 3.6906 -0.0933 3.3068 -0.5421 2.8784 -0.8224 2.3276 -1.2276 1.4168 -1.0332 0.9000
1.3804 0.8334 0.7497 1.5692 1.1508 0.5867 -0.6600 0.8094 -0.6155 1.2938 -0.7601 0.7445 0.3631 0.3482 -0.0454 0.8475 0.6645 0.0036 0.5621 0.1900 0.0771 0.3350 -0.0951 0.0064 0.6910 -0.9111 0.0241 0.7597 -0.5516 0.1830 -1.1469 -0.1770 0.1439 1.2994 -0.2299 1.1000
-0.7624 1.1723 0.9958 1.3950 1.5740 -0.6568 0.5443 -0.6103 0.0184 -0.7218 1.2818 0.3727 -0.1681 -0.7739 -0.8422 0.4022 -1.1870 0.0159 -1.0747 -0.1928 -0.8103 -0.0162 -1.0855 0.4745 -0.5853 0.6884 -1.2635 0.2615 -1.5980 -0.3622 -1.7219 0.2371 -0.5156 -0.0012 -0.8243 -1.1000
1.4772 0.9061 0.9348 -1.0013 -1.1342 -0.6568 0.5836 -0.6103 2.0372 -0.7862 1.2818 0.0861 0.2078 1.0467 -1.2980 0.3229 0.0149 1.3492 -0.0241 0.7414 0.4949 0.6975 0.7662 -0.0369 0.2516 1.8726 -0.6499 1.3220 -1.1614 2.0795 -0.9796 1.6561 -0.0980 0.9193 -0.0275 -1.0000
-0.6199 1.0994 1.2041 -1.5351 -1.1442 -0.6568 -0.6600 -0.6103 -0.6155 -0.7987 -0.8051 -1.6717 -0.2894 -0.0540 -1.3312 0.7463 -0.0732 0.7758 -0.4542 0.9042 -1.1213 0.6735 0.0624 -2.0370 -0.1435 0.2112 0.2814 0.3809 0.1724 0.7358 -0.0813 0.3006 -0.5684 0.0825 -0.0557 1.0000
1.4910 1.2109 1.1536 0.5966 0.6715 -0.6568 -0.6600 -0.6103 -0.6155 -0.7909 -0.7974 0.8801 -0.3158 0.7556 0.6867 1.4427 0.1590 0.8856 -0.4433 1.0646 -0.1234 2.3858 0.3528 0.2977 0.2450 1.1161 -0.0955 0.5370 -0.7504 0.1721 -0.9803 0.2409 -1.0818 0.2893 -0.1431 1.1000
1.5049 0.9921 -0.5471 1.4070 -0.0013 0.6132 -0.6600 1.0267 -0.6155 1.2938 -0.8020 0.1957 1.5118 0.5390 0.8730 0.8578 0.4461 0.6415 0.4274 0.0808 0.0839 -0.2138 -0.1040 0.2229 0.4646 -0.1917 -0.0236 0.8683 -0.5657 0.2921 -0.4825 -0.0905 0.6224 -0.2543 -0.4990 1.0000
-0.6228 1.1324 -0.8324 -0.7901 -0.7543 -0.6568 -0.6600 -0.6103 -0.6155 -0.7972 -0.8036 0.5964 -1.6726 0.8698 -1.4302 0.8765 -0.0873 0.4946 0.5028 0.3231 0.5856 0.2180 0.4498 0.6845 -1.7638 0.6232 0.2890 0.0521 -0.1605 -0.0468 -0.0533 -0.4295 1.2770 -0.2285 0.6476 0.6000
-0.7537 -1.0803 -0.9732 -0.8096 -0.9178 -0.6568 0.5472 -0.6103 0.1863 -0.7266 1.2818 0.0561 -0.7624 -0.6039 0.3675 -1.0543 0.4630 -0.5212 0.1996 -1.0267 -0.2234 -0.8530 -0.8721 0.1016 -0.9114 0.5874 -0.4555 0.0388 -0.8808 -0.5389 -1.0738 0.4311 -0.8128 0.1436 -0.8301 1.1000
-0.7159 -1.0406 -0.9555 1.3756 -0.7605 -0.6568 1.7793 -0.6103 2.7490 -0.7470 1.3694 0.3885 -0.6403 -0.6577 -0.7071 -1.3299 0.0519 -2.4299 -0.4122 -0.8900 -0.1948 -0.4375 -1.2753 0.1863 -1.9241 -0.5059 -3.3280 -0.7619 0.9244 -0.2381 0.3765 0.0973 -7.1000 -0.1243 0.8785 1.1000
-0.7363 1.0929 -1.0808 -1.4041 -1.6276 -0.6568 -0.6600 -0.6103 -0.6155 -0.7360 -0.7430 -0.5689 0.6715 0.2130 -0.5440 -0.0158 -1.0788 -0.9952 -0.0259 -1.5429 0.2750 -2.5352 -0.6632 -0.2883 0.1188 0.7103 -0.6630 2.3854 -0.9456 1.9655 -1.3307 -0.3460 -1.6456 -5.3293 -1.3962 -1.1000
-0.7624 -1.0043 -0.7691 1.2174 0.8191 1.2831 -0.6600 1.1642 -0.6155 1.3804 -0.7290 -0.2542 -1.7230 -1.1293 -0.6469 -0.9580 0.0419 -0.9071 -0.6177 -1.4509 -1.3571 -1.2911 -1.0348 -0.2035 -1.9276 -0.3513 1.1437 -0.1786 0.5477 -0.7895 -0.0070 -0.8173 -0.5779 -1.0661 -0.4729 -1.1000
-0.7683 1.0308 1.1009 -0.6017 -0.7611 -0.6568 -0.6600 -0.6103 -0.6155 -0.7187 -0.7259 -1.7255 0.3659 0.3743 -0.8893 -0.8730 -1.8834 -0.4213 -1.4781 -0.3475 -1.7868 0.1528 -1.4593 -1.7796 1.2017 -0.0716 0.6839 -0.3840 0.1147 0.6375 -0.4386 1.2405 -0.1474 0.6227 -6.7417 -1.1000
-0.6606 -0.9766 -1.0851 0.0012 -1.1696 1.3374 -0.6600 1.0867 -0.6155 1.2938 -0.7834 -0.8557 -0.3673 -1.4633 1.3468 -0.2937 0.3869 -0.6633 0.4527 -0.6651 0.8931 -0.1126 0.8226 -0.7343 1.1167 -1.2463 2.6552 -0.5637 2.1737 -0.8538 1.6734 -0.2888 1.1058 -0.2209 1.1537 -1.1000
-0.7421 -1.1162 0.6492 -0.1506 -0.1729 -0.6568 1.2594 -0.6103 0.0219 -0.7328 1.2818 -1.8255 -0.4242 -1.4490 -1.1149 -1.0479 0.7401 -0.4873 0.1810 -0.3605 -0.4933 -0.4839 -1.2494 0.2419 0.6216 0.8764 0.3558 2.4214 0.2149 1.9434 -0.4304 1.5043 -0.5768 0.7144 -0.5247 1.1000
-0.6315 -0.6711 1.0566 -1.4475 0.4093 1.3529 0.5874 0.0528 -0.2014 1.3835 1.2818 -1.3455 0.2176 -1.3368 -0.9988 -0.9033 -0.7873 -0.4588 -1.0300 -0.4309 -1.5499 -0.7977 -0.3072 -2.2445 -0.5404 -1.2365 -1.2510 -1.9370 1.2062 -1.3801 1.6316 -0.9636 1.0944 -0.2302 0.4980 -1.1000
-0.6693 -0.8372 0.8894 0.5371 0.6043 0.5985 -0.6600 0.8226 -0.6155 1.2938 -0.7787 -1.4315 0.2012 -1.3456 -0.6383 -1.1445 -0.7213 -0.9168 -0.6223 -1.1232 -1.6609 -1.0124 -1.7923 -0.1191 -0.1160 -1.0644 0.7769 -1.6032 0.2826 -1.3421 -0.3103 -0.6541 -0.6456 0.8727 -0.6815 -1.1000
-0.7770 -0.4203 0.9364 0.6907 0.7780 0.5622 -0.6600 0.0275 -0.6155 1.2938 -0.7212 -1.8372 0.1808 -1.5796 -0.1848 -0.7696 -0.7896 -1.3465 -0.6683 -0.1948 -0.6110 -0.8778 -0.9236 -1.7806 -0.7645 -0.2046 0.0753 -0.5449 -0.3614 -0.2609 -0.9734 0.5116 -1.2302 0.7514 -0.7339 1.0000
1.3066 -1.0470 -1.0611 -0.6304 -0.9185 -0.6568 2.9644 -0.6103 3.2162 -0.7281 1.4193 -0.1184 1.4067 0.5707 0.3254 -0.9384 0.3026 -1.1292 0.5107 -1.1224 0.3495 -1.1811 0.2896 1.6035 -1.6417 1.1432 -3.2204 0.5316 -0.8892 -0.0614 -0.9247 -0.5311 -1.0730 -0.2151 0.9175 1.0000
-0.6752 -1.0135 1.1896 -1.4677 -1.2188 -0.6568 -0.6600 -0.6103 -0.6155 -0.7689 -0.7756 -2.5973 0.1242 -0.9457 -0.1434 0.3547 0.9977 0.7904 0.5023 1.6343 0.4322 1.5733 0.2962 -2.2445 0.9146 -0.4667 0.2501 -1.0640 0.0983 0.0837 -0.5133 0.0835 1.2310 0.2684 0.4095 1.1000
-0.7246 1.2142 1.0441 0.9132 1.0294 -0.6568 0.5568 -0.6103 1.0359 -0.7422 1.2818 0.0014 -1.7093 1.4943 -0.6762 0.5482 -1.6025 -0.5333 -0.0155 0.2366 -0.4807 -0.0664 -0.6309 0.0046 -1.2324 -0.2475 0.0098 -0.0607 -0.5447 -0.6039 1.9485 -0.3445 1.5160 -0.5801 0.8877 -0.6000
-0.7363 0.8710 1.1673 0.1533 0.1706 2.5297 -0.6600 0.4415 -0.6155 1.2938 -0.7430 0.0192 -2.6061 -0.8385 -1.1819 -0.0458 -0.3164 -0.0671 -1.2300 0.2092 -1.7713 0.7672 -1.0669 -0.1772 -0.5408 -0.7346 1.2686 -0.9969 0.6524 -1.2549 0.0539 -1.2017 -0.5591 -0.1169 0.9422 -1.1000
-0.6199 -1.1488 -0.8803 -0.8980 -1.0174 -0.6568 -0.6600 -0.6103 -0.6155 -0.7987 -0.8051 -0.3758 -1.0202 -0.4764 0.6378 -0.6120 1.2113 0.0152 0.7638 0.7156 1.0778 0.5320 1.3701 0.3523 -0.8007 -0.4896 0.1504 0.3482 -0.0630 -0.1151 0.2647 0.0593 0.7513 -0.1257 1.2298 -1.1000
-0.6868 -0.9571 1.2371 0.8217 0.9259 -0.6568 0.5692 -0.6103 -0.2074 -0.7626 1.2818 0.0596 0.0714 0.4071 -0.6311 0.0602 0.5781 2.3147 0.3714 1.7066 -0.1041 1.1431 0.5949 0.5450 -0.5539 -0.2301 -1.2927 -0.9808 -2.0906 -1.5862 -2.1681 -0.9911 -2.4592 -0.9370 1.1424 1.0000
1.5233 -1.0766 -1.0587 -0.5211 -0.5915 0.6171 0.5931 0.8436 -0.1996 1.3839 1.2818 0.4408 0.7878 0.7569 0.0928 0.8595 1.6258 0.9864 1.4296 0.1989 1.3335 0.6110 1.1783 -0.0059 0.5198 3.6906 -0.0933 3.3068 -0.5421 2.8784 -0.8224 2.3276 -1.2276 1.4168 -1.0332 -0.6000
1.3804 0.8334 0.7497 1.5692 1.1508 0.5867 -0.6600 0.8094 -0.6155 1.2938 -0.7601 0.7445 0.3631 0.3482 -0.0454 0.8475 0.6645 0.0036 0.5621 0.1900 0.0771 0.3350 -0.0951 0.0064 0.6910 -0.9111 0.0241 0.7597 -0.5516 0.1830 -1.1469 -0.1770 0.1439 1.2994 -0.2299 -1.1000
-0.7624 1.1723 0.9958 1.3950 1.5740 -0.6568 0.5443 -0.6103 0.0184 -0.7218 1.2818 0.3727 -0.1681 -0.7739 -0.8422 0.4022 -1.1870 0.0159 -1.0747 -0.1928 -0.8103 -0.0162 -1.0855 0.4745 -0.5853 0.6884 -1.2635 0.2615 -1.5980 -0.3622 -1.7219 0.2371 -0.5156 -0.0012 -0.8243 -1.0000
1.4772 0.9061 0.9348 -1.0013 -1.1342 -0.6568 0.5836 -0.6103 2.0372 -0.7862 1.2818 0.0861 0.2078 1.0467 -1.2980 0.3229 0.0149 1.3492 -0.0241 0.7414 0.4949 0.6975 0.7662 -0.0369 0.2516 1.8726 -0.6499 1.3220 -1.1614 2.0795 -0.9796 1.6561 -0.0980 0.9193 -0.0275 -1.1000
-0.6199 1.0994 1.2041 -1.5351 -1.1442 -0.6568 -0.6600 -0.6103 -0.6155 -0.7987 -0.8051 -1.6717 -0.2894 -0.0540 -1.3312 0.7463 -0.0732 0.7758 -0.4542 0.9042 -1.1213 0.6735 0.0624 -2.0370 -0.1435 0.2112 0.2814 0.3809 0.1724 0.7358 -0.0813 0.3006 -0.5684 0.0825 -0.0557 1.1000
1.4910 1.2109 1.1536 0.5966 0.6715 -0.6568 -0.6600 -0.6103 -0.6155 -0.7909 -0.7974 0.8801 -0.3158 0.7556 0.6867 1.4427 0.1590 0.8856 -0.4433 1.0646 -0.1234 2.3858 0.3528 0.2977 0.2450 1.1161 -0.0955 0.5370 -0.7504 0.1721 -0.9803 0.2409 -1.0818 0.2893 -0.1431 1.1000
1.5049 0.9921 -0.5471 1.4070 -0.0013 0.6132 -0.6600 1.0267 -0.6155 1.2938 -0.8020 0.1957 1.5118 0.5390 0.8730 0.8578 0.4461 0.6415 0.4274 0.0808 0.0839 -0.2138 -0.1040 0.2229 0.4646 -0.1917 -0.0236 0.8683 -0.5657 0.2921 -0.4825 -0.0905 0.6224 -0.2543 -0.4990 -1.1000
-0.6228 1.1324 -0.8324 -0.7901 -0.7543 -0.6568 -0.6600 -0.6103 -0.6155 -0.7972 -0.8036 0.5964 -1.6726 0.8698 -1.4302 0.8765 -0.0873 0.4946 0.5028 0.3231 0.5856 0.2180 0.4498 0.6845 -1.7638 0.6232 0.2890 0.0521 -0.1605 -0.0468 -0.0533 -0.4295 1.2770 -0.2285 0.6476 -1.1000
-0.7537 -1.0803 -0.9732 -0.8096 -0.9178 -0.6568 0.5472 -0.6103 0.1863 -0.7266 1.2818 0.0561 -0.7624 -0.6039 0.3675 -1.0543 0.4630 -0.5212 0.1996 -1.0267 -0.2234 -0.8530 -0.8721 0.1016 -0.9114 0.5874 -0.4555 0.0388 -0.8808 -0.5389 -1.0738 0.4311 -0.8128 0.1436 -0.8301 -1.1000
-0.7159 -1.0406 -0.9555 1.3756 -0.7605 -0.6568 1.7793 -0.6103 2.7490 -0.7470 1.3694 0.3885 -0.6403 -0.6577 -0.7071 -1.3299 0.0519 -2.4299 -0.4122 -0.8900 -0.1948 -0.4375 -1.2753 0.1863 -1.9241 -0.5059 -3.3280 -0.7619 0.9244 -0.2381 0.3765 0.0973 -7.1000 -0.1243 0.8785 -1.1000
-0.7363 1.0929 -1.0808 -1.4041 -1.6276 -0.6568 -0.6600 -0.6103 -0.6155 -0.7360 -0.7430 -0.5689 0.6715 0.2130 -0.5440 -0.0158 -1.0788 -0.9952 -0.0259 -1.5429 0.2750 -2.5352 -0.6632 -0.2883 0.1188 0.7103 -0.6630 2.3854 -0.9456 1.9655 -1.3307 -0.3460 -1.6456 -5.3293 -1.3962 -1.0000
-0.7624 -1.0043 -0.7691 1.2174 0.8191 1.2831 -0.6600 1.1642 -0.6155 1.3804 -0.7290 -0.2542 -1.7230 -1.1293 -0.6469 -0.9580 0.0419 -0.9071 -0.6177 -1.4509 -1.3571 -1.2911 -1.0348 -0.2035 -1.9276 -0.3513 1.1437 -0.1786 0.5477 -0.7895 -0.0070 -0.8173 -0.5779 -1.0661 -0.4729 -1.1000
-0.7683 1.0308 1.1009 -0.6017 -0.7611 -0.6568 -0.6600 -0.6103 -0.6155 -0.7187 -0.7259 -1.7255 0.3659 0.3743 -0.8893 -0.8730 -1.8834 -0.4213 -1.4781 -0.3475 -1.7868 0.1528 -1.4593 -1.7796 1.2017 -0.0716 0.6839 -0.3840 0.1147 0.6375 -0.4386 1.2405 -0.1474 0.6227 -6.7417 0.8000
-0.6606 -0.9766 -1.0851 0.0012 -1.1696 1.3374 -0.6600 1.0867 -0.6155 1.2938 -0.7834 -0.8557 -0.3673 -1.4633 1.3468 -0.2937 0.3869 -0.6633 0.4527 -0.6651 0.8931 -0.1126 0.8226 -0.7343 1.1167 -1.2463 2.6552 -0.5637 2.1737 -0.8538 1.6734 -0.2888 1.1058 -0.2209 1.1537 -1.1000
-0.7421 -1.1162 0.6492 -0.1506 -0.1729 -0.6568 1.2594 -0.6103 0.0219 -0.7328 1.2818 -1.8255 -0.4242 -1.4490 -1.1149 -1.0479 0.7401 -0.4873 0.1810 -0.3605 -0.4933 -0.4839 -1.2494 0.2419 0.6216 0.8764 0.3558 2.4214 0.2149 1.9434 -0.4304 1.5043 -0.5768 0.7144 -0.5247 1.1000
-0.6315 -0.6711 1.0566 -1.4475 0.4093 1.3529 0.5874 0.0528 -0.2014 1.3835 1.2818 -1.3455 0.2176 -1.3368 -0.9988 -0.9033 -0.7873 -0.4588 -1.0300 -0.4309 -1.5499 -0.7977 -0.3072 -2.2445 -0.5404 -1.2365 -1.2510 -1.9370 1.2062 -1.3801 1.6316 -0.9636 1.0944 -0.2302 0.4980 -1.1000
-0.6693 -0.8372 0.8894 0.5371 0.6043 0.5985 -0.6600 0.8226 -0.6155 1.2938 -0.7787 -1.4315 0.2012 -1.3456 -0.6383 -1.1445 -0.7213 -0.9168 -0.6223 -1.1232 -1.6609 -1.0124 -1.7923 -0.1191 -0.1160 -1.0644 0.7769 -1.6032 0.2826 -1.3421 -0.3103 -0.6541 -0.6456 0.8727 -0.6815 -1.1000
-0.7770 -0.4203 0.9364 0.6907 0.7780 0.5622 -0.6600 0.0275 -0.6155 1.2938 -0.7212 -1.8372 0.1808 -1.5796 -0.1848 -0.7696 -0.7896 -1.3465 -0.6683 -0.1948 -0.6110 -0.8778 -0.9236 -1.7806 -0.7645 -0.2046 0.0753 -0.5449 -0.3614 -0.2609 -0.9734 0.5116 -1.2302 0.7514 -0.7339 -1.1000
1.3066 -1.0470 -1.0611 -0.6304 -0.9185 -0.6568 2.9644 -0.6103 3.2162 -0.7281 1.4193 -0.1184 1.4067 0.5707 0.3254 -0.9384 0.3026 -1.1292 0.5107 -1.1224 0.3495 -1.1811 0.2896 1.6035 -1.6417 1.1432 -3.2204 0.5316 -0.8892 -0.0614 -0.9247 -0.5311 -1.0730 -0.2151 0.9175 -1.0000
-0.6752 -1.0135 1.1896 -1.4677 -1.2188 -0.6568 -0.6600 -0.6103 -0.6155 -0.7689 -0.7756 -2.5973 0.1242 -0.9457 -0.1434 0.3547 0.9977 0.7904 0.5023 1.6343 0.4322 1.5733 0.2962 -2.2445 0.9146 -0.4667 0.2501 -1.0640 0.0983 0.0837 -0.5133 0.0835 1.2310 0.2684 0.4095 -1.1000
-0.7246 1.2142 1.0441 0.9132 1.0294 -0.6568 0.5568 -0.6103 1.0359 -0.7422 1.2818 0.0014 -1.7093 1.4943 -0.6762 0.5482 -1.6025 -0.5333 -0.0155 0.2366 -0.4807 -0.0664 -0.6309 0.0046 -1.2324 -0.2475 0.0098 -0.0607 -0.5447 -0.6039 1.9485 -0.3445 1.5160 -0.5801 0.8877 -0.6000
-0.7363 0.8710 1.1673 0.1533 0.1706 2.5297 -0.6600 0.4415 -0.6155 1.2938 -0.7430 0.0192 -2.6061 -0.8385 -1.1819 -0.0458 -0.3164 -0.0671 -1.2300 0.2092 -1.7713 0.7672 -1.0669 -0.1772 -0.5408 -0.7346 1.2686 -0.9969 0.6524 -1.2549 0.0539 -1.2017 -0.5591 -0.1169 0.9422 1.1000
-0.6199 -1.1488 -0.8803 -0.8980 -1.0174 -0.6568 -0.6600 -0.6103 -0.6155 -0.7987 -0.8051 -0.3758 -1.0202 -0.4764 0.6378 -0.6120 1.2113 0.0152 0.7638 0.7156 1.0778 0.5320 1.3701 0.3523 -0.8007 -0.4896 0.1504 0.3482 -0.0630 -0.1151 0.2647 0.0593 0.7513 -0.1257 1.2298 1.0000
-0.6868 -0.9571 1.2371 0.8217 0.9259 -0.6568 0.5692 -0.6103 -0.2074 -0.7626 1.2818 0.0596 0.0714 0.4071 -0.6311 0.0602 0.5781 2.3147 0.3714 1.7066 -0.1041 1.1431 0.5949 0.5450 -0.5539 -0.2301 -1.2927 -0.9808 -2.0906 -1.5862 -2.1681 -0.9911 -2.4592 -0.9370 1.1424 1.1000
1.5233 -1.0766 -1.0587 -0.5211 -0.5915 0.6171 0.5931 0.8436 -0.1996 1.3839 1.2818 0.4408 0.7878 0.7569 0.0928 0.8595 1.6258 0.9864 1.4296 0.1989 1.3335 0.6110 1.1783 -0.0059 0.5198 3.6906 -0.0933 3.3068 -0.5421 2.8784 -0.8224 2.3276 -1.2276 1.4168 -1.0332 -0.1000
1.3804 0.8334 0.7497 1.5692 1.1508 0.5867 -0.6600 0.8094 -0.6155 1.2938 -0.7601 0.7445 0.3631 0.3482 -0.0454 0.8475 0.6645 0.0036 0.5621 0.1900 0.0771 0.3350 -0.0951 0.0064 0.6910 -0.9111 0.0241 0.7597 -0.5516 0.1830 -1.1469 -0.1770 0.1439 1.2994 -0.2299 -1.1000
-0.7624 1.1723 0.9958 1.3950 1.5740 -0.6568 0.5443 -0.6103 0.0184 -0.7218 1.2818 0.3727 -0.1681 -0.7739 -0.8422 0.4022 -1.1870 0.0159 -1.0747 -0.1928 -0.8103 -0.0162 -1.0855 0.4745 -0.5853 0.6884 -1.2635 0.2615 -1.5980 -0.3622 -1.7219 0.2371 -0.5156 -0.0012 -0.8243 -1.1000
1.4772 0.9061 0.9348 -1.0013 -1.1342 -0.6568 0.5836 -0.6103 2.0372 -0.7862 1.2818 0.0861 0.2078 1.0467 -1.2980 0.3229 0.0149 1.3492 -0.0241 0.7414 0.4949 0.6975 0.7662 -0.0369 0.2516 1.8726 -0.6499 1.3220 -1.1614 2.0795 -0.9796 1.6561 -0.0980 0.9193 -0.0275 -1.0000
-0.6199 1.0994 1.2041 -1.5351 -1.1442 -0.6568 -0.6600 -0.6103 -0.6155 -0.7987 -0.8051 -1.6717 -0.2894 -0.0540 -1.3312 0.7463 -0.0732 0.7758 -0.4542 0.9042 -1.1213 0.6735 0.0624 -2.0370 -0.1435 0.2112 0.2814 0.3809 0.1724 0.7358 -0.0813 0.3006 -0.5684 0.0825 -0.0557 -1.0000
1.4910 1.2109 1.1536 0.5966 0.6715 -0.6568 -0.6600 -0.6103 -0.6155 -0.7909 -0.7974 0.8801 -0.3158 0.7556 0.6867 1.4427 0.1590 0.8856 -0.4433 1.0646 -0.1234 2.3858 0.3528 0.2977 0.2450 1.1161 -0.0955 0.5370 -0.7504 0.1721 -0.9803 0.2409 -1.0818 0.2893 -0.1431 -1.1000
1.5049 0.9921 -0.5471 1.4070 -0.0013 0.6132 -0.6600 1.0267 -0.6155 1.2938 -0.8020 0.1957 1.5118 0.5390 0.8730 0.8578 0.4461 0.6415 0.4274 0.0808 0.0839 -0.2138 -0.1040 0.2229 0.4646 -0.1917 -0.0236 0.8683 -0.5657 0.2921 -0.4825 -0.0905 0.6224 -0.2543 -0.4990 -1.1000
-0.6228 1.1324 -0.8324 -0.7901 -0.7543 -0.6568 -0.6600 -0.6103 -0.6155 -0.7972 -0.8036 0.5964 -1.6726 0.8698 -1.4302 0.8765 -0.0873 0.4946 0.5028 0.3231 0.5856 0.2180 0.4498 0.6845 -1.7638 0.6232 0.2890 0.0521 -0.1605 -0.0468 -0.0533 -0.4295 1.2770 -0.2285 0.6476 -1.1000
-0.7537 -1.0803 -0.9732 -0.8096 -0.9178 -0.6568 0.5472 -0.6103 0.1863 -0.7266 1.2818 0.0561 -0.7624 -0.6039 0.3675 -1.0543 0.4630 -0.5212 0.1996 -1.0267 -0.2234 -0.8530 -0.8721 0.1016 -0.9114 0.5874 -0.4555 0.0388 -0.8808 -0.5389 -1.0738 0.4311 -0.8128 0.1436 -0.8301 -1.1000
-0.7159 -1.0406 -0.9555 1.3756 -0.7605 -0.6568 1.7793 -0.6103 2.7490 -0.7470 1.3694 0.3885 -0.6403 -0.6577 -0.7071 -1.3299 0.0519 -2.4299 -0.4122 -0.8900 -0.1948 -0.4375 -1.2753 0.1863 -1.9241 -0.5059 -3.3280 -0.7619 0.9244 -0.2381 0.3765 0.0973 -7.1000 -0.1243 0.8785 1.1000
-0.7363 1.0929 -1.0808 -1.4041 -1.6276 -0.6568 -0.6600 -0.6103 -0.6155 -0.7360 -0.7430 -0.5689 0.6715 0.2130 -0.5440 -0.0158 -1.0788 -0.9952 -0.0259 -1.5429 0.2750 -2.5352 -0.6632 -0.2883 0.1188 0.7103 -0.6630 2.3854 -0.9456 1.9655 -1.3307 -0.3460 -1.6456 -5.3293 -1.3962 1.1000
-0.7624 -1.0043 -0.7691 1.2174 0.8191 1.2831 -0.6600 1.1642 -0.6155 1.3804 -0.7290 -0.2542 -1.7230 -1.1293 -0.6469 -0.9580 0.0419 -0.9071 -0.6177 -1.4509 -1.3571 -1.2911 -1.0348 -0.2035 -1.9276 -0.3513 1.1437 -0.1786 0.5477 -0.7895 -0.0070 -0.8173 -0.5779 -1.0661 -0.4729 1.1000
-0.7683 1.0308 1.1009 -0.6017 -0.7611 -0.6568 -0.6600 -0.6103 -0.6155 -0.7187 -0.7259 -1.7255 0.3659 0.3743 -0.8893 -0.8730 -1.8834 -0.4213 -1.4781 -0.3475 -1.7868 0.1528 -1.4593 -1.7796 1.2017 -0.0716 0.6839 -0.3840 0.1147 0.6375 -0.4386 1.2405 -0.1474 0.6227 -6.7417 -1.0000
-0.6606 -0.9766 -1.0851 0.0012 -1.1696 1.3374 -0.6600 1.0867 -0.6155 1.2938 -0.7834 -0.8557 -0.3673 -1.4633 1.3468 -0.2937 0.3869 -0.6633 0.4527 -0.6651 0.8931 -0.1126 0.8226 -0.7343 1.1167 -1.2463 2.6552 -0.5637 2.1737 -0.8538 1.6734 -0.2888 1.1058 -0.2209 1.1537 -1.1000
-0.7421 -1.1162 0.6492 -0.1506 -0.1729 -0.6568 1.2594 -0.6103 0.0219 -0.7328 1.2818 -1.8255 -0.4242 -1.4490 -1.1149 -1.0479 0.7401 -0.4873 0.1810 -0.3605 -0.4933 -0.4839 -1.2494 0.2419 0.6216 0.8764 0.3558 2.4214 0.2149 1.9434 -0.4304 1.5043 -0.5768 0.7144 -0.5247 -1.1000
-0.6315 -0.6711 1.0566 -1.4475 0.4093 1.3529 0.5874 0.0528 -0.2014 1.3835 1.2818 -1.3455 0.2176 -1.3368 -0.9988 -0.9033 -0.7873 -0.4588 -1.0300 -0.4309 -1.5499 -0.7977 -0.3072 -2.2445 -0.5404 -1.2365 -1.2510 -1.9370 1.2062 -1.3801 1.6316 -0.9636 1.0944 -0.2302 0.4980 1.1000
-0.6693 -0.8372 0.8894 0.5371 0.6043 0.5985 -0.6600 0.8226 -0.6155 1.2938 -0.7787 -1.4315 0.2012 -1.3456 -0.6383 -1.1445 -0.7213 -0.9168 -0.6223 -1.1232 -1.6609 -1.0124 -1.7923 -0.1191 -0.1160 -1.0644 0.7769 -1.6032 0.2826 -1.3421 -0.3103 -0.6541 -0.6456 0.8727 -0.6815 0.8000
-0.7770 -0.4203 0.9364 0.6907 0.7780 0.5622 -0.6600 0.0275 -0.6155 1.2938 -0.7212 -1.8372 0.1808 -1.5796 -0.1848 -0.7696 -0.7896 -1.3465 -0.6683 -0.1948 -0.6110 -0.8778 -0.9236 -1.7806 -0.7645 -0.2046 0.0753 -0.5449 -0.3614 -0.2609 -0.9734 0.5116 -1.2302 0.7514 -0.7339 1.1000
1.3066 -1.0470 -1.0611 -0.6304 -0.9185 -0.6568 2.9644 -0.6103 3.2162 -0.7281 1.4193 -0.1184 1.4067 0.5707 0.3254 -0.9384 0.3026 -1.1292 0.5107 -1.1224 0.3495 -1.1811 0.2896 1.6035 -1.6417 1.1432 -3.2204 0.5316 -0.8892 -0.0614 -0.9247 -0.5311 -1.0730 -0.2151 0.9175 1.1000
-0.6752 -1.0135 1.1896 -1.4677 -1.2188 -0.6568 -0.6600 -0.6103 -0.6155 -0.7689 -0.7756 -2.5973 0.1242 -0.9457 -0.1434 0.3547 0.9977 0.7904 0.5023 1.6343 0.4322 1.5733 0.2962 -2.2445 0.9146 -0.4667 0.2501 -1.0640 0.0983 0.0837 -0.5133 0.0835 1.2310 0.2684 0.4095 1.1000
-0.7246 1.2142 1.0441 0.9132 1.0294 -0.6568 0.5568 -0.6103 1.0359 -0.7422 1.2818 0.0014 -1.7093 1.4943 -0.6762 0.5482 -1.6025 -0.5333 -0.0155 0.2366 -0.4807 -0.0664 -0.6309 0.0046 -1.2324 -0.2475 0.0098 -0.0607 -0.5447 -0.6039 1.9485 -0.3445 1.5160 -0.5801 0.8877 0.2000
-0.7363 0.8710 1.1673 0.1533 0.1706 2.5297 -0.6600 0.4415 -0.6155 1.2938 -0.7430 0.0192 -2.6061 -0.8385 -1.1819 -0.0458 -0.3164 -0.0671 -1.2300 0.2092 -1.7713 0.7672 -1.0669 -0.1772 -0.5408 -0.7346 1.2686 -0.9969 0.6524 -1.2549 0.0539 -1.2017 -0.5591 -0.1169 0.9422 1.1000
-0.6199 -1.1488 -0.8803 -0.8980 -1.0174 -0.6568 -0.6600 -0.6103 -0.6155 -0.7987 -0.8051 -0.3758 -1.0202 -0.4764 0.6378 -0.6120 1.2113 0.0152 0.7638 0.7156 1.0778 0.5320 1.3701 0.3523 -0.8007 -0.4896 0.1504 0.3482 -0.0630 -0.1151 0.2647 0.0593 0.7513 -0.1257 1.2298 1.1000
-0.6868 -0.9571 1.2371 0.8217 0.9259 -0.6568 0.5692 -0.6103 -0.2074 -0.7626 1.2818 0.0596 0.0714 0.4071 -0.6311 0.0602 0.5781 2.3147 0.3714 1.7066 -0.1041 1.1431 0.5949 0.5450 -0.5539 -0.2301 -1.2927 -0.9808 -2.0906 -1.5862 -2.1681 -0.9911 -2.4592 -0.9370 1.1424 1.1000
1.5233 -1.0766 -1.0587 -0.5211 -0.5915 0.6171 0.5931 0.8436 -0.1996 1.3839 1.2818 0.4408 0.7878 0.7569 0.0928 0.8595 1.6258 0.9864 1.4296 0.1989 1.3335 0.6110 1.1783 -0.0059 0.5198 3.6906 -0.0933 3.3068 -0.5421 2.8784 -0.8224 2.3276 -1.2276 1.4168 -1.0332 0.9000
1.3804 0.8334 0.7497 1.5692 1.1508 0.5867 -0.6600 0.8094 -0.6155 1.2938 -0.7601 0.7445 0.3631 0.3482 -0.0454 0.8475 0.6645 0.0036 0.5621 0.1900 0.0771 0.3350 -0.0951 0.0064 0.6910 -0.9111 0.0241 0.7597 -0.5516 0.1830 -1.1469 -0.1770 0.1439 1.2994 -0.2299 1.1000
-0.7624 1.1723 0.9958 1.3950 1.5740 -0.6568 0.5443 -0.6103 0.0184 -0.7218 1.2818 0.3727 -0.1681 -0.7739 -0.8422 0.4022 -1.1870 0.0159 -1.0747 -0.1928 -0.8103 -0.0162 -1.0855 0.4745 -0.5853 0.6884 -1.2635 0.2615 -1.5980 -0.3622 -1.7219 0.2371 -0.5156 -0.0012 -0.8243 -1.1000
1.4772 0.9061 0.9348 -1.0013 -1.1342 -0.6568 0.5836 -0.6103 2.0372 -0.7862 1.2818 0.0861 0.2078 1.0467 -1.2980 0.3229 0.0149 1.3492 -0.0241 0.7414 0.4949 0.6975 0.7662 -0.0369 0.2516 1.8726 -0.6499 1.3220 -1.1614 2.0795 -0.9796 1.6561 -0.0980 0.9193 -0.0275 -1.1000
-0.6199 1.0994 1.2041 -1.5351 -1.1442 -0.6568 -0.6600 -0.6103 -0.6155 -0.7987 -0.8051 -1.6717 -0.2894 -0.0540 -1.3312 0.7463 -0.0732 0.7758 -0.4542 0.9042 -1.1213 0.6735 0.0624 -2.0370 -0.1435 0.2112 0.2814 0.3809 0.1724 0.7358 -0.0813 0.3006 -0.5684 0.0825 -0.0557 -0.7000
1.4910 1.2109 1.1536 0.5966 0.6715 -0.6568 -0.6600 -0.6103 -0.6155 -0.7909 -0.7974 0.8801 -0.3158 0.7556 0.6867 1.4427 0.1590 0.8856 -0.4433 1.0646 -0.1234 2.3858 0.3528 0.2977 0.2450 1.1161 -0.0955 0.5370 -0.7504 0.1721 -0.9803 0.2409 -1.0818 0.2893 -0.1431 -1.1000
1.5049 0.9921 -0.5471 1.4070 -0.0013 0.6132 -0.6600 1.0267 -0.6155 1.2938 -0.8020 0.1957 1.5118 0.5390 0.8730 0.8578 0.4461 0.6415 0.4274 0.0808 0.0839 -0.2138 -0.1040 0.2229 0.4646 -0.1917 -0.0236 0.8683 -0.5657 0.2921 -0.4825 -0.0905 0.6224 -0.2543 -0.4990 -1.1000
-0.6228 1.1324 -0.8324 -0.7901 -0.7543 -0.6568 -0.6600 -0.6103 -0.6155 -0.7972 -0.8036 0.5964 -1.6726 0.8698 -1.4302 0.8765 -0.0873 0.4946 0.5028 0.3231 0.5856 0.2180 0.4498 0.6845 -1.7638 0.6232 0.2890 0.0521 -0.1605 -0.0468 -0.0533 -0.4295 1.2770 -0.2285 0.6476 -1.1000
-0.7537 -1.0803 -0.9732 -0.8096 -0.9178 -0.6568 0.5472 -0.6103 0.1863 -0.7266 1.2818 0.0561 -0.7624 -0.6039 0.3675 -1.0543 0.4630 -0.5212 0.1996 -1.0267 -0.2234 -0.8530 -0.8721 0.1016 -0.9114 0.5874 -0.4555 0.0388 -0.8808 -0.5389 -1.0738 0.4311 -0.8128 0.1436 -0.8301 -1.1000
-0.7159 -1.0406 -0.9555 1.3756 -0.7605 -0.6568 1.7793 -0.6103 2.7490 -0.7470 1.3694 0.3885 -0.6403 -0.6577 -0.7071 -1.3299 0.0519 -2.4299 -0.4122 -0.8900 -0.1948 -0.4375 -1.2753 0.1863 -1.9241 -0.5059 -3.3280 -0.7619 0.9244 -0.2381 0.3765 0.0973 -7.1000 -0.1243 0.8785 -1.1000
-0.7363 1.0929 -1.0808 -1.4041 -1.6276 -0.6568 -0.6600 -0.6103 -0.6155 -0.7360 -0.7430 -0.5689 0.6715 0.2130 -0.5440 -0.0158 -1.0788 -0.9952 -0.0259 -1.5429 0.2750 -2.5352 -0.6632 -0.2883 0.1188 0.7103 -0.6630 2.3854 -0.9456 1.9655 -1.3307 -0.3460 -1.6456 -5.3293 -1.3962 -1.1000
-0.7624 -1.0043 -0.7691 1.2174 0.8191 1.2831 -0.6600 1.1642 -0.6155 1.3804 -0.7290 -0.2542 -1.7230 -1.1293 -0.6469 -0.9580 0.0419 -0.9071 -0.6177 -1.4509 -1.3571 -1.2911 -1.0348 -0.2035 -1.9276 -0.3513 1.1437 -0.1786 0.5477 -0.7895 -0.0070 -0.8173 -0.5779 -1.0661 -0.4729 -1.1000
-0.7683 1.0308 1.1009 -0.6017 -0.7611 -0.6568 -0.6600 -0.6103 -0.6155 -0.7187 -0.7259 -1.7255 0.3659 0.3743 -0.8893 -0.8730 -1.8834 -0.4213 -1.4781 -0.3475 -1.7868 0.1528 -1.4593 -1.7796 1.2017 -0.0716 0.6839 -0.3840 0.1147 0.6375 -0.4386 1.2405 -0.1474 0.6227 -6.7417 1.0000
-0.6606 -0.9766 -1.0851 0.0012 -1.1696 1.3374 -0.6600 1.0867 -0.6155 1.2938 -0.7834 -0.8557 -0.3673 -1.4633 1.3468 -0.2937 0.3869 -0.6633 0.4527 -0.6651 0.8931 -0.1126 0.8226 -0.7343 1.1167 -1.2463 2.6552 -0.5637 2.1737 -0.8538 1.6734 -0.2888 1.1058 -0.2209 1.1537 1.1000
-0.7421 -1.1162 0.6492 -0.1506 -0.1729 -0.6568 1.2594 -0.6103 0.0219 -0.7328 1.2818 -1.8255 -0.4242 -1.4490 -1.1149 -1.0479 0.7401 -0.4873 0.1810 -0.3605 -0.4933 -0.4839 -1.2494 0.2419 0.6216 0.8764 0.3558 2.4214 0.2149 1.9434 -0.4304 1.5043 -0.5768 0.7144 -0.5247 0.6000
-0.6315 -0.6711 1.0566 -1.4475 0.4093 1.3529 0.5874 0.0528 -0.2014 1.3835 1.2818 -1.3455 0.2176 -1.3368 -0.9988 -0.9033 -0.7873 -0.4588 -1.0300 -0.4309 -1.5499 -0.7977 -0.3072 -2.2445 -0.5404 -1.2365 -1.2510 -1.9370 1.2062 -1.3801 1.6316 -0.9636 1.0944 -0.2302 0.4980 1.0000
-0.6693 -0.8372 0.8894 0.5371 0.6043 0.5985 -0.6600 0.8226 -0.6155 1.2938 -0.7787 -1.4315 0.2012 -1.3456 -0.6383 -1.1445 -0.7213 -0.9168 -0.6223 -1.1232 -1.6609 -1.0124 -1.7923 -0.1191 -0.1160 -1.0644 0.7769 -1.6032 0.2826 -1.3421 -0.3103 -0.6541 -0.6456 0.8727 -0.6815 1.1000
-0.7770 -0.4203 0.9364 0.6907 0.7780 0.5622 -0.6600 0.0275 -0.6155 1.2938 -0.7212 -1.8372 0.1808 -1.5796 -0.1848 -0.7696 -0.7896 -1.3465 -0.6683 -0.1948 -0.6110 -0.8778 -0.9236 -1.7806 -0.7645 -0.2046 0.0753 -0.5449 -0.3614 -0.2609 -0.9734 0.5116 -1.2302 0.7514 -0.7339 1.1000
1.3066 -1.0470 -1.0611 -0.6304 -0.9185 -0.6568 2.9644 -0.6103 3.2162 -0.7281 1.4193 -0.1184 1.4067 0.5707 0.3254 -0.9384 0.3026 -1.1292 0.5107 -1.1224 0.3495 -1.1811 0.2896 1.6035 -1.6417 1.1432 -3.2204 0.5316 -0.8892 -0.0614 -0.9247 -0.5311 -1.0730 -0.2151 0.9175 -1.0000
-0.6752 -1.0135 1.1896 -1.4677 -1.2188 -0.6568 -0.6600 -0.6103 -0.6155 -0.7689 -0.7756 -2.5973 0.1242 -0.9457 -0.1434 0.3547 0.9977 0.7904 0.5023 1.6343 0.4322 1.5733 0.2962 -2.2445 0.9146 -0.4667 0.2501 -1.0640 0.0983 0.0837 -0.5133 0.0835 1.2310 0.2684 0.4095 1.0000
-0.7246 1.2142 1.0441 0.9132 1.0294 -0.6568 0.5568 -0.6103 1.0359 -0.7422 1.2818 0.0014 -1.7093 1.4943 -0.6762 0.5482 -1.6025 -0.5333 -0.0155 0.2366 -0.4807 -0.0664 -0.6309 0.0046 -1.2324 -0.2475 0.0098 -0.0607 -0.5447 -0.6039 1.9485 -0.3445 1.5160 -0.5801 0.8877 0.0000
-0.7363 0.8710 1.1673 0.1533 0.1706 2.5297 -0.6600 0.4415 -0.6155 1.2938 -0.7430 0.0192 -2.6061 -0.8385 -1.1819 -0.0458 -0.3164 -0.0671 -1.2300 0.2092 -1.7713 0.7672 -1.0669 -0.1772 -0.5408 -0.7346 1.2686 -0.9969 0.6524 -1.2549 0.0539 -1.2017 -0.5591 -0.1169 0.9422 -1.1000
-0.6199 -1.1488 -0.8803 -0.8980 -1.0174 -0.6568 -0.6600 -0.6103 -0.6155 -0.7987 -0.8051 -0.3758 -1.0202 -0.4764 0.6378 -0.6120 1.2113 0.0152 0.7638 0.7156 1.0778 0.5320 1.3701 0.3523 -0.8007 -0.4896 0.1504 0.3482 -0.0630 -0.1151 0.2647 0.0593 0.7513 -0.1257 1.2298 -1.1000
-0.6868 -0.9571 1.2371 0.8217 0.9259 -0.6568 0.5692 -0.6103 -0.2074 -0.7626 1.2818 0.0596 0.0714 0.4071 -0.6311 0.0602 0.5781 2.3147 0.3714 1.7066 -0.1041 1.1431 0.5949 0.5450 -0.5539 -0.2301 -1.2927 -0.9808 -2.0906 -1.5862 -2.1681 -0.9911 -2.4592 -0.9370 1.1424 -1.0000
1.5233 -1.0766 -1.0587 -0.5211 -0.5915 0.6171 0.5931 0.8436 -0.1996 1.3839 1.2818 0.4408 0.7878 0.7569 0.0928 0.8595 1.6258 0.9864 1.4296 0.1989 1.3335 0.6110 1.1783 -0.0059 0.5198 3.6906 -0.0933 3.3068 -0.5421 2.8784 -0.8224 2.3276 -1.2276 1.4168 -1.0332 -0.9000
1.3804 0.8334 0.7497 1.5692 1.1508 0.5867 -0.6600 0.8094 -0.6155 1.2938 -0.7601 0.7445 0.3631 0.3482 -0.0454 0.8475 0.6645 0.0036 0.5621 0.1900 0.0771 0.3350 -0.0951 0.0064 0.6910 -0.9111 0.0241 0.7597 -0.5516 0.1830 -1.1469 -0.1770 0.1439 1.2994 -0.2299 1.1000
-0.7624 1.1723 0.9958 1.3950 1.5740 -0.6568 0.5443 -0.6103 0.0184 -0.7218 1.2818 0.3727 -0.1681 -0.7739 -0.8422 0.4022 -1.1870 0.0159 -1.0747 -0.1928 -0.8103 -0.0162 -1.0855 0.4745 -0.5853 0.6884 -1.2635 0.2615 -1.5980 -0.3622 -1.7219 0.2371 -0.5156 -0.0012 -0.8243 1.1000
1.4772 0.9061 0.9348 -1.0013 -1.1342 -0.6568 0.5836 -0.6103 2.0372 -0.7862 1.2818 0.0861 0.2078 1.0467 -1.2980 0.3229 0.0149 1.3492 -0.0241 0.7414 0.4949 0.6975 0.7662 -0.0369 0.2516 1.8726 -0.6499 1.3220 -1.1614 2.0795 -0.9796 1.6561 -0.0980 0.9193 -0.0275 1.1000
-0.6199 1.0994 1.2041 -1.5351 -1.1442 -0.6568 -0.6600 -0.6103 -0.6155 -0.7987 -0.8051 -1.6717 -0.2894 -0.0540 -1.3312 0.7463 -0.0732 0.7758 -0.4542 0.9042 -1.1213 0.6735 0.0624 -2.0370 -0.1435 0.2112 0.2814 0.3809 0.1724 0.7358 -0.0813 0.3006 -0.5684 0.0825 -0.0557 0.9000
1.4910 1.2109 1.1536 0.5966 0.6715 -0.6568 -0.6600 -0.6103 -0.6155 -0.7909 -0.7974 0.8801 -0.3158 0.7556 0.6867 1.4427 0.1590 0.8856 -0.4433 1.0646 -0.1234 2.3858 0.3528 0.2977 0.2450 1.1161 -0.0955 0.5370 -0.7504 0.1721 -0.9803 0.2409 -1.0818 0.2893 -0.1431 0.9000
1.5049 0.9921 -0.5471 1.4070 -0.0013 0.6132 -0.6600 1.0267 -0.6155 1.2938 -0.8020 0.1957 1.5118 0.5390 0.8730 0.8578 0.4461 0.6415 0.4274 0.0808 0.0839 -0.2138 -0.1040 0.2229 0.4646 -0.1917 -0.0236 0.8683 -0.5657 0.2921 -0.4825 -0.0905 0.6224 -0.2543 -0.4990 -1.1000
-0.6228 1.1324 -0.8324 -0.7901 -0.7543 -0.6568 -0.6600 -0.6103 -0.6155 -0.7972 -0.8036 0.5964 -1.6726 0.8698 -1.4302 0.8765 -0.0873 0.4946 0.5028 0.3231 0.5856 0.2180 0.4498 0.6845 -1.7638 0.6232 0.2890 0.0521 -0.1605 -0.0468 -0.0533 -0.4295 1.2770 -0.2285 0.6476 -1.1000
-0.7537 -1.0803 -0.9732 -0.8096 -0.9178 -0.6568 0.5472 -0.6103 0.1863 -0.7266 1.2818 0.0561 -0.7624 -0.6039 0.3675 -1.0543 0.4630 -0.5212 0.1996 -1.0267 -0.2234 -0.8530 -0.8721 0.1016 -0.9114 0.5874 -0.4555 0.0388 -0.8808 -0.5389 -1.0738 0.4311 -0.8128 0.1436 -0.8301 1.1000
-0.7159 -1.0406 -0.9555 1.3756 -0.7605 -0.6568 1.7793 -0.6103 2.7490 -0.7470 1.3694 0.3885 -0.6403 -0.6577 -0.7071 -1.3299 0.0519 -2.4299 -0.4122 -0.8900 -0.1948 -0.4375 -1.2753 0.1863 -1.9241 -0.5059 -3.3280 -0.7619 0.9244 -0.2381 0.3765 0.0973 -7.1000 -0.1243 0.8785 -1.1000
-0.7363 1.0929 -1.0808 -1.4041 -1.6276 -0.6568 -0.6600 -0.6103 -0.6155 -0.7360 -0.7430 -0.5689 0.6715 0.2130 -0.5440 -0.0158 -1.0788 -0.9952 -0.0259 -1.5429 0.2750 -2.5352 -0.6632 -0.2883 0.1188 0.7103 -0.6630 2.3854 -0.9456 1.9655 -1.3307 -0.3460 -1.6456 -5.3293 -1.3962 1.1000
-0.7624 -1.0043 -0.7691 1.2174 0.8191 1.2831 -0.6600 1.1642 -0.6155 1.3804 -0.7290 -0.2542 -1.7230 -1.1293 -0.6469 -0.9580 0.0419 -0.9071 -0.6177 -1.4509 -1.3571 -1.2911 -1.0348 -0.2035 -1.9276 -0.3513 1.1437 -0.1786 0.5477 -0.7895 -0.0070 -0.8173 -0.5779 -1.0661 -0.4729 0.9000
-0.7683 1.0308 1.1009 -0.6017 -0.7611 -0.6568 -0.6600 -0.6103 -0.6155 -0.7187 -0.7259 -1.7255 0.3659 0.3743 -0.8893 -0.8730 -1.8834 -0.4213 -1.4781 -0.3475 -1.7868 0.1528 -1.4593 -1.7796 1.2017 -0.0716 0.6839 -0.3840 0.1147 0.6375 -0.4386 1.2405 -0.1474 0.6227 -6.7417 -1.1000
-0.6606 -0.9766 -1.0851 0.0012 -1.1696 1.3374 -0.6600 1.0867 -0.6155 1.2938 -0.7834 -0.8557 -0.3673 -1.4633 1.3468 -0.2937 0.3869 -0.6633 0.4527 -0.6651 0.8931 -0.1126 0.8226 -0.7343 1.1167 -1.2463 2.6552 -0.5637 2.1737 -0.8538 1.6734 -0.2888 1.1058 -0.2209 1.1537 -1.1000
-0.7421 -1.1162 0.6492 -0.1506 -0.1729 -0.6568 1.2594 -0.6103 0.0219 -0.7328 1.2818 -1.8255 -0.4242 -1.4490 -1.1149 -1.0479 0.7401 -0.4873 0.1810 -0.3605 -0.4933 -0.4839 -1.2494 0.2419 0.6216 0.8764 0.3558 2.4214 0.2149 1.9434 -0.4304 1.5043 -0.5768 0.7144 -0.5247 -1.1000
-0.6315 -0.6711 1.0566 -1.4475 0.4093 1.3529 0.5874 0.0528 -0.2014 1.3835 1.2818 -1.3455 0.2176 -1.3368 -0.9988 -0.9033 -0.7873 -0.4588 -1.0300 -0.4309 -1.5499 -0.7977 -0.3072 -2.2445 -0.5404 -1.2365 -1.2510 -1.9370 1.2062 -1.3801 1.6316 -0.9636 1.0944 -0.2302 0.4980 -1.1000
-0.6693 -0.8372 0.8894 0.5371 0.6043 0.5985 -0.6600 0.8226 -0.6155 1.2938 -0.7787 -1.4315 0.2012 -1.3456 -0.6383 -1.1445 -0.7213 -0.9168 -0.6223 -1.1232 -1.6609 -1.0124 -1.7923 -0.1191 -0.1160 -1.0644 0.7769 -1.6032 0.2826 -1.3421 -0.3103 -0.6541 -0.6456 0.8727 -0.6815 1.1000
-0.7770 -0.4203 0.9364 0.6907 0.7780 0.5622 -0.6600 0.0275 -0.6155 1.2938 -0.7212 -1.8372 0.1808 -1.5796 -0.1848 -0.7696 -0.7896 -1.3465 -0.6683 -0.1948 -0.6110 -0.8778 -0.9236 -1.7806 -0.7645 -0.2046 0.0753 -0.5449 -0.3614 -0.2609 -0.9734 0.5116 -1.2302 0.7514 -0.7339 1.1000
1.3066 -1.0470 -1.0611 -0.6304 -0.9185 -0.6568 2.9644 -0.6103 3.2162 -0.7281 1.4193 -0.1184 1.4067 0.5707 0.3254 -0.9384 0.3026 -1.1292 0.5107 -1.1224 0.3495 -1.1811 0.2896 1.6035 -1.6417 1.1432 -3.2204 0.5316 -0.8892 -0.0614 -0.9247 -0.5311 -1.0730 -0.2151 0.9175 1.1000
-0.6752 -1.0135 1.1896 -1.4677 -1.2188 -0.6568 -0.6600 -0.6103 -0.6155 -0.7689 -0.7756 -2.5973 0.1242 -0.9457 -0.1434 0.3547 0.9977 0.7904 0.5023 1.6343 0.4322 1.5733 0.2962 -2.2445 0.9146 -0.4667 0.2501 -1.0640 0.0983 0.0837 -0.5133 0.0835 1.2310 0.2684 0.4095 1.1000
-0.7246 1.2142 1.0441 0.9132 1.0294 -0.6568 0.5568 -0.6103 1.0359 -0.7422 1.2818 0.0014 -1.7093 1.4943 -0.6762 0.5482 -1.6025 -0.5333 -0.0155 0.2366 -0.4807 -0.0664 -0.6309 0.0046 -1.2324 -0.2475 0.0098 -0.0607 -0.5447 -0.6039 1.9485 -0.3445 1.5160 -0.5801 0.8877 0.8000
-0.7363 0.8710 1.1673 0.1533 0.1706 2.5297 -0.6600 0.4415 -0.6155 1.2938 -0.7430 0.0192 -2.6061 -0.8385 -1.1819 -0.0458 -0.3164 -0.0671 -1.2300 0.2092 -1.7713 0.7672 -1.0669 -0.1772 -0.5408 -0.7346 1.2686 -0.9969 0.6524 -1.2549 0.0539 -1.2017 -0.5591 -0.1169 0.9422 0.9000
-0.6199 -1.1488 -0.8803 -0.8980 -1.0174 -0.6568 -0.6600 -0.6103 -0.6155 -0.7987 -0.8051 -0.3758 -1.0202 -0.4764 0.6378 -0.6120 1.2113 0.0152 0.7638 0.7156 1.0778 0.5320 1.3701 0.3523 -0.8007 -0.4896 0.1504 0.3482 -0.0630 -0.1151 0.2647 0.0593 0.7513 -0.1257 1.2298 1.1000
-0.6868 -0.9571 1.2371 0.8217 0.9259 -0.6568 0.5692 -0.6103 -0.2074 -0.7626 1.2818 0.0596 0.0714 0.4071 -0.6311 0.0602 0.5781 2.3147 0.3714 1.7066 -0.1041 1.1431 0.5949 0.5450 -0.5539 -0.2301 -1.2927 -0.9808 -2.0906 -1.5862 -2.1681 -0.9911 -2.4592 -0.9370 1.1424 -0.6000
1.5233 -1.0766 -1.0587 -0.5211 -0.5915 0.6171 0.5931 0.8436 -0.1996 1.3839 1.2818 0.4408 0.7878 0.7569 0.0928 0.8595 1.6258 0.9864 1.4296 0.1989 1.3335 0.6110 1.1783 -0.0059 0.5198 3.6906 -0.0933 3.3068 -0.5421 2.8784 -0.8224 2.3276 -1.2276 1.4168 -1.0332 1.1000
1.3804 0.8334 0.7497 1.5692 1.1508 0.5867 -0.6600 0.8094 -0.6155 1.2938 -0.7601 0.7445 0.3631 0.3482 -0.0454 0.8475 0.6645 0.0036 0.5621 0.1900 0.0771 0.3350 -0.0951 0.0064 0.6910 -0.9111 0.0241 0.7597 -0.5516 0.1830 -1.1469 -0.1770 0.1439 1.2994 -0.2299 1.1000
-0.7624 1.1723 0.9958 1.3950 1.5740 -0.6568 0.5443 -0.6103 0.0184 -0.7218 1.2818 0.3727 -0.1681 -0.7739 -0.8422 0.4022 -1.1870 0.0159 -1.0747 -0.1928 -0.8103 -0.0162 -1.0855 0.4745 -0.5853 0.6884 -1.2635 0.2615 -1.5980 -0.3622 -1.7219 0.2371 -0.5156 -0.0012 -0.8243 1.1000
1.4772 0.9061 0.9348 -1.0013 -1.1342 -0.6568 0.5836 -0.6103 2.0372 -0.7862 1.2818 0.0861 0.2078 1.0467 -1.2980 0.3229 0.0149 1.3492 -0.0241 0.7414 0.4949 0.6975 0.7662 -0.0369 0.2516 1.8726 -0.6499 1.3220 -1.1614 2.0795 -0.9796 1.6561 -0.0980 0.9193 -0.0275 1.1000
-0.6199 1.0994 1.2041 -1.5351 -1.1442 -0.6568 -0.6600 -0.6103 -0.6155 -0.7987 -0.8051 -1.6717 -0.2894 -0.0540 -1.3312 0.7463 -0.0732 0.7758 -0.4542 0.9042 -1.1213 0.6735 0.0624 -2.0370 -0.1435 0.2112 0.2814 0.3809 0.1724 0.7358 -0.0813 0.3006 -0.5684 0.0825 -0.0557 1.1000
1.4910 1.2109 1.1536 0.5966 0.6715 -0.6568 -0.6600 -0.6103 -0.6155 -0.7909 -0.7974 0.8801 -0.3158 0.7556 0.6867 1.4427 0.1590 0.8856 -0.4433 1.0646 -0.1234 2.3858 0.3528 0.2977 0.2450 1.1161 -0.0955 0.5370 -0.7504 0.1721 -0.9803 0.2409 -1.0818 0.2893 -0.1431 1.1000
1.5049 0.9921 -0.5471 1.4070 -0.0013 0.6132 -0.6600 1.0267 -0.6155 1.2938 -0.8020 0.1957 1.5118 0.5390 0.8730 0.8578 0.4461 0.6415 0.4274 0.0808 0.0839 -0.2138 -0.1040 0.2229 0.4646 -0.1917 -0.0236 0.8683 -0.5657 0.2921 -0.4825 -0.0905 0.6224 -0.2543 -0.4990 1.1000
-0.6228 1.1324 -0.8324 -0.7901 -0.7543 -0.6568 -0.6600 -0.6103 -0.6155 -0.7972 -0.8036 0.5964 -1.6726 0.8698 -1.4302 0.8765 -0.0873 0.4946 0.5028 0.3231 0.5856 0.2180 0.4498 0.6845 -1.7638 0.6232 0.2890 0.0521 -0.1605 -0.0468 -0.0533 -0.4295 1.2770 -0.2285 0.6476 1.1000
-0.7537 -1.0803 -0.9732 -0.8096 -0.9178 -0.6568 0.5472 -0.6103 0.1863 -0.7266 1.2818 0.0561 -0.7624 -0.6039 0.3675 -1.0543 0.4630 -0.5212 0.1996 -1.0267 -0.2234 -0.8530 -0.8721 0.1016 -0.9114 0.5874 -0.4555 0.0388 -0.8808 -0.5389 -1.0738 0.4311 -0.8128 0.1436 -0.8301 1.1000
-0.7159 -1.0406 -0.9555 1.3756 -0.7605 -0.6568 1.7793 -0.6103 2.7490 -0.7470 1.3694 0.3885 -0.6403 -0.6577 -0.7071 -1.3299 0.0519 -2.4299 -0.4122 -0.8900 -0.1948 -0.4375 -1.2753 0.1863 -1.9241 -0.5059 -3.3280 -0.7619 0.9244 -0.2381 0.3765 0.0973 -7.1000 -0.1243 0.8785 1.1000
-0.7363 1.0929 -1.0808 -1.4041 -1.6276 -0.6568 -0.6600 -0.6103 -0.6155 -0.7360 -0.7430 -0.5689 0.6715 0.2130 -0.5440 -0.0158 -1.0788 -0.9952 -0.0259 -1.5429 0.2750 -2.5352 -0.6632 -0.2883 0.1188 0.7103 -0.6630 2.3854 -0.9456 1.9655 -1.3307 -0.3460 -1.6456 -5.3293 -1.3962 -1.1000
-0.7624 -1.0043 -0.7691 1.2174 0.8191 1.2831 -0.6600 1.1642 -0.6155 1.3804 -0.7290 -0.2542 -1.7230 -1.1293 -0.6469 -0.9580 0.0419 -0.9071 -0.6177 -1.4509 -1.3571 -1.2911 -1.0348 -0.2035 -1.9276 -0.3513 1.1437 -0.1786 0.5477 -0.7895 -0.0070 -0.8173 -0.5779 -1.0661 -0.4729 -1.1000
-0.7683 1.0308 1.1009 -0.6017 -0.7611 -0.6568 -0.6600 -0.6103 -0.6155 -0.7187 -0.7259 -1.7255 0.3659 0.3743 -0.8893 -0.8730 -1.8834 -0.4213 -1.4781 -0.3475 -1.7868 0.1528 -1.4593 -1.7796 1.2017 -0.0716 0.6839 -0.3840 0.1147 0.6375 -0.4386 1.2405 -0.1474 0.6227 -6.7417 -1.0000
-0.6606 -0.9766 -1.0851 0.0012 -1.1696 1.3374 -0.6600 1.0867 -0.6155 1.2938 -0.7834 -0.8557 -0.3673 -1.4633 1.3468 -0.2937 0.3869 -0.6633 0.4527 -0.6651 0.8931 -0.1126 0.8226 -0.7343 1.1167 -1.2463 2.6552 -0.5637 2.1737 -0.8538 1.6734 -0.2888 1.1058 -0.2209 1.1537 -1.1000
-0.7421 -1.1162 0.6492 -0.1506 -0.1729 -0.6568 1.2594 -0.6103 0.0219 -0.7328 1.2818 -1.8255 -0.4242 -1.4490 -1.1149 -1.0479 0.7401 -0.4873 0.1810 -0.3605 -0.4933 -0.4839 -1.2494 0.2419 0.6216 0.8764 0.3558 2.4214 0.2149 1.9434 -0.4304 1.5043 -0.5768 0.7144 -0.5247 -1.0000
-0.6315 -0.6711 1.0566 -1.4475 0.4093 1.3529 0.5874 0.0528 -0.2014 1.3835 1.2818 -1.3455 0.2176 -1.3368 -0.9988 -0.9033 -0.7873 -0.4588 -1.0300 -0.4309 -1.5499 -0.7977 -0.3072 -2.2445 -0.5404 -1.2365 -1.2510 -1.9370 1.2062 -1.3801 1.6316 -0.9636 1.0944 -0.2302 0.4980 -1.1000
-0.6693 -0.8372 0.8894 0.5371 0.6043 0.5985 -0.6600 0.8226 -0.6155 1.2938 -0.7787 -1.4315 0.2012 -1.3456 -0.6383 -1.1445 -0.7213 -0.9168 -0.6223 -1.1232 -1.6609 -1.0124 -1.7923 -0.1191 -0.1160 -1.0644 0.7769 -1.6032 0.2826 -1.3421 -0.3103 -0.6541 -0.6456 0.8727 -0.6815 -1.1000
-0.7770 -0.4203 0.9364 0.6907 0.7780 0.5622 -0.6600 0.0275 -0.6155 1.2938 -0.7212 -1.8372 0.1808 -1.5796 -0.1848 -0.7696 -0.7896 -1.3465 -0.6683 -0.1948 -0.6110 -0.8778 -0.9236 -1.7806 -0.7645 -0.2046 0.0753 -0.5449 -0.3614 -0.2609 -0.9734 0.5116 -1.2302 0.7514 -0.7339 -1.1000
1.3066 -1.0470 -1.0611 -0.6304 -0.9185 -0.6568 2.9644 -0.6103 3.2162 -0.7281 1.4193 -0.1184 1.4067 0.5707 0.3254 -0.9384 0.3026 -1.1292 0.5107 -1.1224 0.3495 -1.1811 0.2896 1.6035 -1.6417 1.1432 -3.2204 0.5316 -0.8892 -0.0614 -0.9247 -0.5311 -1.0730 -0.2151 0.9175 1.1000
-0.6752 -1.0135 1.1896 -1.4677 -1.2188 -0.6568 -0.6600 -0.6103 -0.6155 -0.7689 -0.7756 -2.5973 0.1242 -0.9457 -0.1434 0.3547 0.9977 0.7904 0.5023 1.6343 0.4322 1.5733 0.2962 -2.2445 0.9146 -0.4667 0.2501 -1.0640 0.0983 0.0837 -0.5133 0.0835 1.2310 0.2684 0.4095 1.1000
-0.7246 1.2142 1.0441 0.9132 1.0294 -0.6568 0.5568 -0.6103 1.0359 -0.7422 1.2818 0.0014 -1.7093 1.4943 -0.6762 0.5482 -1.6025 -0.5333 -0.0155 0.2366 -0.4807 -0.0664 -0.6309 0.0046 -1.2324 -0.2475 0.0098 -0.0607 -0.5447 -0.6039 1.9485 -0.3445 1.5160 -0.5801 0.8877 0.4000
-0.7363 0.8710 1.1673 0.1533 0.1706 2.5297 -0.6600 0.4415 -0.6155 1.2938 -0.7430 0.0192 -2.6061 -0.8385 -1.1819 -0.0458 -0.3164 -0.0671 -1.2300 0.2092 -1.7713 0.7672 -1.0669 -0.1772 -0.5408 -0.7346 1.2686 -0.9969 0.6524 -1.2549 0.0539 -1.2017 -0.5591 -0.1169 0.9422 1.0000
-0.6199 -1.1488 -0.8803 -0.8980 -1.0174 -0.6568 -0.6600 -0.6103 -0.6155 -0.7987 -0.8051 -0.3758 -1.0202 -0.4764 0.6378 -0.6120 1.2113 0.0152 0.7638 0.7156 1.0778 0.5320 1.3701 0.3523 -0.8007 -0.4896 0.1504 0.3482 -0.0630 -0.1151 0.2647 0.0593 0.7513 -0.1257 1.2298 1.0000
-0.6868 -0.9571 1.2371 0.8217 0.9259 -0.6568 0.5692 -0.6103 -0.2074 -0.7626 1.2818 0.0596 0.0714 0.4071 -0.6311 0.0602 0.5781 2.3147 0.3714 1.7066 -0.1041 1.1431 0.5949 0.5450 -0.5539 -0.2301 -1.2927 -0.9808 -2.0906 -1.5862 -2.1681 -0.9911 -2.4592 -0.9370 1.1424 -0.3000
1.5233 -1.0766 -1.0587 -0.5211 -0.5915 0.6171 0.5931 0.8436 -0.1996 1.3839 1.2818 0.4408 0.7878 0.7569 0.0928 0.8595 1.6258 0.9864 1.4296 0.1989 1.3335 0.6110 1.1783 -0.0059 0.5198 3.6906 -0.0933 3.3068 -0.5421 2.8784 -0.8224 2.3276 -1.2276 1.4168 -1.0332 1.0000
1.3804 0.8334 0.7497 1.5692 1.1508 0.5867 -0.6600 0.8094 -0.6155 1.2938 -0.7601 0.7445 0.3631 0.3482 -0.0454 0.8475 0.6645 0.0036 0.5621 0.1900 0.0771 0.3350 -0.0951 0.0064 0.6910 -0.9111 0.0241 0.7597 -0.5516 0.1830 -1.1469 -0.1770 0.1439 1.2994 -0.2299 1.0000
-0.7624 1.1723 0.9958 1.3950 1.5740 -0.6568 0.5443 -0.6103 0.0184 -0.7218 1.2818 0.3727 -0.1681 -0.7739 -0.8422 0.4022 -1.1870 0.0159 -1.0747 -0.1928 -0.8103 -0.0162 -1.0855 0.4745 -0.5853 0.6884 -1.2635 0.2615 -1.5980 -0.3622 -1.7219 0.2371 -0.5156 -0.0012 -0.8243 -1.1000
1.4772 0.9061 0.9348 -1.0013 -1.1342 -0.6568 0.5836 -0.6103 2.0372 -0.7862 1.2818 0.0861 0.2078 1.0467 -1.2980 0.3229 0.0149 1.3492 -0.0241 0.7414 0.4949 0.6975 0.7662 -0.0369 0.2516 1.8726 -0.6499 1.3220 -1.1614 2.0795 -0.9796 1.6561 -0.0980 0.9193 -0.0275 -1.0000
-0.6199 1.0994 1.2041 -1.5351 -1.1442 -0.6568 -0.6600 -0.6103 -0.6155 -0.7987 -0.8051 -1.6717 -0.2894 -0.0540 -1.3312 0.7463 -0.0732 0.7758 -0.4542 0.9042 -1.1213 0.6735 0.0624 -2.0370 -0.1435 0.2112 0.2814 0.3809 0.1724 0.7358 -0.0813 0.3006 -0.5684 0.0825 -0.0557 1.1000
1.4910 1.2109 1.1536 0.5966 0.6715 -0.6568 -0.6600 -0.6103 -0.6155 -0.7909 -0.7974 0.8801 -0.3158 0.7556 0.6867 1.4427 0.1590 0.8856 -0.4433 1.0646 -0.1234 2.3858 0.3528 0.2977 0.2450 1.1161 -0.0955 0.5370 -0.7504 0.1721 -0.9803 0.2409 -1.0818 0.2893 -0.1431 1.1000
1.5049 0.9921 -0.5471 1.4070 -0.0013 0.6132 -0.6600 1.0267 -0.6155 1.2938 -0.8020 0.1957 1.5118 0.5390 0.8730 0.8578 0.4461 0.6415 0.4274 0.0808 0.0839 -0.2138 -0.1040 0.2229 0.4646 -0.1917 -0.0236 0.8683 -0.5657 0.2921 -0.4825 -0.0905 0.6224 -0.2543 -0.4990 1.0000
-0.6228 1.1324 -0.8324 -0.7901 -0.7543 -0.6568 -0.6600 -0.6103 -0.6155 -0.7972 -0.8036 0.5964 -1.6726 0.8698 -1.4302 0.8765 -0.0873 0.4946 0.5028 0.3231 0.5856 0.2180 0.4498 0.6845 -1.7638 0.6232 0.2890 0.0521 -0.1605 -0.0468 -0.0533 -0.4295 1.2770 -0.2285 0.6476 1.1000
-0.7537 -1.0803 -0.9732 -0.8096 -0.9178 -0.6568 0.5472 -0.6103 0.1863 -0.7266 1.2818 0.0561 -0.7624 -0.6039 0.3675 -1.0543 0.4630 -0.5212 0.1996 -1.0267 -0.2234 -0.8530 -0.8721 0.1016 -0.9114 0.5874 -0.4555 0.0388 -0.8808 -0.5389 -1.0738 0.4311 -0.8128 0.1436 -0.8301 1.1000
-0.7159 -1.0406 -0.9555 1.3756 -0.7605 -0.6568 1.7793 -0.6103 2.7490 -0.7470 1.3694 0.3885 -0.6403 -0.6577 -0.7071 -1.3299 0.0519 -2.4299 -0.4122 -0.8900 -0.1948 -0.4375 -1.2753 0.1863 -1.9241 -0.5059 -3.3280 -0.7619 0.9244 -0.2381 0.3765 0.0973 -7.1000 -0.1243 0.8785 1.1000
-0.7363 1.0929 -1.0808 -1.4041 -1.6276 -0.6568 -0.6600 -0.6103 -0.6155 -0.7360 -0.7430 -0.5689 0.6715 0.2130 -0.5440 -0.0158 -1.0788 -0.9952 -0.0259 -1.5429 0.2750 -2.5352 -0.6632 -0.2883 0.1188 0.7103 -0.6630 2.3854 -0.9456 1.9655 -1.3307 -0.3460 -1.6456 -5.3293 -1.3962 1.1000
-0.7624 -1.0043 -0.7691 1.2174 0.8191 1.2831 -0.6600 1.1642 -0.6155 1.3804 -0.7290 -0.2542 -1.7230 -1.1293 -0.6469 -0.9580 0.0419 -0.9071 -0.6177 -1.4509 -1.3571 -1.2911 -1.0348 -0.2035 -1.9276 -0.3513 1.1437 -0.1786 0.5477 -0.7895 -0.0070 -0.8173 -0.5779 -1.0661 -0.4729 -1.1000
-0.7683 1.0308 1.1009 -0.6017 -0.7611 -0.6568 -0.6600 -0.6103 -0.6155 -0.7187 -0.7259 -1.7255 0.3659 0.3743 -0.8893 -0.8730 -1.8834 -0.4213 -1.4781 -0.3475 -1.7868 0.1528 -1.4593 -1.7796 1.2017 -0.0716 0.6839 -0.3840 0.1147 0.6375 -0.4386 1.2405 -0.1474 0.6227 -6.7417 1.1000
-0.6606 -0.9766 -1.0851 0.0012 -1.1696 1.3374 -0.6600 1.0867 -0.6155 1.2938 -0.7834 -0.8557 -0.3673 -1.4633 1.3468 -0.2937 0.3869 -0.6633 0.4527 -0.6651 0.8931 -0.1126 0.8226 -0.7343 1.1167 -1.2463 2.6552 -0.5637 2.1737 -0.8538 1.6734 -0.2888 1.1058 -0.2209 1.1537 -1.1000
-0.7421 -1.1162 0.6492 -0.1506 -0.1729 -0.6568 1.2594 -0.6103 0.0219 -0.7328 1.2818 -1.8255 -0.4242 -1.4490 -1.1149 -1.0479 0.7401 -0.4873 0.1810 -0.3605 -0.4933 -0.4839 -1.2494 0.2419 0.6216 0.8764 0.3558 2.4214 0.2149 1.9434 -0.4304 1.5043 -0.5768 0.7144 -0.5247 0.3000
-0.6315 -0.6711 1.0566 -1.4475 0.4093 1.3529 0.5874 0.0528 -0.2014 1.3835 1.2818 -1.3455 0.2176 -1.3368 -0.9988 -0.9033 -0.7873 -0.4588 -1.0300 -0.4309 -1.5499 -0.7977 -0.3072 -2.2445 -0.5404 -1.2365 -1.2510 -1.9370 1.2062 -1.3801 1.6316 -0.9636 1.0944 -0.2302 0.4980 -1.1000
-0.6693 -0.8372 0.8894 0.5371 0.6043 0.5985 -0.6600 0.8226 -0.6155 1.2938 -0.7787 -1.4315 0.2012 -1.3456 -0.6383 -1.1445 -0.7213 -0.9168 -0.6223 -1.1232 -1.6609 -1.0124 -1.7923 -0.1191 -0.1160 -1.0644 0.7769 -1.6032 0.2826 -1.3421 -0.3103 -0.6541 -0.6456 0.8727 -0.6815 1.1000
-0.7770 -0.4203 0.9364 0.6907 0.7780 0.5622 -0.6600 0.0275 -0.6155 1.2938 -0.7212 -1.8372 0.1808 -1.5796 -0.1848 -0.7696 -0.7896 -1.3465 -0.6683 -0.1948 -0.6110 -0.8778 -0.9236 -1.7806 -0.7645 -0.2046 0.0753 -0.5449 -0.3614 -0.2609 -0.9734 0.5116 -1.2302 0.7514 -0.7339 -1.1000
1.3066 -1.0470 -1.0611 -0.6304 -0.9185 -0.6568 2.9644 -0.6103 3.2162 -0.7281 1.4193 -0.1184 1.4067 0.5707 0.3254 -0.9384 0.3026 -1.1292 0.5107 -1.1224 0.3495 -1.1811 0.2896 1.6035 -1.6417 1.1432 -3.2204 0.5316 -0.8892 -0.0614 -0.9247 -0.5311 -1.0730 -0.2151 0.9175 1.1000
-0.6752 -1.0135 1.1896 -1.4677 -1.2188 -0.6568 -0.6600 -0.6103 -0.6155 -0.7689 -0.7756 -2.5973 0.1242 -0.9457 -0.1434 0.3547 0.9977 0.7904 0.5023 1.6343 0.4322 1.5733 0.2962 -2.2445 0.9146 -0.4667 0.2501 -1.0640 0.0983 0.0837 -0.5133 0.0835 1.2310 0.2684 0.4095 1.1000
-0.7246 1.2142 1.0441 0.9132 1.0294 -0.6568 0.5568 -0.6103 1.0359 -0.7422 1.2818 0.0014 -1.7093 1.4943 -0.6762 0.5482 -1.6025 -0.5333 -0.0155 0.2366 -0.4807 -0.0664 -0.6309 0.0046 -1.2324 -0.2475 0.0098 -0.0607 -0.5447 -0.6039 1.9485 -0.3445 1.5160 -0.5801 0.8877 0.6000
-0.7363 0.8710 1.1673 0.1533 0.1706 2.5297 -0.6600 0.4415 -0.6155 1.2938 -0.7430 0.0192 -2.6061 -0.8385 -1.1819 -0.0458 -0.3164 -0.0671 -1.2300 0.2092 -1.7713 0.7672 -1.0669 -0.1772 -0.5408 -0.7346 1.2686 -0.9969 0.6524 -1.2549 0.0539 -1.2017 -0.5591 -0.1169 0.9422 1.0000
-0.6199 -1.1488 -0.8803 -0.8980 -1.0174 -0.6568 -0.6600 -0.6103 -0.6155 -0.7987 -0.8051 -0.3758 -1.0202 -0.4764 0.6378 -0.6120 1.2113 0.0152 0.7638 0.7156 1.0778 0.5320 1.3701 0.3523 -0.8007 -0.4896 0.1504 0.3482 -0.0630 -0.1151 0.2647 0.0593 0.7513 -0.1257 1.2298 1.1000
-0.6868 -0.9571 1.2371 0.8217 0.9259 -0.6568 0.5692 -0.6103 -0.2074 -0.7626 1.2818 0.0596 0.0714 0.4071 -0.6311 0.0602 0.5781 2.3147 0.3714 1.7066 -0.1041 1.1431 0.5949 0.5450 -0.5539 -0.2301 -1.2927 -0.9808 -2.0906 -1.5862 -2.1681 -0.9911 -2.4592 -0.9370 1.1424 1.0000
1.5233 -1.0766 -1.0587 -0.5211 -0.5915 0.6171 0.5931 0.8436 -0.1996 1.3839 1.2818 0.4408 0.7878 0.7569 0.0928 0.8595 1.6258 0.9864 1.4296 0.1989 1.3335 0.6110 1.1783 -0.0059 0.5198 3.6906 -0.0933 3.3068 -0.5421 2.8784 -0.8224 2.3276 -1.2276 1.4168 -1.0332 -1.1000
1.3804 0.8334 0.7497 1.5692 1.1508 0.5867 -0.6600 0.8094 -0.6155 1.2938 -0.7601 0.7445 0.3631 0.3482 -0.0454 0.8475 0.6645 0.0036 0.5621 0.1900 0.0771 0.3350 -0.0951 0.0064 0.6910 -0.9111 0.0241 0.7597 -0.5516 0.1830 -1.1469 -0.1770 0.1439 1.2994 -0.2299 -1.1000
-0.7624 1.1723 0.9958 1.3950 1.5740 -0.6568 0.5443 -0.6103 0.0184 -0.7218 1.2818 0.3727 -0.1681 -0.7739 -0.8422 0.4022 -1.1870 0.0159 -1.0747 -0.1928 -0.8103 -0.0162 -1.0855 0.4745 -0.5853 0.6884 -1.2635 0.2615 -1.5980 -0.3622 -1.7219 0.2371 -0.5156 -0.0012 -0.8243 -1.0000
1.4772 0.9061 0.9348 -1.0013 -1.1342 -0.6568 0.5836 -0.6103 2.0372 -0.7862 1.2818 0.0861 0.2078 1.0467 -1.2980 0.3229 0.0149 1.3492 -0.0241 0.7414 0.4949 0.6975 0.7662 -0.0369 0.2516 1.8726 -0.6499 1.3220 -1.1614 2.0795 -0.9796 1.6561 -0.0980 0.9193 -0.0275 -1.1000
-0.6199 1.0994 1.2041 -1.5351 -1.1442 -0.6568 -0.6600 -0.6103 -0.6155 -0.7987 -0.8051 -1.6717 -0.2894 -0.0540 -1.3312 0.7463 -0.0732 0.7758 -0.4542 0.9042 -1.1213 0.6735 0.0624 -2.0370 -0.1435 0.2112 0.2814 0.3809 0.1724 0.7358 -0.0813 0.3006 -0.5684 0.0825 -0.0557 -1.1000
1.4910 1.2109 1.1536 0.5966 0.6715 -0.6568 -0.6600 -0.6103 -0.6155 -0.7909 -0.7974 0.8801 -0.3158 0.7556 0.6867 1.4427 0.1590 0.8856 -0.4433 1.0646 -0.1234 2.3858 0.3528 0.2977 0.2450 1.1161 -0.0955 0.5370 -0.7504 0.1721 -0.9803 0.2409 -1.0818 0.2893 -0.1431 1.1000
1.5049 0.9921 -0.5471 1.4070 -0.0013 0.6132 -0.6600 1.0267 -0.6155 1.2938 -0.8020 0.1957 1.5118 0.5390 0.8730 0.8578 0.4461 0.6415 0.4274 0.0808 0.0839 -0.2138 -0.1040 0.2229 0.4646 -0.1917 -0.0236 0.8683 -0.5657 0.2921 -0.4825 -0.0905 0.6224 -0.2543 -0.4990 1.0000
-0.6228 1.1324 -0.8324 -0.7901 -0.7543 -0.6568 -0.6600 -0.6103 -0.6155 -0.7972 -0.8036 0.5964 -1.6726 0.8698 -1.4302 0.8765 -0.0873 0.4946 0.5028 0.3231 0.5856 0.2180 0.4498 0.6845 -1.7638 0.6232 0.2890 0.0521 -0.1605 -0.0468 -0.0533 -0.4295 1.2770 -0.2285 0.6476 1.1000
-0.7537 -1.0803 -0.9732 -0.8096 -0.9178 -0.6568 0.5472 -0.6103 0.1863 -0.7266 1.2818 0.0561 -0.7624 -0.6039 0.3675 -1.0543 0.4630 -0.5212 0.1996 -1.0267 -0.2234 -0.8530 -0.8721 0.1016 -0.9114 0.5874 -0.4555 0.0388 -0.8808 -0.5389 -1.0738 0.4311 -0.8128 0.1436 -0.8301 1.1000
-0.7159 -1.0406 -0.9555 1.3756 -0.7605 -0.6568 1.7793 -0.6103 2.7490 -0.7470 1.3694 0.3885 -0.6403 -0.6577 -0.7071 -1.3299 0.0519 -2.4299 -0.4122 -0.8900 -0.1948 -0.4375 -1.2753 0.1863 -1.9241 -0.5059 -3.3280 -0.7619 0.9244 -0.2381 0.3765 0.0973 -7.1000 -0.1243 0.8785 1.1000
-0.7363 1.0929 -1.0808 -1.4041 -1.6276 -0.6568 -0.6600 -0.6103 -0.6155 -0.7360 -0.7430 -0.5689 0.6715 0.2130 -0.5440 -0.0158 -1.0788 -0.9952 -0.0259 -1.5429 0.2750 -2.5352 -0.6632 -0.2883 0.1188 0.7103 -0.6630 2.3854 -0.9456 1.9655 -1.3307 -0.3460 -1.6456 -5.3293 -1.3962 1.1000
-0.7624 -1.0043 -0.7691 1.2174 0.8191 1.2831 -0.6600 1.1642 -0.6155 1.3804 -0.7290 -0.2542 -1.7230 -1.1293 -0.6469 -0.9580 0.0419 -0.9071 -0.6177 -1.4509 -1.3571 -1.2911 -1.0348 -0.2035 -1.9276 -0.3513 1.1437 -0.1786 0.5477 -0.7895 -0.0070 -0.8173 -0.5779 -1.0661 -0.4729 1.0000
-0.7683 1.0308 1.1009 -0.6017 -0.7611 -0.6568 -0.6600 -0.6103 -0.6155 -0.7187 -0.7259 -1.7255 0.3659 0.3743 -0.8893 -0.8730 -1.8834 -0.4213 -1.4781 -0.3475 -1.7868 0.1528 -1.4593 -1.7796 1.2017 -0.0716 0.6839 -0.3840 0.1147 0.6375 -0.4386 1.2405 -0.1474 0.6227 -6.7417 1.1000
-0.6606 -0.9766 -1.0851 0.0012 -1.1696 1.3374 -0.6600 1.0867 -0.6155 1.2938 -0.7834 -0.8557 -0.3673 -1.4633 1.3468 -0.2937 0.3869 -0.6633 0.4527 -0.6651 0.8931 -0.1126 0.8226 -0.7343 1.1167 -1.2463 2.6552 -0.5637 2.1737 -0.8538 1.6734 -0.2888 1.1058 -0.2209 1.1537 0.9000
-0.7421 -1.1162 0.6492 -0.1506 -0.1729 -0.6568 1.2594 -0.6103 0.0219 -0.7328 1.2818 -1.8255 -0.4242 -1.4490 -1.1149 -1.0479 0.7401 -0.4873 0.1810 -0.3605 -0.4933 -0.4839 -1.2494 0.2419 0.6216 0.8764 0.3558 2.4214 0.2149 1.9434 -0.4304 1.5043 -0.5768 0.7144 -0.5247 -1.1000
-0.6315 -0.6711 1.0566 -1.4475 0.4093 1.3529 0.5874 0.0528 -0.2014 1.3835 1.2818 -1.3455 0.2176 -1.3368 -0.9988 -0.9033 -0.7873 -0.4588 -1.0300 -0.4309 -1.5499 -0.7977 -0.3072 -2.2445 -0.5404 -1.2365 -1.2510 -1.9370 1.2062 -1.3801 1.6316 -0.9636 1.0944 -0.2302 0.4980 0.9000
-0.6693 -0.8372 0.8894 0.5371 0.6043 0.5985 -0.6600 0.8226 -0.6155 1.2938 -0.7787 -1.4315 0.2012 -1.3456 -0.6383 -1.1445 -0.7213 -0.9168 -0.6223 -1.1232 -1.6609 -1.0124 -1.7923 -0.1191 -0.1160 -1.0644 0.7769 -1.6032 0.2826 -1.3421 -0.3103 -0.6541 -0.6456 0.8727 -0.6815 1.1000
-0.7770 -0.4203 0.9364 0.6907 0.7780 0.5622 -0.6600 0.0275 -0.6155 1.2938 -0.7212 -1.8372 0.1808 -1.5796 -0.1848 -0.7696 -0.7896 -1.3465 -0.6683 -0.1948 -0.6110 -0.8778 -0.9236 -1.7806 -0.7645 -0.2046 0.0753 -0.5449 -0.3614 -0.2609 -0.9734 0.5116 -1.2302 0.7514 -0.7339 1.1000
1.3066 -1.0470 -1.0611 -0.6304 -0.9185 -0.6568 2.9644 -0.6103 3.2162 -0.7281 1.4193 -0.1184 1.4067 0.5707 0.3254 -0.9384 0.3026 -1.1292 0.5107 -1.1224 0.3495 -1.1811 0.2896 1.6035 -1.6417 1.1432 -3.2204 0.5316 -0.8892 -0.0614 -0.9247 -0.5311 -1.0730 -0.2151 0.9175 1.1000
-0.6752 -1.0135 1.1896 -1.4677 -1.2188 -0.6568 -0.6600 -0.6103 -0.6155 -0.7689 -0.7756 -2.5973 0.1242 -0.9457 -0.1434 0.3547 0.9977 0.7904 0.5023 1.6343 0.4322 1.5733 0.2962 -2.2445 0.9146 -0.4667 0.2501 -1.0640 0.0983 0.0837 -0.5133 0.0835 1.2310 0.2684 0.4095 1.1000
-0.7246 1.2142 1.0441 0.9132 1.0294 -0.6568 0.5568 -0.6103 1.0359 -0.7422 1.2818 0.0014 -1.7093 1.4943 -0.6762 0.5482 -1.6025 -0.5333 -0.0155 0.2366 -0.4807 -0.0664 -0.6309 0.0046 -1.2324 -0.2475 0.0098 -0.0607 -0.5447 -0.6039 1.9485 -0.3445 1.5160 -0.5801 0.8877 0.4000
-0.7363 0.8710 1.1673 0.1533 0.1706 2.5297 -0.6600 0.4415 -0.6155 1.2938 -0.7430 0.0192 -2.6061 -0.8385 -1.1819 -0.0458 -0.3164 -0.0671 -1.2300 0.2092 -1.7713 0.7672 -1.0669 -0.1772 -0.5408 -0.7346 1.2686 -0.9969 0.6524 -1.2549 0.0539 -1.2017 -0.5591 -0.1169 0.9422 1.1000
-0.6199 -1.1488 -0.8803 -0.8980 -1.0174 -0.6568 -0.6600 -0.6103 -0.6155 -0.7987 -0.8051 -0.3758 -1.0202 -0.4764 0.6378 -0.6120 1.2113 0.0152 0.7638 0.7156 1.0778 0.5320 1.3701 0.3523 -0.8007 -0.4896 0.1504 0.3482 -0.0630 -0.1151 0.2647 0.0593 0.7513 -0.1257 1.2298 1.1000
-0.6868 -0.9571 1.2371 0.8217 0.9259 -0.6568 0.5692 -0.6103 -0.2074 -0.7626 1.2818 0.0596 0.0714 0.4071 -0.6311 0.0602 0.5781 2.3147 0.3714 1.7066 -0.1041 1.1431 0.5949 0.5450 -0.5539 -0.2301 -1.2927 -0.9808 -2.0906 -1.5862 -2.1681 -0.9911 -2.4592 -0.9370 1.1424 -0.9000
1.5233 -1.0766 -1.0587 -0.5211 -0.5915 0.6171 0.5931 0.8436 -0.1996 1.3839 1.2818 0.4408 0.7878 0.7569 0.0928 0.8595 1.6258 0.9864 1.4296 0.1989 1.3335 0.6110 1.1783 -0.0059 0.5198 3.6906 -0.0933 3.3068 -0.5421 2.8784 -0.8224 2.3276 -1.2276 1.4168 -1.0332 1.0000
1.3804 0.8334 0.7497 1.5692 1.1508 0.5867 -0.6600 0.8094 -0.6155 1.2938 -0.7601 0.7445 0.3631 0.3482 -0.0454 0.8475 0.6645 0.0036 0.5621 0.1900 0.0771 0.3350 -0.0951 0.0064 0.6910 -0.9111 0.0241 0.7597 -0.5516 0.1830 -1.1469 -0.1770 0.1439 1.2994 -0.2299 -1.1000
-0.7624 1.1723 0.9958 1.3950 1.5740 -0.6568 0.5443 -0.6103 0.0184 -0.7218 1.2818 0.3727 -0.1681 -0.7739 -0.8422 0.4022 -1.1870 0.0159 -1.0747 -0.1928 -0.8103 -0.0162 -1.0855 0.4745 -0.5853 0.6884 -1.2635 0.2615 -1.5980 -0.3622 -1.7219 0.2371 -0.5156 -0.0012 -0.8243 -1.1000
1.4772 0.9061 0.9348 -1.0013 -1.1342 -0.6568 0.5836 -0.6103 2.0372 -0.7862 1.2818 0.0861 0.2078 1.0467 -1.2980 0.3229 0.0149 1.3492 -0.0241 0.7414 0.4949 0.6975 0.7662 -0.0369 0.2516 1.8726 -0.6499 1.3220 -1.1614 2.0795 -0.9796 1.6561 -0.0980 0.9193 -0.0275 -0.8000
-0.6199 1.0994 1.2041 -1.5351 -1.1442 -0.6568 -0.6600 -0.6103 -0.6155 -0.7987 -0.8051 -1.6717 -0.2894 -0.0540 -1.3312 0.7463 -0.0732 0.7758 -0.4542 0.9042 -1.1213 0.6735 0.0624 -2.0370 -0.1435 0.2112 0.2814 0.3809 0.1724 0.7358 -0.0813 0.3006 -0.5684 0.0825 -0.0557 1.1000
1.4910 1.2109 1.1536 0.5966 0.6715 -0.6568 -0.6600 -0.6103 -0.6155 -0.7909 -0.7974 0.8801 -0.3158 0.7556 0.6867 1.4427 0.1590 0.8856 -0.4433 1.0646 -0.1234 2.3858 0.3528 0.2977 0.2450 1.1161 -0.0955 0.5370 -0.7504 0.1721 -0.9803 0.2409 -1.0818 0.2893 -0.1431 1.0000
1.5049 0.9921 -0.5471 1.4070 -0.0013 0.6132 -0.6600 1.0267 -0.6155 1.2938 -0.8020 0.1957 1.5118 0.5390 0.8730 0.8578 0.4461 0.6415 0.4274 0.0808 0.0839 -0.2138 -0.1040 0.2229 0.4646 -0.1917 -0.0236 0.8683 -0.5657 0.2921 -0.4825 -0.0905 0.6224 -0.2543 -0.4990 1.1000
-0.6228 1.1324 -0.8324 -0.7901 -0.7543 -0.6568 -0.6600 -0.6103 -0.6155 -0.7972 -0.8036 0.5964 -1.6726 0.8698 -1.4302 0.8765 -0.0873 0.4946 0.5028 0.3231 0.5856 0.2180 0.4498 0.6845 -1.7638 0.6232 0.2890 0.0521 -0.1605 -0.0468 -0.0533 -0.4295 1.2770 -0.2285 0.6476 1.1000
-0.7537 -1.0803 -0.9732 -0.8096 -0.9178 -0.6568 0.5472 -0.6103 0.1863 -0.7266 1.2818 0.0561 -0.7624 -0.6039 0.3675 -1.0543 0.4630 -0.5212 0.1996 -1.0267 -0.2234 -0.8530 -0.8721 0.1016 -0.9114 0.5874 -0.4555 0.0388 -0.8808 -0.5389 -1.0738 0.4311 -0.8128 0.1436 -0.8301 1.1000
-0.7159 -1.0406 -0.9555 1.3756 -0.7605 -0.6568 1.7793 -0.6103 2.7490 -0.7470 1.3694 0.3885 -0.6403 -0.6577 -0.7071 -1.3299 0.0519 -2.4299 -0.4122 -0.8900 -0.1948 -0.4375 -1.2753 0.1863 -1.9241 -0.5059 -3.3280 -0.7619 0.9244 -0.2381 0.3765 0.0973 -7.1000 -0.1243 0.8785 1.1000
-0.7363 1.0929 -1.0808 -1.4041 -1.6276 -0.6568 -0.6600 -0.6103 -0.6155 -0.7360 -0.7430 -0.5689 0.6715 0.2130 -0.5440 -0.0158 -1.0788 -0.9952 -0.0259 -1.5429 0.2750 -2.5352 -0.6632 -0.2883 0.1188 0.7103 -0.6630 2.3854 -0.9456 1.9655 -1.3307 -0.3460 -1.6456 -5.3293 -1.3962 1.1000
-0.7624 -1.0043 -0.7691 1.2174 0.8191 1.2831 -0.6600 1.1642 -0.6155 1.3804 -0.7290 -0.2542 -1.7230 -1.1293 -0.6469 -0.9580 0.0419 -0.9071 -0.6177 -1.4509 -1.3571 -1.2911 -1.0348 -0.2035 -1.9276 -0.3513 1.1437 -0.1786 0.5477 -0.7895 -0.0070 -0.8173 -0.5779 -1.0661 -0.4729 -1.1000
-0.7683 1.0308 1.1009 -0.6017 -0.7611 -0.6568 -0.6600 -0.6103 -0.6155 -0.7187 -0.7259 -1.7255 0.3659 0.3743 -0.8893 -0.8730 -1.8834 -0.4213 -1.4781 -0.3475 -1.7868 0.1528 -1.4593 -1.7796 1.2017 -0.0716 0.6839 -0.3840 0.1147 0.6375 -0.4386 1.2405 -0.1474 0.6227 -6.7417 1.1000
-0.6606 -0.9766 -1.0851 0.0012 -1.1696 1.3374 -0.6600 1.0867 -0.6155 1.2938 -0.7834 -0.8557 -0.3673 -1.4633 1.3468 -0.2937 0.3869 -0.6633 0.4527 -0.6651 0.8931 -0.1126 0.8226 -0.7343 1.1167 -1.2463 2.6552 -0.5637 2.1737 -0.8538 1.6734 -0.2888 1.1058 -0.2209 1.1537 -1.1000
-0.7421 -1.1162 0.6492 -0.1506 -0.1729 -0.6568 1.2594 -0.6103 0.0219 -0.7328 1.2818 -1.8255 -0.4242 -1.4490 -1.1149 -1.0479 0.7401 -0.4873 0.1810 -0.3605 -0.4933 -0.4839 -1.2494 0.2419 0.6216 0.8764 0.3558 2.4214 0.2149 1.9434 -0.4304 1.5043 -0.5768 0.7144 -0.5247 -1.1000
-0.6315 -0.6711 1.0566 -1.4475 0.4093 1.3529 0.5874 0.0528 -0.2014 1.3835 1.2818 -1.3455 0.2176 -1.3368 -0.9988 -0.9033 -0.7873 -0.4588 -1.0300 -0.4309 -1.5499 -0.7977 -0.3072 -2.2445 -0.5404 -1.2365 -1.2510 -1.9370 1.2062 -1.3801 1.6316 -0.9636 1.0944 -0.2302 0.4980 0.9000
-0.6693 -0.8372 0.8894 0.5371 0.6043 0.5985 -0.6600 0.8226 -0.6155 1.2938 -0.7787 -1.4315 0.2012 -1.3456 -0.6383 -1.1445 -0.7213 -0.9168 -0.6223 -1.1232 -1.6609 -1.0124 -1.7923 -0.1191 -0.1160 -1.0644 0.7769 -1.6032 0.2826 -1.3421 -0.3103 -0.6541 -0.6456 0.8727 -0.6815 0.9000
-0.7770 -0.4203 0.9364 0.6907 0.7780 0.5622 -0.6600 0.0275 -0.6155 1.2938 -0.7212 -1.8372 0.1808 -1.5796 -0.1848 -0.7696 -0.7896 -1.3465 -0.6683 -0.1948 -0.6110 -0.8778 -0.9236 -1.7806 -0.7645 -0.2046 0.0753 -0.5449 -0.3614 -0.2609 -0.9734 0.5116 -1.2302 0.7514 -0.7339 0.8000
1.3066 -1.0470 -1.0611 -0.6304 -0.9185 -0.6568 2.9644 -0.6103 3.2162 -0.7281 1.4193 -0.1184 1.4067 0.5707 0.3254 -0.9384 0.3026 -1.1292 0.5107 -1.1224 0.3495 -1.1811 0.2896 1.6035 -1.6417 1.1432 -3.2204 0.5316 -0.8892 -0.0614 -0.9247 -0.5311 -1.0730 -0.2151 0.9175 1.1000
-0.6752 -1.0135 1.1896 -1.4677 -1.2188 -0.6568 -0.6600 -0.6103 -0.6155 -0.7689 -0.7756 -2.5973 0.1242 -0.9457 -0.1434 0.3547 0.9977 0.7904 0.5023 1.6343 0.4322 1.5733 0.2962 -2.2445 0.9146 -0.4667 0.2501 -1.0640 0.0983 0.0837 -0.5133 0.0835 1.2310 0.2684 0.4095 1.1000
-0.7246 1.2142 1.0441 0.9132 1.0294 -0.6568 0.5568 -0.6103 1.0359 -0.7422 1.2818 0.0014 -1.7093 1.4943 -0.6762 0.5482 -1.6025 -0.5333 -0.0155 0.2366 -0.4807 -0.0664 -0.6309 0.0046 -1.2324 -0.2475 0.0098 -0.0607 -0.5447 -0.6039 1.9485 -0.3445 1.5160 -0.5801 0.8877 -0.9000
-0.7363 0.8710 1.1673 0.1533 0.1706 2.5297 -0.6600 0.4415 -0.6155 1.2938 -0.7430 0.0192 -2.6061 -0.8385 -1.1819 -0.0458 -0.3164 -0.0671 -1.2300 0.2092 -1.7713 0.7672 -1.0669 -0.1772 -0.5408 -0.7346 1.2686 -0.9969 0.6524 -1.2549 0.0539 -1.2017 -0.5591 -0.1169 0.9422 1.1000
-0.6199 -1.1488 -0.8803 -0.8980 -1.0174 -0.6568 -0.6600 -0.6103 -0.6155 -0.7987 -0.8051 -0.3758 -1.0202 -0.4764 0.6378 -0.6120 1.2113 0.0152 0.7638 0.7156 1.0778 0.5320 1.3701 0.3523 -0.8007 -0.4896 0.1504 0.3482 -0.0630 -0.1151 0.2647 0.0593 0.7513 -0.1257 1.2298 1.1000
-0.6868 -0.9571 1.2371 0.8217 0.9259 -0.6568 0.5692 -0.6103 -0.2074 -0.7626 1.2818 0.0596 0.0714 0.4071 -0.6311 0.0602 0.5781 2.3147 0.3714 1.7066 -0.1041 1.1431 0.5949 0.5450 -0.5539 -0.2301 -1.2927 -0.9808 -2.0906 -1.5862 -2.1681 -0.9911 -2.4592 -0.9370 1.1424 -1.1000
1.5233 -1.0766 -1.0587 -0.5211 -0.5915 0.6171 0.5931 0.8436 -0.1996 1.3839 1.2818 0.4408 0.7878 0.7569 0.0928 0.8595 1.6258 0.9864 1.4296 0.1989 1.3335 0.6110 1.1783 -0.0059 0.5198 3.6906 -0.0933 3.3068 -0.5421 2.8784 -0.8224 2.3276 -1.2276 1.4168 -1.0332 -1.1000
1.3804 0.8334 0.7497 1.5692 1.1508 0.5867 -0.6600 0.8094 -0.6155 1.2938 -0.7601 0.7445 0.3631 0.3482 -0.0454 0.8475 0.6645 0.0036 0.5621 0.1900 0.0771 0.3350 -0.0951 0.0064 0.6910 -0.9111 0.0241 0.7597 -0.5516 0.1830 -1.1469 -0.1770 0.1439 1.2994 -0.2299 1.1000
-0.7624 1.1723 0.9958 1.3950 1.5740 -0.6568 0.5443 -0.6103 0.0184 -0.7218 1.2818 0.3727 -0.1681 -0.7739 -0.8422 0.4022 -1.1870 0.0159 -1.0747 -0.1928 -0.8103 -0.0162 -1.0855 0.4745 -0.5853 0.6884 -1.2635 0.2615 -1.5980 -0.3622 -1.7219 0.2371 -0.5156 -0.0012 -0.8243 1.1000
1.4772 0.9061 0.9348 -1.0013 -1.1342 -0.6568 0.5836 -0.6103 2.0372 -0.7862 1.2818 0.0861 0.2078 1.0467 -1.2980 0.3229 0.0149 1.3492 -0.0241 0.7414 0.4949 0.6975 0.7662 -0.0369 0.2516 1.8726 -0.6499 1.3220 -1.1614 2.0795 -0.9796 1.6561 -0.0980 0.9193 -0.0275 1.1000
-0.6199 1.0994 1.2041 -1.5351 -1.1442 -0.6568 -0.6600 -0.6103 -0.6155 -0.7987 -0.8051 -1.6717 -0.2894 -0.0540 -1.3312 0.7463 -0.0732 0.7758 -0.4542 0.9042 -1.1213 0.6735 0.0624 -2.0370 -0.1435 0.2112 0.2814 0.3809 0.1724 0.7358 -0.0813 0.3006 -0.5684 0.0825 -0.0557 -0.9000
1.4910 1.2109 1.1536 0.5966 0.6715 -0.6568 -0.6600 -0.6103 -0.6155 -0.7909 -0.7974 0.8801 -0.3158 0.7556 0.6867 1.4427 0.1590 0.8856 -0.4433 1.0646 -0.1234 2.3858 0.3528 0.2977 0.2450 1.1161 -0.0955 0.5370 -0.7504 0.1721 -0.9803 0.2409 -1.0818 0.2893 -0.1431 -1.1000
1.5049 0.9921 -0.5471 1.4070 -0.0013 0.6132 -0.6600 1.0267 -0.6155 1.2938 -0.8020 0.1957 1.5118 0.5390 0.8730 0.8578 0.4461 0.6415 0.4274 0.0808 0.0839 -0.2138 -0.1040 0.2229 0.4646 -0.1917 -0.0236 0.8683 -0.5657 0.2921 -0.4825 -0.0905 0.6224 -0.2543 -0.4990 0.8000
-0.6228 1.1324 -0.8324 -0.7901 -0.7543 -0.6568 -0.6600 -0.6103 -0.6155 -0.7972 -0.8036 0.5964 -1.6726 0.8698 -1.4302 0.8765 -0.0873 0.4946 0.5028 0.3231 0.5856 0.2180 0.4498 0.6845 -1.7638 0.6232 0.2890 0.0521 -0.1605 -0.0468 -0.0533 -0.4295 1.2770 -0.2285 0.6476 1.1000
-0.7537 -1.0803 -0.9732 -0.8096 -0.9178 -0.6568 0.5472 -0.6103 0.1863 -0.7266 1.2818 0.0561 -0.7624 -0.6039 0.3675 -1.0543 0.4630 -0.5212 0.1996 -1.0267 -0.2234 -0.8530 -0.8721 0.1016 -0.9114 0.5874 -0.4555 0.0388 -0.8808 -0.5389 -1.0738 0.4311 -0.8128 0.1436 -0.8301 -1.1000
-0.7159 -1.0406 -0.9555 1.3756 -0.7605 -0.6568 1.7793 -0.6103 2.7490 -0.7470 1.3694 0.3885 -0.6403 -0.6577 -0.7071 -1.3299 0.0519 -2.4299 -0.4122 -0.8900 -0.1948 -0.4375 -1.2753 0.1863 -1.9241 -0.5059 -3.3280 -0.7619 0.9244 -0.2381 0.3765 0.0973 -7.1000 -0.1243 0.8785 -1.1000
-0.7363 1.0929 -1.0808 -1.4041 -1.6276 -0.6568 -0.6600 -0.6103 -0.6155 -0.7360 -0.7430 -0.5689 0.6715 0.2130 -0.5440 -0.0158 -1.0788 -0.9952 -0.0259 -1.5429 0.2750 -2.5352 -0.6632 -0.2883 0.1188 0.7103 -0.6630 2.3854 -0.9456 1.9655 -1.3307 -0.3460 -1.6456 -5.3293 -1.3962 1.1000
-0.7624 -1.0043 -0.7691 1.2174 0.8191 1.2831 -0.6600 1.1642 -0.6155 1.3804 -0.7290 -0.2542 -1.7230 -1.1293 -0.6469 -0.9580 0.0419 -0.9071 -0.6177 -1.4509 -1.3571 -1.2911 -1.0348 -0.2035 -1.9276 -0.3513 1.1437 -0.1786 0.5477 -0.7895 -0.0070 -0.8173 -0.5779 -1.0661 -0.4729 1.1000
-0.7683 1.0308 1.1009 -0.6017 -0.7611 -0.6568 -0.6600 -0.6103 -0.6155 -0.7187 -0.7259 -1.7255 0.3659 0.3743 -0.8893 -0.8730 -1.8834 -0.4213 -1.4781 -0.3475 -1.7868 0.1528 -1.4593 -1.7796 1.2017 -0.0716 0.6839 -0.3840 0.1147 0.6375 -0.4386 1.2405 -0.1474 0.6227 -6.7417 1.1000
-0.6606 -0.9766 -1.0851 0.0012 -1.1696 1.3374 -0.6600 1.0867 -0.6155 1.2938 -0.7834 -0.8557 -0.3673 -1.4633 1.3468 -0.2937 0.3869 -0.6633 0.4527 -0.6651 0.8931 -0.1126 0.8226 -0.7343 1.1167 -1.2463 2.6552 -0.5637 2.1737 -0.8538 1.6734 -0.2888 1.1058 -0.2209 1.1537 1.0000
-0.7421 -1.1162 0.6492 -0.1506 -0.1729 -0.6568 1.2594 -0.6103 0.0219 -0.7328 1.2818 -1.8255 -0.4242 -1.4490 -1.1149 -1.0479 0.7401 -0.4873 0.1810 -0.3605 -0.4933 -0.4839 -1.2494 0.2419 0.6216 0.8764 0.3558 2.4214 0.2149 1.9434 -0.4304 1.5043 -0.5768 0.7144 -0.5247 -1.1000
-0.6315 -0.6711 1.0566 -1.4475 0.4093 1.3529 0.5874 0.0528 -0.2014 1.3835 1.2818 -1.3455 0.2176 -1.3368 -0.9988 -0.9033 -0.7873 -0.4588 -1.0300 -0.4309 -1.5499 -0.7977 -0.3072 -2.2445 -0.5404 -1.2365 -1.2510 -1.9370 1.2062 -1.3801 1.6316 -0.9636 1.0944 -0.2302 0.4980 -1.1000
-0.6693 -0.8372 0.8894 0.5371 0.6043 0.5985 -0.6600 0.8226 -0.6155 1.2938 -0.7787 -1.4315 0.2012 -1.3456 -0.6383 -1.1445 -0.7213 -0.9168 -0.6223 -1.1232 -1.6609 -1.0124 -1.7923 -0.1191 -0.1160 -1.0644 0.7769 -1.6032 0.2826 -1.3421 -0.3103 -0.6541 -0.6456 0.8727 -0.6815 -1.1000
-0.7770 -0.4203 0.9364 0.6907 0.7780 0.5622 -0.6600 0.0275 -0.6155 1.2938 -0.7212 -1.8372 0.1808 -1.5796 -0.1848 -0.7696 -0.7896 -1.3465 -0.6683 -0.1948 -0.6110 -0.8778 -0.9236 -1.7806 -0.7645 -0.2046 0.0753 -0.5449 -0.3614 -0.2609 -0.9734 0.5116 -1.2302 0.7514 -0.7339 -1.1000
