-0.2767
-0.2330
0.0848
-0.2827

0.1496
0.1572
1.3425
0.1846

-0.1364
-0.0341
0.7434
-0.1056

-0.1761
-0.1269
0.1111
0.3427

-0.3109
-0.2802
-0.1781
0.5975

-0.1741
-0.3004
-0.2882
0.3560

0.0551
0.9402
0.1623
0.2725

-0.0320
0.8397
-0.0435
0.0407

0.1609
0.4015
1.9051
0.1616

-0.0179
0.0488
1.0665
0.1314

0.1473
0.2685
0.0702
0.8902

-0.1790
-0.1902
-0.1861
0.7164

0.1121
0.1732
0.0914
1.1052

0.0947
0.1099
0.1055
0.8183

0.0866
0.0480
0.0984
1.0179

-0.2169
-0.1144
-0.0539
0.3735

-0.1584
0.0544
0.0971
0.7387

-0.0502
0.0381
0.9993
-0.0576

0.0052
0.0227
0.6876
0.2075

0.1995
0.1940
0.8272
0.1661

0.1141
0.1113
0.4034
0.0473

0.2841
0.4848
1.0729
0.2216

0.2703
0.3364
0.9926
0.3074

0.0108
0.4486
0.2268
0.0460

0.8050
1.2867
0.8383
1.7328

-0.2782
-0.2702
-0.1724
0.7551

-0.2093
-0.0144
-0.0198
0.8146

-0.0976
0.0063
0.0022
1.0902

-0.1630
-0.0801
0.1805
0.2946

-0.1940
-0.2659
0.3445
-0.1756

-0.1791
-0.1259
0.5556
-0.1964

-0.1624
-0.1239
-0.1255
0.9114

0.0911
0.1781
0.1209
1.9311

0.1853
0.0322
0.1032
0.9062

0.1037
0.9398
0.0668
0.1426

-0.0910
0.7313
-0.2177
-0.1260

-0.1774
-0.1304
-0.2380
0.5276

-0.0922
-0.1706
0.0544
0.6052

-0.1561
-0.0038
-0.1168
0.6311

0.2192
0.2092
0.2912
1.2984

0.0395
0.0576
0.2919
0.7850

-0.0317
0.0927
0.9619
-0.0616

-0.2269
-0.2548
0.2899
-0.2280

0.1991
0.1664
0.7764
0.1004

0.0644
0.1034
0.2676
0.1996

0.2957
0.3142
1.1740
0.3560

0.2315
0.2022
0.9640
0.2745

0.2673
0.2250
1.0233
0.2041

0.2353
0.0740
0.6381
0.1014

0.1251
0.1319
1.4122
0.3552

0.0065
0.7696
0.0519
0.0446

-0.0738
0.7475
0.0099
-0.0793

0.1076
1.4218
0.0603
0.0862

0.1705
1.5949
0.2418
0.2841

0.1412
0.8695
0.1816
0.3566

-0.1069
-0.1004
0.8910
0.0162

0.1719
0.1044
1.9896
0.0936

0.1449
0.1304
0.9548
0.1562

0.0879
0.0776
0.6728
-0.0525

0.1099
0.0080
1.3002
0.0054

-0.0701
-0.1935
-0.0818
0.4896

-0.1735
-0.2000
0.0596
0.6054

-0.0449
0.0465
-0.1384
0.5866

-0.0973
-0.0077
-0.1627
0.3845

-0.0262
-0.0700
0.0496
0.7362

0.0803
0.0720
-0.0687
0.8254

0.3566
0.3613
0.3268
1.3061

0.1775
0.1643
0.1109
0.7962

0.1120
0.0674
0.0540
0.3970

0.1087
0.2932
0.5968
0.6599

0.0584
0.0638
0.1010
0.4026

-0.1381
-0.0585
-0.0956
0.1700

0.8560
2.1330
0.8604
1.0547

-0.1749
0.6055
-0.2029
-0.2532

-0.1450
0.8897
-0.0353
-0.0716

-0.1580
0.7539
-0.0375
-0.1535

0.1559
1.3777
0.0940
0.1128

0.1481
1.5149
0.1393
0.1447

0.1368
1.2457
0.2292
0.2270

0.0417
0.9683
-0.0008
0.0036

0.1750
0.2424
1.8744
0.1561

0.0628
0.1507
1.0122
0.0861

0.0297
0.0923
0.7121
-0.0806

0.0426
-0.0042
1.2564
0.0622

-0.1226
-0.2661
0.6308
-0.2440

-0.0339
-0.1597
0.6248
-0.0798

-0.1136
-0.1658
0.6624
-0.0622

0.2470
0.2918
1.2588
0.3070

0.2192
0.0521
1.0725
0.3537

0.0378
0.0481
0.9302
-0.0973

-0.2637
-0.2930
0.1373
0.1250

0.0481
0.5307
-0.0287
0.0405

0.3399
0.4521
0.2125
0.8525

0.0617
0.1207
0.0672
0.3182

0.2660
0.3564
0.1541
0.2632

0.1040
0.0061
-0.0374
0.2181

0.2674
0.2595
0.3946
0.4145

-0.2820
0.4015
-0.2585
-0.2473

0.0410
0.8641
-0.0906
-0.0802

-0.0488
-0.0193
1.1354
-0.0080

-0.3251
-0.2731
0.6203
-0.2478

-0.1529
-0.4044
0.3831
-0.2583

-0.1416
-0.2366
0.5769
-0.1838

-0.1342
0.7411
-0.0620
-0.0533

-0.5228
0.2193
-0.4274
-0.4324

-0.0038
0.6773
-0.0285
-0.0215

0.1194
0.1678
0.0165
0.8595

-0.1734
-0.0223
-0.2507
0.6870

-0.1117
-0.1772
0.7003
-0.0998

-0.0321
-0.1103
0.5900
0.0098

0.0457
0.0331
0.1610
0.9497

0.4149
0.2754
1.2300
0.3436

0.0937
0.3033
0.1422
0.5116

0.1101
0.0359
0.1564
0.8559

0.3200
0.3409
0.1831
0.9979

0.3301
0.1083
0.1700
0.7704

0.1495
0.0332
0.1339
0.2714

0.1099
0.0218
0.1746
1.1650

0.1419
0.2185
0.0918
0.2742

-0.1445
0.5080
-0.1213
-0.1368

1.0620
1.0385
0.9384
1.5084

-0.2262
-0.2106
-0.2375
0.5949

-0.0105
-0.0849
-0.0221
0.7551

-0.0206
-0.0748
-0.1238
0.8476

0.1391
0.1269
0.0382
1.4841

-0.0300
0.0377
-0.0792
0.6672

-0.2383
-0.0360
-0.2297
0.5419

-0.0565
0.9639
0.0246
-0.0121

-0.4415
0.1895
-0.3588
-0.4171

-0.0073
0.7361
-0.1075
0.0803

0.0996
0.8615
0.0984
0.0744

-0.1087
0.6829
-0.1609
-0.1255

0.1904
0.9516
0.1089
0.1783

0.1671
0.9460
0.0106
0.0901

0.0149
0.9391
0.0517
0.1105

-0.1648
-0.0562
-0.1954
0.4131

0.2229
0.4549
0.5391
0.4537

-0.0569
0.0014
-0.0804
1.0144

0.0757
-0.0341
0.1301
0.6747

0.1431
0.2189
0.1365
0.5938

0.1105
0.0066
0.3552
0.2870

0.1421
0.2190
1.0641
0.1896

0.3182
0.3468
0.9667
0.3231

0.2207
0.2863
0.9709
0.3130

0.4362
0.5025
0.5215
0.3624

-0.3267
0.6945
-0.3536
-0.1779

-0.1101
0.7712
-0.0262
-0.0768

-0.1864
0.8226
-0.1409
-0.0571

0.1463
1.4933
0.0711
0.0775

0.0191
0.2687
-0.0092
0.2716

-0.1900
-0.0801
0.6053
0.0572

-0.1298
0.6389
0.0559
0.0460

0.1893
0.2756
1.8618
0.3183

0.1193
0.1088
0.9916
0.0512

0.0892
0.9475
0.1257
0.0569

-0.2075
0.7456
-0.2269
-0.1117

0.1955
1.0707
0.0769
0.2227

0.0331
1.0242
-0.0404
0.2219

0.0396
1.0197
0.1062
0.0527

-0.2535
0.0593
-0.1290
0.3683

-0.0816
0.0139
-0.2334
0.6893

-0.0278
0.0059
0.9244
0.1205

-0.0366
0.1736
0.1595
0.1448

0.0897
0.1310
0.7013
0.1862

0.3246
0.8054
0.4141
0.2997

0.1882
0.2414
0.2684
1.1388

0.0703
0.1450
0.1202
0.3415

0.0571
0.0859
0.1545
0.6872

0.6379
1.0269
0.7489
1.6610

-0.0214
0.0074
0.2935
0.5316

-0.1386
0.0893
-0.0719
0.7829

-0.1853
-0.1168
-0.0910
0.7451

0.0568
0.0764
0.0245
1.5378

0.1912
0.0118
0.4991
0.8264

-0.1441
-0.2829
-0.0445
0.6179

-0.1200
-0.1817
-0.1266
0.9048

0.0650
0.1910
0.2858
1.8493

0.0286
0.1117
0.0431
1.0426

-0.0791
0.0643
0.6684
0.0810

-0.1380
0.6486
-0.0211
-0.2078

0.1559
1.0081
0.1035
0.2650

0.0745
1.0309
0.1011
0.0379

-0.1033
1.1153
0.1084
0.0603

-0.1547
0.4945
-0.1939
-0.0900

0.0546
0.7575
0.0016
-0.1669

0.1393
0.8964
0.0884
0.0707

0.1737
0.8519
0.2338
0.2388

0.0844
0.5569
0.0066
0.0653

0.2573
0.3896
0.2514
0.8283

-0.2175
-0.0650
0.2657
-0.0022

0.0681
0.0650
0.1208
0.4198

-0.1380
-0.0450
-0.0263
0.4485

0.3817
0.4695
0.4847
0.2480

-0.2331
0.6062
-0.3022
-0.2336

-0.0700
0.8492
-0.0911
0.0144

-0.1324
0.7631
-0.1086
-0.0818

0.0982
1.4185
0.2044
0.0397

-0.0984
0.4324
-0.0168
0.2822

0.1461
1.1991
0.2595
0.3080

-0.0244
-0.0555
0.0505
0.9107

0.2322
-0.0042
0.1375
1.9051

0.0203
0.1470
0.0228
0.9626

0.0559
0.9152
0.1260
0.2596

-0.0778
0.7441
-0.2707
-0.0604

0.1067
0.9845
0.3080
0.2230

0.0637
0.9634
0.0305
0.2532

0.1642
1.0403
-0.0457
-0.0358

-0.0842
0.4671
-0.1043
-0.1019

-0.2245
0.8540
0.0695
-0.0087

-0.0716
0.0340
0.9656
-0.0697

-0.0476
0.2042
0.1811
-0.0489

0.1757
0.1140
0.1352
0.6525

0.1088
-0.0039
0.1280
0.3342

-0.1372
-0.0596
-0.1721
0.1710

0.0186
0.0987
0.1090
0.4450

-0.0890
-0.1537
-0.0622
0.4124

1.0853
0.7387
0.8626
1.7259

-0.2901
-0.1585
-0.1668
0.5693

-0.0242
-0.0636
-0.0054
0.7547

-0.0177
-0.2148
-0.0021
0.7269

0.1900
-0.0167
-0.0204
1.4418

0.0211
-0.0466
0.3394
0.3484

-0.1889
-0.2206
0.6598
-0.2093

-0.2205
0.3943
0.2887
-0.1614

-0.3434
0.2369
-0.4601
-0.4990

-0.0670
0.6800
-0.0295
-0.0422

-0.0031
0.1858
-0.0508
0.6164

0.0232
0.1487
0.0177
1.2055

0.1790
0.0666
0.1182
1.0780

0.1108
-0.0181
0.0295
1.0880

-0.0868
-0.1130
0.7102
0.0102

0.3229
0.2412
1.2804
0.3476

0.0689
0.0933
-0.1501
0.8015

0.1064
0.3342
-0.0116
0.8443

0.1366
0.2780
0.0875
0.8515

0.0290
0.0499
0.0117
0.5726

0.2649
0.7170
0.4013
0.3453

0.2940
0.4707
0.9982
0.3299

0.2387
0.4035
1.0249
0.2628

0.2452
0.1839
0.3353
0.8907

