645327.8623
643626.6149
627738.0158
612536.4360
657899.3697
634504.3992
668068.6394
665048.1588
691494.8813
664459.9996
655407.6145
669192.7589
692436.7810
693766.2101
698269.2220
727692.8486
722881.4454
729953.1331
751713.7266
716434.0187
758758.2977
757214.5033
755430.3845
784216.0816
805529.1359
809297.4951
800010.3103
809185.6062
812691.3134
830360.0879
849967.0015
851049.3917
879202.8740
884753.3775
861939.0298
870447.4511
909639.6479
939257.2247
927703.5667
894966.7090
940194.6983
945003.8417
932746.6530
985726.1787
960976.8671
1009223.0023
1010182.9077
984778.2235
1032336.9542
1031263.1319
