-10882.8438
-10632.2559
-8930.6143
-9923.2754
-10920.6973
-10270.7002
-10606.5029
-10165.5049
-12081.4805
-9665.0322
-9791.1172
-9800.8926
-9596.6611
-11368.0986
-9334.1631
-9810.4463
-10251.9082
-10798.5986
-10462.9189
-9141.2549
-9294.1465
-10343.8105
-9535.1406
-9893.6973
-10395.1416
-11482.4961
-11588.5371
-10378.0742
-9652.9980
-10834.2842
-10517.9688
-11827.9258
-8480.4199
-9723.8906
-13140.5156
-13102.6338
-12236.0439
-11819.2920
-9319.9912
-8417.4238
-8718.5059
-11971.8223
-9429.7314
-9501.2471
-9503.7969
-11266.4062
-8421.8926
-10786.7012
-10706.1143
-12879.3311
