-0.7624 -1.1823 -0.9472 -1.1539 -1.4064 -0.6568 -0.6600 -0.6103 -0.6155 -0.7218 -0.7290 -0.1823 0.1226 -1.3014 1.1368 -1.8892 1.0553 -0.3559 0.4584 -0.2101 0.3612 -0.3547 -0.1955 0.3926 0.9756 -0.3063 0.3339 -0.4083 -0.2827 -0.5109 2.1046 -0.8784 1.4354 -0.4560 0.0325 1.0000
-0.6781 -1.0303 -0.8807 -0.6978 -0.7913 -0.6568 -0.6600 -0.6103 -0.6155 -0.7674 -0.7740 -0.2584 0.4533 -0.9453 -0.5105 -0.0329 0.7934 0.5825 0.9775 0.9593 1.3157 1.0692 0.7120 0.1508 -0.6178 0.8637 -0.6853 0.6299 -0.3189 0.1412 -0.8853 0.0687 0.4489 0.2633 1.1074 1.1000
-0.7275 -1.0997 -1.0188 -1.4072 -1.6312 -0.6568 -0.6600 -0.6103 -0.6155 -0.7407 -0.7476 0.5025 -0.8926 -1.2930 0.4828 -0.6256 0.8236 -1.6475 0.7801 -0.6218 0.3943 0.3729 -0.3501 0.6437 0.1657 0.1969 -0.2309 -0.2345 2.5808 -0.8072 2.0788 -0.5717 1.4687 -0.5921 0.8735 0.7000
-0.7421 -1.1694 0.9724 -0.7956 -0.9438 -0.6568 0.5510 -0.6103 0.4240 -0.7328 1.2818 -1.7160 1.0511 -1.2583 1.5076 -0.7592 1.3056 0.0706 0.6663 0.3081 -0.0971 1.1281 -0.8564 -1.7766 1.0755 -0.9802 0.8799 -0.5144 0.2387 -1.0057 -0.2871 0.2265 -0.6894 -0.0185 -1.0429 1.1000
-0.6199 -1.1207 -0.8229 1.4146 0.6551 -0.6568 -0.6600 -0.6103 -0.6155 -0.7987 -0.8051 0.2167 0.5585 -0.0671 1.0221 0.4781 1.5952 0.5745 1.3154 0.9473 1.2137 0.9594 1.4264 1.4090 0.6660 0.9787 -0.0743 0.4279 -0.6810 -0.0226 -0.5470 0.0913 -0.1592 -0.1243 1.1283 1.1000
-0.6868 1.1524 1.2464 1.5290 1.6313 2.5728 -0.6600 1.7946 -0.6155 1.3822 -0.7694 0.1200 -0.1100 0.8963 -1.0289 0.5441 -0.7350 0.1249 -0.6493 2.0643 0.4250 1.2687 -0.0166 -1.2143 -2.2461 -2.3659 -0.9707 -1.0517 -1.6068 -1.7644 -2.0770 -1.6799 0.7242 -0.9790 -0.3882 1.1000
-0.6141 -1.1457 -0.9739 0.3157 0.3540 -0.6568 -0.6600 -0.6103 -0.6155 -0.8019 -0.8082 -1.6696 0.3689 -1.0356 -0.2036 0.1306 1.5542 1.0286 1.3665 0.2377 0.9112 0.8103 0.9148 -1.6612 0.2712 -0.6109 -0.3782 3.3081 -0.6751 2.8805 -0.8758 2.3264 -1.2588 1.4187 -1.0412 1.1000
-0.7072 -0.8967 -0.7899 -1.4530 -1.3461 -0.6568 0.5625 -0.6103 0.7887 -0.7517 1.2818 0.2842 -0.7339 -0.5647 -0.1424 0.3446 0.6474 0.8025 0.2549 0.1312 0.3096 0.6778 0.1927 0.4503 -1.6007 0.1141 -0.0696 -0.0080 0.1134 0.1084 0.7382 -0.4400 0.1608 1.2949 -0.0312 1.1000
-0.7683 1.1960 1.0497 1.4438 -0.9994 -0.6568 0.5424 -0.6103 1.4489 -0.7187 1.2818 0.6603 -1.7251 1.3419 -2.2027 0.5063 -1.3355 -0.1572 -0.3484 -0.2616 -1.1929 -0.2322 -1.8280 -0.2076 -2.0455 -0.8918 0.3926 -1.1194 -0.2917 -1.2858 -0.0211 0.2009 -0.5559 -0.0670 -0.6312 0.9000
1.4680 -0.9879 -0.8903 -0.6354 -0.7208 -0.6568 -0.6600 -0.6103 -0.6155 -0.7830 -0.7896 1.2617 0.2411 0.4244 1.3841 0.1200 0.7355 0.5086 0.5563 0.3189 0.7020 0.9818 0.6132 0.6605 0.8952 0.8272 0.2234 0.5462 -0.0031 0.2220 0.4893 1.6457 0.2955 0.9106 -0.0157 1.1000
-0.6228 1.0705 1.2236 -0.1556 -0.1786 -0.6568 0.5903 -0.6103 -0.2005 -0.7972 1.2818 0.5773 -1.5746 -0.1651 -1.3115 0.4007 -0.3858 0.6290 -0.8358 0.9363 -1.4691 0.8009 -0.0220 0.1773 0.0454 0.3020 0.4218 -0.3728 -0.1379 -0.3836 -0.1842 0.2794 -0.6305 1.0041 -0.0666 1.1000
-0.6403 1.2867 1.2471 1.2890 1.7080 1.8733 -0.6600 2.3255 -0.6155 1.2938 -0.7943 1.2224 -1.6789 0.3228 0.2447 1.5739 -0.6774 1.3445 -0.8039 1.3708 -1.0463 1.2712 0.2492 -0.8109 -2.2461 -0.7625 -0.1646 -0.4092 -0.1987 -0.4621 -0.7226 -0.5555 -0.2579 0.3202 -0.0146 -1.1000
1.5002 -0.4402 -0.8730 0.0012 0.1757 -0.6568 -0.6600 -0.6103 -0.6155 -0.7940 -0.8005 0.2481 1.0007 1.1039 1.0484 0.5216 0.4782 -0.3499 0.4638 -0.1971 0.1540 -0.4241 0.0966 1.7179 0.7207 1.3484 0.0387 0.8391 -0.5041 0.2585 -0.6546 -0.1124 0.6857 -0.2728 0.1322 -1.0000
1.4910 -0.9743 -0.9652 -0.1551 -0.1780 -0.6568 -0.6600 -0.6103 -0.6155 -0.7909 -0.7974 1.6825 0.7968 1.5499 1.1408 0.6639 1.1138 0.0131 0.6784 -0.3696 0.3259 -0.2224 0.5381 0.5975 0.8728 0.6644 0.3306 0.1923 0.0837 -0.4367 1.8181 -0.6532 1.2487 -0.2818 1.0992 -1.1000
-0.7595 -1.0607 1.0193 0.0012 -0.0013 -0.6568 0.5453 -0.6103 1.5146 -0.7234 1.2818 -1.9603 0.1023 -1.1125 0.8702 0.1721 1.0568 0.0186 0.4356 0.0352 -0.6150 -0.4658 -0.8005 -1.7258 -0.7909 -0.0812 -0.3327 -0.5564 0.3293 -1.0769 -0.2847 -1.2834 -0.6346 0.1131 -0.7687 -1.1000
1.3573 1.2787 1.1203 0.5089 0.5724 1.3063 -0.6600 0.8039 -0.6155 1.2938 -0.7523 1.8659 0.5717 1.6137 0.0492 1.1233 -1.7062 0.3495 -0.9887 0.4561 -0.7167 0.3254 -1.7202 0.7715 1.1048 0.0802 1.4813 -0.4808 0.8874 -0.0091 0.2889 0.0829 1.5607 -0.1250 0.9295 -1.1000
-0.7421 -0.8054 1.0576 -1.4899 -0.5162 0.5740 -0.6600 -0.2041 -0.6155 1.2938 -0.7398 -1.6212 1.4662 -0.9970 0.8023 -1.0681 -0.7469 0.2798 -0.9001 -0.3373 -1.3712 -1.0015 -1.8865 -2.2445 0.8759 -1.3522 0.2141 -1.2360 -0.1915 -0.3532 -0.8440 -0.8176 -1.2546 -0.6172 -1.0754 -0.7000
-0.7741 -1.0531 -1.0651 1.0075 -1.6062 -0.6568 -0.6600 -0.6103 -0.6155 -0.7156 -0.7227 0.8346 0.6414 -0.3876 -0.1455 -0.9617 0.3239 -2.1165 0.0754 -1.7217 -0.0037 -1.9793 -0.2763 0.8838 -2.2461 0.2236 -1.0806 -0.3898 -0.6984 -0.7812 -0.3880 -0.1536 -0.8427 -1.3236 -0.5458 -1.1000
-0.6141 -0.8378 0.9365 -1.2018 -1.3607 -0.6568 -0.6600 -0.6103 -0.6155 -0.8019 -0.8082 -0.0564 -0.5754 -0.8449 -0.9873 0.0448 0.2909 0.1673 0.0124 0.3439 0.0043 1.0392 -0.2502 0.2010 1.0085 0.9723 0.9585 0.5617 1.1260 0.8773 0.7305 0.3332 1.7955 0.8172 -6.7417 0.7000
-0.6664 1.1545 -0.9487 0.8425 0.9493 2.8699 1.8118 3.4845 2.3621 1.4347 1.2818 -0.1693 -1.4296 0.9046 -2.4923 -0.0168 -1.7997 -1.0455 -1.5415 -0.7317 -0.0783 -0.5576 0.2117 -1.5088 -1.4429 -2.8313 1.0777 -0.6318 0.4851 -0.1447 1.6412 -0.0044 1.0868 -0.0251 1.0431 1.1000
-0.7421 -1.1477 -0.7632 -1.2561 -1.4224 -0.6568 -0.6600 -0.6103 -0.6155 -0.7328 -0.7398 -1.6212 -1.2752 -1.2259 -1.3007 -1.8418 0.7154 -0.9014 0.1544 -0.6237 -0.5164 -0.6463 -1.2673 0.2029 0.6114 0.8756 0.3519 2.4214 0.2138 1.9434 -0.4316 1.5043 -0.5773 0.7144 -0.5248 0.8000
1.4956 -0.5268 0.9660 -1.4434 -1.1862 1.3529 0.5874 1.3789 1.3307 1.2938 1.2818 1.4588 1.0625 0.5530 0.0827 -0.1193 -0.1281 -0.4336 -0.1470 -0.1485 -0.6842 -0.7118 -1.0387 0.5685 -0.0865 -0.0978 -0.4911 -0.4688 1.1781 -0.3932 0.6218 -0.9393 1.0597 -0.2263 0.4973 -1.0000
1.4265 1.0766 -0.8900 0.0012 -0.1761 1.8498 1.8061 1.0802 2.4610 1.3825 1.3703 0.9294 0.4398 0.7229 -0.8214 0.8797 0.2278 -0.1323 0.6689 -0.5022 -0.1000 -0.4931 -0.5419 -0.7342 -0.2736 -1.9376 -1.3232 1.0577 -0.8614 2.1576 -0.7448 0.8299 -0.9171 0.8918 -0.8372 -0.2000
1.5371 0.8741 1.0319 1.1566 1.3042 -0.6568 2.5867 -0.6103 2.6060 -0.8066 1.3719 0.8772 0.4212 1.2251 0.7002 0.2762 0.0033 1.0983 0.2026 0.4359 -0.1966 -0.4592 0.0474 1.5969 -1.3764 1.1344 -0.6979 0.5213 -1.2203 2.4135 -1.4887 0.6744 -1.2099 -2.1940 -0.5229 -1.1000
1.2928 -1.0732 0.4697 -1.3469 -1.1045 0.5681 0.5453 1.6230 0.4191 1.2938 1.2818 0.1579 1.4737 0.5055 1.0848 -0.6156 0.6472 -0.0149 0.1807 0.2000 0.1657 -0.2861 -0.3296 0.6993 0.6546 0.1101 0.4048 0.1467 -0.2179 -0.3860 2.1103 -0.8532 1.4413 -0.4504 0.0376 -1.1000
-0.6810 -1.1168 -0.8979 -0.5329 -0.6050 -0.6568 0.5711 -0.6103 0.7984 -0.7658 1.2818 0.9607 0.5545 -0.0500 0.2893 0.2694 1.4364 0.2697 1.2071 0.7006 1.0929 1.3863 0.2325 0.3645 0.5761 -0.3508 -0.1476 -0.5950 0.5489 -0.6998 1.2223 -0.5192 1.2055 -0.2376 0.5974 0.4000
1.3389 -1.0173 0.8863 -1.4050 -1.5906 -0.6568 -0.6600 -0.6103 -0.6155 -0.7391 -0.7461 -0.9290 1.1140 -2.1272 0.8985 0.0811 0.8043 -0.1866 0.4973 0.1460 -0.1084 0.3249 -0.6771 -0.2169 1.5425 -0.9116 1.1054 -1.4585 0.7529 -1.0873 2.0969 -0.4421 1.5367 0.6156 0.8783 0.3000
-0.7450 1.0971 1.1501 1.3619 -0.0013 1.2924 -0.6600 0.0331 -0.6155 1.2938 -0.7383 0.4535 -0.7062 1.5689 -0.2554 0.8025 0.0582 0.9241 -0.7698 0.5082 -0.9521 1.1485 -1.8053 -1.2662 1.2482 -1.0795 0.7068 -0.9686 0.1358 0.4230 -0.4555 0.2168 -0.7534 -0.0244 -1.0794 1.1000
-0.6199 -1.1775 -0.8289 -0.1558 -0.1787 -0.6568 0.5912 -0.6103 -0.2002 -0.7987 1.2818 0.2167 0.5684 -0.1487 1.0249 -0.2614 1.5967 0.5627 1.3171 0.9402 1.2150 0.9551 1.4271 1.4081 0.6552 0.9778 -0.0885 0.4271 -0.6924 -0.0232 -0.5490 0.0912 -0.1595 -0.1244 1.1283 1.1000
1.4080 -0.9549 0.9000 0.7650 0.8619 3.9664 2.7908 2.2324 2.1882 1.4339 1.4216 0.6637 0.5064 0.1049 0.7777 -0.6958 0.0059 -0.6385 0.6451 -0.0263 -0.3476 0.1220 -0.0236 -0.7529 -0.4037 -1.9122 -1.3904 -2.1509 -2.2541 -2.7861 1.3124 -3.3009 0.1783 -1.0371 1.1424 1.1000
1.5187 -1.0771 -1.0748 -0.5620 -0.6378 2.6336 2.2475 1.8803 1.7763 1.2938 1.3716 1.1673 -0.0221 0.8715 -0.8129 0.0093 1.0673 -0.3281 0.7237 -0.8262 0.7013 0.5245 2.4516 -1.0082 -0.1345 -1.5150 -0.8306 3.3024 -0.9561 2.8761 -1.1062 -0.0959 -1.3256 1.4118 -0.8340 1.0000
-0.7072 -1.1266 -0.8954 -1.4543 -1.6463 -0.6568 -0.6600 -0.6103 -0.6155 -0.7517 -0.7585 -0.1514 -0.3998 -0.6540 0.6852 -0.5911 1.0372 0.3726 0.6744 0.1776 0.5668 0.7040 0.4171 0.5054 -0.0137 -0.2963 0.4645 -0.4081 0.5381 0.0940 0.7363 -0.4667 0.1582 1.2949 -0.0320 -1.1000
1.2789 -0.8162 -0.8379 -1.1521 -1.3049 0.5652 0.5424 0.5221 1.2832 1.2938 1.2818 0.1217 0.7142 1.0202 0.2604 0.0610 0.2488 -0.6373 0.3407 -0.4466 -0.2026 -0.6261 -1.0873 0.8439 -0.7352 0.1918 -1.1586 -0.3760 -0.9143 -0.5281 -0.1782 0.2102 -0.5682 -0.0146 -0.8458 0.8000
-0.6490 -1.0603 -0.9636 0.0012 -0.4563 -0.6568 -0.6600 -0.6103 -0.6155 -0.7830 -0.7896 -0.1691 -0.8815 -0.7804 -1.0675 -0.4369 0.6948 0.3543 0.1880 0.2060 0.8321 0.9285 0.6784 1.2079 0.3561 0.7619 -0.3452 0.5178 -0.7068 0.2060 0.4682 1.6455 0.2911 0.9105 -0.0223 1.1000
-0.6257 1.0423 1.2216 0.0012 -0.0013 0.6132 -0.6600 1.7545 -0.6155 1.2938 -0.8020 1.1266 -1.6736 0.3659 -0.0239 0.1674 -0.5553 0.7041 -0.5509 0.9923 -1.2970 0.8299 0.0327 -1.0520 -1.1814 -1.7535 -0.0392 0.0498 -0.5856 -0.5146 -0.2757 0.2671 -0.6929 0.9998 -0.0763 1.1000
1.4864 1.1799 1.1007 1.4977 -1.3634 2.2828 0.5855 2.2995 2.0412 1.2938 1.2818 0.9258 1.0997 -0.2121 1.2147 1.3691 0.3077 0.9149 0.0181 0.9458 0.1347 1.1068 0.4602 0.0466 0.5489 -0.5950 0.1736 -0.2682 -0.0838 -0.4158 0.1706 -0.5362 -0.2117 0.3244 -0.0084 1.1000
-0.6432 -0.9786 0.6851 -0.4020 -0.4570 -0.6568 -0.6600 -0.6103 -0.6155 -0.7862 -0.7927 -1.6801 0.1422 -1.2533 0.8005 -0.0775 0.5563 -0.0734 -0.0810 -0.0991 -0.2238 -0.3495 -0.0812 -1.7111 0.5301 -0.7473 -0.0581 -0.1450 0.9325 -0.4066 1.2332 -0.5168 -0.4149 -0.4142 -1.2850 1.1000
1.5002 -0.9995 -1.0727 0.1579 0.1757 0.6122 0.5883 -0.1916 -0.2011 1.2938 1.2818 1.5613 1.3013 0.6328 0.5874 0.0850 0.7573 -0.4165 1.5405 -0.5307 0.8866 -0.6084 0.9952 1.4809 0.2098 0.9824 -0.1584 0.3483 -0.2600 -0.1263 -0.6050 -0.4412 1.2460 -0.2545 0.5002 1.1000
1.2974 -0.8464 1.1328 0.0012 1.1368 -0.6568 -0.6600 -0.6103 -0.6155 -0.7250 -0.7321 0.1241 0.7479 -0.3649 0.7859 0.1708 0.3950 0.0178 -0.5293 0.0278 -1.5535 -0.2013 -1.3624 0.3700 0.0726 0.2318 -0.6690 -0.3910 0.3586 -0.7758 -0.2549 -1.1965 -0.6158 0.1176 -0.7580 1.1000
-0.7333 1.0173 -0.9083 0.2425 0.2713 0.5769 -0.6600 0.0351 -0.6155 1.2938 -0.7445 -1.0020 -0.8339 -0.1244 -0.9679 -0.5032 -1.2841 -1.5287 -0.6303 -0.9526 -0.4685 -0.1447 -0.8349 0.6001 0.9413 0.7149 0.5737 0.4253 0.1015 0.5844 0.1221 0.0259 -0.1427 -0.1600 0.9387 1.1000
-0.7392 -0.9186 -1.0058 1.3650 1.3546 -0.6568 2.7424 -0.6103 2.9927 -0.7344 1.4197 -0.8693 -0.6785 0.6209 -0.9526 -1.0779 -0.4241 -1.6778 -0.7372 -2.0060 -0.7406 -2.3959 -1.2693 1.0636 -1.9259 0.9717 -2.5811 0.8381 -1.5343 1.9188 -0.9059 1.4282 -1.2806 -0.5988 -1.1385 -0.9000
-0.7683 1.0746 0.9621 0.7335 0.8264 0.5652 -0.6600 1.3493 -0.6155 1.2938 -0.7259 -0.5138 0.1324 0.3379 -1.1052 -0.2574 -1.2903 -0.6217 -2.8023 -1.1131 -1.8712 -1.0876 -1.3166 0.0938 1.1681 -0.8493 0.6902 -1.0720 0.4075 -1.2810 -0.0999 0.5437 -0.6619 0.0796 -0.5052 -1.1000
-0.6053 0.9132 1.1792 0.0012 -0.1794 -0.6568 -0.6600 -0.6103 -0.6155 -0.8066 -0.8129 0.3332 -1.1047 -0.4938 -0.5801 0.0452 -0.3133 0.3612 -1.0485 0.8727 -0.7729 1.2639 -0.5148 0.6863 0.6959 1.6594 0.1891 1.4557 -0.5299 0.9450 -0.0429 1.5359 1.8144 0.8365 1.1037 0.9000
-0.6810 1.0254 -1.0486 1.0294 1.1606 -0.6568 -0.6600 -0.6103 -0.6155 -0.7658 -0.7725 0.5276 -1.5119 -0.1819 -2.2427 -0.5584 -1.4255 -1.0549 -0.1336 -0.7011 0.5581 -0.3737 0.6289 0.8935 0.3083 0.2639 -0.0953 -0.2545 -0.3820 -0.8726 1.6060 -0.1088 1.0507 -0.0668 1.0156 1.0000
1.3066 -1.0102 1.0397 -0.6641 -0.7533 -0.6568 -0.6600 -0.6103 -0.6155 -0.7281 -0.7352 1.4161 1.2582 0.3637 1.6562 -0.4500 0.4032 -0.4339 -0.5250 -0.2154 -1.0697 -0.5379 -1.7208 1.0529 0.8884 0.5522 0.3545 2.4045 -0.3479 1.9215 -0.3712 1.4936 -0.6924 0.7026 -0.5853 0.2000
-0.6315 -0.7837 1.0195 0.3142 0.3524 2.6209 2.8419 2.5566 2.3614 1.4360 1.4608 0.5138 -0.4977 -0.6446 0.6651 -1.0916 -0.7933 -0.4788 -0.8383 -0.4827 -1.3680 -0.6837 -0.2137 -0.7096 -1.2097 -1.9101 1.7765 -2.7352 1.2059 -1.5054 1.6321 -0.9701 1.0990 -0.2304 0.4981 0.6000
-0.6693 -1.0453 -0.8748 -1.4743 1.0153 1.3327 0.5749 1.1799 0.9454 1.3826 1.2818 0.2426 0.8100 -1.9547 0.0729 -2.7189 -0.5452 -1.6541 -1.2940 -1.9030 -1.4561 -1.0185 -1.7016 -2.2445 1.2352 -2.7140 0.6876 -0.7964 0.1040 -1.3427 -0.3618 0.8541 -0.6732 -0.6730 -0.6929 0.5000
-0.6053 -1.1269 1.0406 1.4147 1.5999 -0.6568 0.5960 -0.6103 0.6351 -0.8066 1.2818 1.1599 1.4745 -0.2028 0.6561 -2.2688 0.3814 -1.3369 0.0628 0.6820 0.0896 -0.2264 -0.0868 1.1574 0.1099 1.1238 -0.7556 0.5009 -1.1549 1.5139 -1.4093 1.0834 -1.1754 -5.3293 -0.5175 1.1000
1.2881 -1.0279 -0.8446 -0.4226 -0.4804 -0.6568 -0.6600 -0.6103 -0.6155 -0.7218 -0.7290 0.5863 0.3660 -0.2075 1.2171 0.2184 0.9392 -0.0807 0.5112 0.1718 0.4352 -0.3375 -0.1137 0.5571 0.6239 0.0998 0.1410 0.0721 -0.5197 -0.4476 -0.6369 -0.8893 1.4174 -0.4592 0.7898 -1.0000
-0.6810 -1.0041 0.9488 -0.8747 -0.9912 -0.6568 0.5711 -0.6103 1.7029 -0.7658 1.2818 -0.5120 0.2284 -0.9622 1.1208 0.2671 0.8971 0.8136 0.4163 1.0971 0.9032 1.1306 0.4080 1.5623 0.1611 1.1838 -0.6348 0.5853 -1.3070 0.1037 -1.4370 0.0534 0.4383 0.2579 1.1020 1.1000
1.3481 -0.5889 1.1600 0.0012 -0.0013 0.5799 -0.6600 1.4118 -0.6155 1.3813 -0.7492 -0.4143 0.0227 1.2885 0.1999 0.2526 0.2498 -0.7164 0.6116 1.1898 0.0508 0.5699 -0.2784 -0.3018 0.3078 0.5648 -0.2930 -0.1084 -0.7331 -0.6121 1.9483 -0.3505 1.5159 0.6252 0.8876 0.5000
-0.7421 -1.2070 -1.0190 1.1797 1.3472 0.5740 4.2900 -0.2041 3.5897 1.2938 1.3688 -0.1222 0.9555 -0.7613 1.5580 -1.5184 1.4159 -1.2205 0.8221 -0.5513 0.4481 0.7314 -0.3727 0.4025 -1.7242 0.1175 0.4351 -0.5370 0.2251 -0.9755 -0.3795 0.2257 -0.7001 -0.0189 -1.0483 1.1000
-0.6199 -1.1925 -1.0011 0.0012 0.3535 -0.6568 -0.6600 -0.6103 -0.6155 -0.7987 -0.8051 0.0571 0.2658 -0.1699 0.9543 -0.6614 1.5589 -0.3650 1.1085 0.4107 1.1859 0.6479 1.4104 1.4595 0.5507 0.9704 -0.2244 0.4206 -0.7953 -0.0280 -0.5655 0.0901 -0.1615 -0.1250 1.1283 0.1000
1.4080 -0.8238 -0.7669 -1.0163 -1.1512 4.9948 4.4657 3.1756 3.2952 1.5420 1.4867 -1.3076 0.7826 -3.3912 -0.4382 -2.4698 -1.7912 -3.6804 -3.6852 -1.9427 -1.8442 -0.3492 -0.9809 -1.1433 -0.8587 -2.2014 -2.1127 -2.4675 -3.0585 -3.1578 1.5198 -3.2821 0.2128 -1.0165 1.1186 1.1000
1.5187 0.4603 -0.6853 1.5728 1.3813 -0.6568 -0.6600 -0.6103 -0.6155 -0.8003 -0.8067 1.0666 0.1637 1.9017 1.8049 1.3469 1.2624 1.2630 1.1922 0.5651 0.6731 1.1435 2.4076 0.8658 -0.0256 3.6885 -1.0107 3.3015 -0.9374 2.8760 -1.0630 2.3084 -1.3303 1.4118 -0.8377 1.1000
-0.7101 0.8963 1.1116 -0.1519 -0.1744 -0.6568 0.5615 -0.6103 -0.2099 -0.7501 1.2818 0.2687 -0.0124 -0.3938 0.1671 0.3562 0.0790 1.2995 -0.2623 0.8340 -0.0737 1.0434 -0.0776 -1.0704 0.5387 -0.6819 -0.0973 -0.1811 -0.0278 0.0759 0.7254 -0.4707 0.1481 1.2905 -0.0390 1.1000
1.2881 1.0932 1.0644 1.0065 -0.0013 -0.6568 -0.6600 -0.6103 -0.6155 -0.7218 -0.7290 0.6487 0.2391 1.1845 -0.4677 0.9645 0.2935 0.3564 0.2189 0.0949 -0.7854 -0.0886 -1.4150 0.7147 -0.0958 0.0201 0.2579 -0.4812 0.5214 -0.7415 0.1089 0.2205 -0.4831 -0.0543 -0.6002 1.1000
1.4726 -1.0870 1.0531 -1.3968 -0.0013 -0.6568 0.5826 -0.6103 1.8110 -0.7846 1.2818 0.6794 0.8688 1.0205 -0.1135 -0.2049 0.9888 -0.2157 0.4563 0.8464 0.2650 0.5505 0.7438 1.8175 0.4811 1.4285 -0.0941 0.8391 -0.5572 0.7394 -0.5284 1.5924 -0.0562 0.9149 -0.0278 1.1000
-0.6199 1.0560 1.2338 -1.2913 -1.4619 -0.6568 -0.6600 -0.6103 -0.6155 -0.7987 -0.8051 -1.0656 0.3573 -0.8556 0.3059 0.5054 -0.1812 0.8598 -0.6371 1.1110 -1.3202 0.9256 0.0165 0.4093 0.0233 -0.1241 0.5921 -0.0875 0.0669 -0.2887 -0.1127 0.2909 -0.5788 1.0084 -0.0576 1.1000
-0.6373 -1.0419 -0.6998 0.4399 0.9952 -0.6568 -0.6600 -0.6103 -0.6155 -0.7893 -0.7958 -1.6780 1.1708 -1.4958 1.1560 0.9194 1.5274 0.0574 1.1677 0.5097 0.6226 2.2268 1.0639 -2.2445 0.1231 -0.0909 -0.5678 0.1608 -0.6390 -0.4299 -0.7030 -0.4681 -0.2508 0.0080 -0.0096 1.1000
1.5002 1.0841 0.6613 -0.5406 -0.6136 -0.6568 -0.6600 -0.6103 -0.6155 -0.7940 -0.8005 1.5174 0.9266 1.6302 0.8922 1.0251 0.3663 0.2020 0.3620 0.1751 0.0926 -0.1785 0.0525 1.7116 0.4564 1.3413 -0.2557 0.8329 -0.6855 0.2520 -0.7073 -0.1165 0.6848 -0.2749 0.1314 1.1000
1.5049 1.2205 1.1772 1.4830 1.6730 -0.6568 -0.6600 -0.6103 -0.6155 -0.7956 -0.8020 1.7709 0.4451 1.6263 0.1432 1.5981 0.3180 1.0253 -0.4518 0.7146 -1.0215 0.5040 -0.2551 0.8204 0.6060 0.1079 1.0875 -0.5886 0.4627 -0.8083 0.4014 -0.5433 1.2076 -0.2468 -6.7417 1.1000
-0.7595 0.9794 1.2285 0.7427 0.6489 1.7930 0.5453 2.2424 0.4191 1.3805 1.2818 0.3325 0.4898 -0.5694 0.8501 0.1043 -0.3621 0.9664 -1.4166 0.5922 -2.4185 0.0514 -1.8377 -1.7786 0.2011 -2.8131 -0.0244 -0.5421 0.3560 -1.0372 -0.2673 -1.2494 -0.6075 0.1135 -0.7643 1.1000
1.3619 -1.1157 -0.9366 1.3764 1.2659 -0.6568 0.5596 -0.6103 1.4093 -0.7470 1.2818 0.0958 0.7983 -1.2247 -0.1887 -1.5995 0.5066 -2.0448 0.0509 -1.5858 -0.8888 -0.6589 -1.1064 1.0766 -1.7209 0.4934 -0.0345 0.3238 0.9115 0.0826 0.3129 0.0987 1.5947 -0.1172 0.9730 1.1000
1.3296 -0.8721 -1.0721 1.3665 0.3425 0.5759 0.5529 0.5319 1.5833 1.2938 1.2818 -0.5689 0.4654 -1.7179 -0.7022 -0.5353 -0.1473 -1.4619 -0.3477 -1.8630 -0.0087 -2.1538 -0.8811 -0.1932 -0.7945 -1.0717 -0.3198 0.4667 -1.0185 1.8995 -1.3844 1.4486 -1.2612 0.6531 -1.2035 -1.1000
-0.7653 -0.9082 -0.9223 -0.1496 -0.1718 -0.6568 0.5434 -0.6103 -0.2159 -0.7203 1.2818 -0.3801 -0.8239 0.1018 -0.8840 -0.0526 0.3337 -0.7649 -0.0465 -1.2884 -0.7170 -1.2938 -0.6865 0.8225 0.4206 0.1532 -0.0139 -0.4598 0.4708 -1.0473 -0.0520 0.1254 -0.6177 0.7937 -0.4896 1.1000
1.5187 -0.8534 0.9186 -1.4078 -0.0013 -0.6568 1.3246 -0.6103 1.9812 -0.8003 1.2818 1.1314 0.9108 0.0648 1.1783 0.3091 0.5478 0.3399 0.1712 0.3763 0.0824 1.0421 -0.1915 1.2691 1.2297 0.7477 1.5881 0.4328 1.0973 0.8569 0.9652 0.3135 1.7889 0.8123 1.0964 -1.1000
-0.6664 1.0374 -0.9924 -0.9145 -1.0361 -0.6568 0.5759 -0.6103 1.8080 -0.7736 1.2818 1.8635 0.2831 1.2578 0.7257 -0.3765 -1.2486 -0.9515 -0.0401 -0.7107 0.1719 -0.2324 0.9218 0.4997 0.3097 -0.0049 1.0385 -0.1853 0.4328 0.2430 1.6106 0.0100 1.0862 -0.0215 0.6095 -0.9000
-0.7537 -1.0452 0.9831 0.3925 -0.0013 -0.6568 2.1430 -0.6103 0.3153 -0.7266 1.2818 0.0224 1.2993 0.4085 1.6731 -0.7073 0.4249 -0.5619 -0.5024 -0.4183 -1.0548 -0.5528 -1.7687 0.6053 0.8021 0.3615 0.2747 1.8688 -0.4351 1.3463 -0.3949 1.3680 -0.7068 0.7906 -0.5921 0.9000
1.4864 -0.4998 -0.9535 -1.1976 -1.3560 -0.6568 -0.6600 -0.6103 -0.6155 -0.7893 -0.7958 -0.6406 0.6789 0.1455 0.8442 -0.5908 -0.5935 -1.1386 0.1550 -1.2684 -0.5080 -1.4064 -1.1975 0.6113 0.1368 -0.1516 1.4046 -0.2512 1.1348 -0.6245 0.5882 -1.1188 1.0420 -0.2357 0.4855 1.1000
1.4311 -0.9867 -0.9899 1.3619 -1.1965 -0.6568 0.5740 -0.6103 0.9442 -0.7705 1.2818 0.1068 -0.0651 -0.4596 -0.1809 -1.1434 -0.1484 -2.4316 -0.2422 -2.2362 -1.0206 -1.6408 -1.8469 0.1542 -0.5061 -0.6536 -1.6688 1.6117 -1.1919 -0.0145 -1.2466 -6.6943 -1.1667 0.8761 -0.9231 1.1000
1.5371 -0.8023 -1.1113 0.5662 0.6371 0.6200 0.5960 -0.1891 1.3204 1.2938 1.2818 0.6851 0.8840 0.8472 -0.0746 -0.6874 -0.4061 -1.2669 0.2884 -1.1081 0.8812 0.0857 0.5390 0.9811 0.0675 0.9112 0.3530 0.3239 -0.0394 -0.2119 -0.6239 0.9445 -0.2487 -5.3293 -0.4891 0.9000
-0.7595 -0.9932 -0.7317 0.0012 -0.0013 -0.6568 -0.6600 -0.6103 -0.6155 -0.7234 -0.7305 0.7407 1.7237 0.3026 1.3186 0.0256 0.6627 -0.1292 0.4636 0.0973 0.2013 -0.6238 0.0621 0.5724 0.2109 0.8648 -0.1699 0.2180 -0.3816 -0.3065 -0.5992 -0.7895 0.7159 -0.4406 0.8957 1.1000
-0.6839 -1.1519 1.0277 -1.1299 -0.9644 -0.6568 -0.6600 -0.6103 -0.6155 -0.7642 -0.7709 -2.5984 0.8613 0.2890 2.1041 0.8164 1.9647 1.0153 2.8393 2.1331 1.9890 1.6798 1.3304 -2.2445 0.5327 0.2687 -0.0598 -0.3169 0.4057 -0.1205 0.4241 -0.0585 1.8004 0.2505 0.2268 1.1000
-0.7304 1.2185 0.8849 -0.7604 -1.3488 -0.6568 -0.6600 -0.6103 -0.6155 -0.7391 -0.7461 -2.6044 -0.6971 0.9681 -1.9286 0.5929 -1.5845 -0.5738 0.1296 -0.0801 -0.3743 -0.2220 -0.7045 -2.2445 0.4354 -0.1512 -0.2247 -0.6179 2.5748 -0.9943 1.9363 -0.3953 1.5036 -0.6180 0.8769 0.0000
-0.7363 0.8902 1.2078 0.0012 -1.4166 -0.6568 -0.6600 -0.6103 -0.6155 -0.7360 -0.7430 0.8326 -0.7517 0.1978 -0.8492 0.6808 0.4410 0.7916 -0.2672 0.9075 -1.1357 0.7549 -1.3214 0.1948 1.0789 -0.4673 1.0293 -0.4341 0.4512 -0.7530 0.0087 0.2404 -0.6042 -0.0073 -0.5653 -1.1000
-0.6199 -1.0410 -0.5175 0.0012 -0.0013 0.6151 -0.6600 1.8583 -0.6155 1.2938 -0.8051 -0.1342 -0.1582 0.0856 0.7991 0.4443 1.1830 0.1289 0.5503 0.7322 0.7894 0.5447 1.1383 -1.0617 0.6809 0.8850 -0.0185 0.3381 -0.5509 -0.0859 -0.5266 0.0578 0.6462 -0.1251 0.5585 -1.1000
-0.6868 -0.9524 0.7433 1.2706 1.4332 2.8506 2.1941 1.5376 2.3942 1.3822 1.3700 0.3274 -0.0339 -0.5003 -0.5968 -1.0618 -0.2625 -0.8911 0.6094 -0.1501 -0.3077 0.0597 -0.1928 -1.0101 -0.5970 -2.1839 -1.4810 -2.1898 -2.5115 -2.8205 1.7586 -3.3283 1.1880 -1.0372 1.1402 -0.1000
1.5233 -1.1170 -0.9621 -1.4425 -1.1277 -0.6568 -0.6600 -0.6103 -0.6155 -0.8019 -0.8082 0.2755 0.7652 0.1326 0.0527 0.5428 1.6152 0.7338 1.4328 0.3505 0.9667 0.6863 0.9496 0.2861 0.2811 3.6906 -0.3708 3.3068 -0.6723 2.8784 -0.8748 2.3276 -1.2582 1.4168 -1.0411 1.1000
2.8594 -0.8403 -0.5784 1.0804 1.3558 0.5867 0.5635 -0.1999 1.9598 1.2938 1.3696 1.8098 0.9457 1.6749 0.7914 0.8244 0.9739 -0.0594 0.8633 0.4712 0.5193 0.2795 0.1415 1.7664 -0.1775 1.3607 -0.1774 0.7623 -0.7547 0.3676 -1.2273 -0.1771 0.1412 1.2995 -0.2835 1.1000
1.2789 -0.7002 0.9837 0.8987 0.9699 -0.6568 0.5424 -0.6103 0.7659 -0.7187 1.2818 -0.0070 0.8712 1.1732 0.0548 0.1660 0.2229 -0.6540 0.1258 -0.1908 -0.7575 -0.4959 -1.4993 0.5337 -0.0575 -0.2076 -0.0365 -0.7878 -0.2326 -1.0549 -0.0126 0.2066 -0.5489 -0.0656 -0.6284 1.1000
-0.6519 -1.0090 -0.9774 0.4946 0.5562 0.6044 -0.6600 0.7088 -0.6155 1.2938 -0.7880 -1.2914 0.0535 0.4438 0.1444 0.0825 0.7879 0.8150 0.7810 0.4620 1.1211 1.1451 0.9684 -0.1507 0.5092 0.3537 0.4878 -0.0987 1.0510 0.1778 0.5147 0.1398 0.4050 0.2233 -0.0233 1.1000
1.5002 -0.9292 1.0715 1.5692 1.5440 0.6122 0.5883 1.7646 1.0782 1.3835 1.2818 0.7847 0.9646 0.1963 0.5530 0.9238 1.2186 0.5210 1.3565 1.0454 0.4367 0.7399 0.8546 0.7515 -1.3650 0.0739 -0.4303 -0.0973 0.1367 0.6842 -0.3803 0.2587 -0.7591 0.0597 -0.0856 -1.0000
1.4864 -0.5397 -0.8658 0.8384 0.9447 -0.6568 -0.6600 -0.6103 -0.6155 -0.7893 -0.7958 0.5032 0.3287 0.8432 0.9297 0.8341 0.8017 0.6479 0.7687 0.3960 0.7232 2.3143 0.8086 -0.3159 0.3052 0.9093 -0.5145 0.4247 -1.2498 -0.0348 -1.3320 1.7896 -0.2652 0.0150 -0.1464 -1.0000
1.4956 1.2118 1.0972 -1.4710 1.1069 1.8792 -0.6600 1.4425 -0.6155 1.2938 -0.7989 1.4399 1.4173 1.5609 0.8828 1.5282 0.2884 1.0426 0.0462 0.8965 0.0851 0.0448 -0.2909 -1.5027 0.3372 0.2634 -0.4521 0.5671 -0.2281 0.2159 0.4470 -0.3513 -0.1298 -0.3189 0.1057 -1.1000
1.5095 1.1877 0.7909 1.0457 1.1789 -0.6568 -0.6600 -0.6103 -0.6155 -0.7972 -0.8036 1.5904 0.1760 1.4247 0.5360 1.2948 0.1261 0.9009 0.4554 0.6226 0.5307 0.4025 0.6759 0.3703 0.8467 0.5763 0.3734 0.0123 0.5388 -0.0594 1.8444 -0.4377 1.2759 -0.2303 1.1211 -1.1000
-0.7595 -0.9762 1.1963 -1.1320 -1.2822 -0.6568 -0.6600 -0.6103 -0.6155 -0.7234 -0.7305 -1.1835 0.4942 -0.9822 0.7577 -1.3062 -0.3255 0.5377 -1.3955 0.6359 -1.4566 0.0821 -1.8317 -0.3079 0.6552 -1.1762 0.9834 -0.6934 0.3503 -1.1175 -0.2599 -1.2990 -0.6107 0.0228 -0.7659 1.1000
-0.7217 -0.8438 1.0299 -1.3683 -0.0013 -0.6568 -0.6600 -0.6103 -0.6155 -0.7438 -0.7507 -1.3859 0.8852 0.4093 -0.0518 -1.6603 -1.1204 -0.7502 -1.3117 -0.1539 -0.9384 -0.0557 -1.9053 0.3798 1.0352 -0.3452 1.4704 -0.7676 0.8755 -0.1804 0.2764 0.0726 1.5548 -0.1327 0.9243 -1.1000
-0.7392 1.0476 -0.2854 0.2421 0.2709 1.2955 -0.6600 0.2028 -0.6155 1.2938 -0.7414 0.5314 -1.9541 0.3142 -1.5293 0.2878 -0.3848 0.4769 0.1535 -0.3891 -0.4693 -1.0405 -1.1555 0.6441 -1.6789 -0.0267 -0.9350 2.3547 -0.3596 0.2385 -0.7725 -1.4532 -1.2817 -5.3293 -1.1121 0.7000
-0.7683 1.1884 1.0492 0.1520 0.1691 0.5652 -0.6600 -0.2069 -0.6155 1.2938 -0.7259 -0.0912 -1.4057 0.5054 -1.4709 0.7534 -0.7357 -0.0689 -1.6301 -0.8419 -2.0466 -0.9565 -1.4422 0.3230 0.0316 -0.5472 1.0385 -0.9067 0.4314 -1.3912 -0.0859 0.1160 -0.6482 0.7894 -0.5002 1.1000
-0.6083 1.1112 1.0640 -0.5435 -0.6169 -0.6568 -0.6600 -0.6103 -0.6155 -0.8050 -0.8114 0.0256 0.5488 0.7480 -0.3742 -0.0455 -1.3415 -0.0469 -0.5160 0.5451 -0.2125 0.9479 -0.2882 1.0609 0.8045 1.1183 0.6736 1.3328 1.0894 0.8952 0.6595 0.3650 1.8014 0.8280 1.0969 -0.8000
-0.6810 -0.8705 -1.1175 1.3365 1.6483 0.5946 -0.6600 -0.1974 -0.6155 1.2938 -0.7725 0.3748 1.5802 -0.4568 0.5753 -0.1247 0.1994 -0.7685 0.6127 -0.4169 1.3571 0.0529 1.1821 1.0020 0.3314 0.4928 -0.3546 -0.1635 -0.2965 -0.6233 1.6064 -0.0892 1.0509 -0.0645 1.0809 0.7000
-0.7624 1.1025 1.1340 1.1383 1.2839 1.2831 -0.6600 2.7751 -0.6155 1.2938 -0.7290 1.2118 0.5669 0.5664 -0.9305 0.0780 -1.0013 -0.2913 -2.1958 -0.6565 -2.8740 -1.1464 -3.1470 0.6890 0.5965 0.3246 0.1561 -0.2923 -0.4140 1.8967 -1.0270 1.3418 -0.9327 0.7773 -0.5985 -0.3000
-0.6373 1.1960 0.9923 -0.7729 -0.8761 0.6093 -0.6600 0.5624 -0.6155 1.2938 -0.7958 0.8250 -0.0055 0.7226 -0.7272 0.0116 -2.6137 -0.4772 -1.1028 -0.5933 -1.3694 -0.8916 -1.9567 -1.5037 1.7285 -1.3944 1.3938 -0.3542 0.7897 -0.6794 0.5838 -1.1632 1.0410 -0.2380 0.4841 1.1000
-0.6752 1.0698 -0.9706 -1.3356 -1.5121 2.8616 1.2943 2.1254 2.9871 1.4712 1.3703 -1.6918 -1.5948 -0.6010 -1.1455 0.3513 -0.4299 -0.7409 -0.3525 -0.9586 -0.1620 -0.7607 -0.5306 -1.4648 -1.5364 -2.8572 -1.1591 1.0579 -1.7778 2.1576 -0.7462 0.8300 -0.9227 0.8918 -0.9340 1.1000
-0.7770 0.9770 1.1325 -0.9749 -1.1047 1.2753 0.5395 0.0275 0.7626 1.3801 1.2818 0.9550 -1.3483 0.8036 -0.5964 -0.4848 -1.0631 -1.2396 -0.8738 -0.1147 -1.7931 -0.8326 -1.7744 0.2075 -1.9288 -0.4330 -0.0027 -1.1269 -0.6190 -0.3040 -1.1350 1.4327 -1.3043 -0.3861 -0.7326 1.1000
-0.7624 -1.0043 -0.8463 -0.2381 -0.2718 -0.6568 0.5443 -0.6103 0.0184 -0.7218 1.2818 0.1554 -0.7677 -0.8740 -1.5522 -0.4673 0.3618 -0.1543 0.3589 0.1261 0.3922 -0.3700 -0.1379 0.5296 0.1130 0.0852 -0.1734 0.0691 -0.5970 -0.4500 -0.6615 -0.8910 1.5580 -0.4595 0.8236 -1.0000
-0.6810 1.0364 1.1568 1.4267 1.6096 -0.6568 -0.6600 -0.6103 -0.6155 -0.7658 -0.7725 0.4526 -0.4709 0.2862 -0.7966 0.9501 0.4546 0.7427 -0.1124 1.5297 0.5885 1.4715 0.3958 0.0046 0.7511 -0.9681 0.0524 0.4518 -0.5578 0.0016 -1.0306 0.0540 0.6757 0.2581 0.1157 1.1000
-0.7275 -0.9305 -0.9971 0.1537 0.1710 0.5789 -0.6600 -0.2025 -0.6155 1.2938 -0.7476 -1.3264 0.0726 -2.3646 -0.4167 -0.0763 0.3824 -0.8478 0.8972 -0.2784 0.5447 0.5282 -0.2813 -0.8758 0.8923 -0.3025 3.0319 -0.4307 2.5805 -0.9705 2.0785 -0.5948 1.4683 -0.6028 0.8733 0.5000
-0.7421 -1.1581 1.0202 0.0012 0.9722 -0.6568 -0.6600 -0.6103 -0.6155 -0.7328 -0.7398 0.0406 1.0082 -0.7885 1.4928 -0.5609 1.2928 0.1821 0.6549 0.4302 -0.1060 1.1849 -0.8675 0.0391 1.0875 -0.6003 0.8857 -0.4827 0.2449 -0.9833 -0.2820 0.2269 -0.6862 -0.0183 -1.0404 1.0000
-0.6286 -0.9389 -1.0404 -1.3756 -1.5454 -0.6568 -0.6600 -0.6103 -0.6155 -0.7940 -0.8005 0.3401 -2.5923 -0.4153 0.1817 0.7956 1.1318 0.4360 1.4907 0.2800 1.2808 0.7515 1.8031 0.4255 0.0106 0.3497 -0.5227 -0.1885 0.7694 -0.6931 0.3122 -0.0098 1.7971 -0.2326 1.2136 1.1000
-0.6868 -0.7871 -0.8860 -1.1783 -1.3306 6.4301 4.1424 4.3000 3.0168 1.5741 1.5099 -1.1467 -1.4383 -4.5890 -2.0806 -5.1618 -3.6888 -5.6064 -2.8394 -2.0287 -1.5219 -0.4560 -1.2442 -1.5971 -1.6323 -2.7025 -2.9836 -3.4225 -3.6243 -3.5768 2.3588 -1.9205 1.8225 -0.9965 0.5607 -0.9000
-0.6170 -1.0775 -1.0481 -1.2939 -1.4697 -0.6568 0.5922 -0.6103 0.0432 -0.8003 1.2818 0.5376 -0.7653 1.5810 1.4273 0.7113 1.5266 0.5291 1.1759 -0.0535 1.0636 0.8495 2.5564 0.8721 -0.4090 3.6885 -0.8847 3.3015 -0.9782 2.8760 -1.0561 2.3084 -1.3317 1.4118 -0.8400 1.1000
-0.7043 -1.0812 -1.0820 -1.3612 -1.5357 -0.6568 3.0104 -0.6103 2.8594 -0.7532 1.3696 0.6734 -0.1234 0.2063 -0.2163 -0.7903 0.6142 -1.7839 0.7647 -1.0910 0.5741 -0.1415 0.5312 1.4918 -1.5413 1.3328 -2.5401 0.7287 -1.2179 0.1431 -0.4652 -0.2087 0.1549 1.2994 -0.2027 -1.1000
-0.7653 1.0462 1.0537 -0.9413 -1.0667 -0.6568 0.5434 -0.6103 1.4505 -0.7203 1.2818 -0.0408 -0.0193 -0.6623 -0.3106 0.0947 -0.6212 -0.0934 -0.5534 -0.2101 -1.1482 -0.2854 -1.7576 -0.3273 0.4881 -1.0514 0.4119 -0.8125 -0.0282 -0.8518 0.0288 0.2127 -0.5132 -0.0595 -0.6116 -1.1000
1.4634 -0.9391 -1.0853 0.1569 0.1746 0.6044 -0.6600 -0.1942 -0.6155 1.2938 -0.7880 0.4009 0.3861 -0.4734 0.0138 0.4572 0.8489 0.1008 1.0850 -0.1283 1.2719 0.8509 1.0392 0.7787 0.1304 0.2479 -0.0367 -0.1392 1.0318 0.1507 0.4965 0.1355 0.3984 0.9060 -0.0280 -1.1000
-0.6199 1.2252 1.2671 0.1582 0.1761 0.6151 -0.6600 -0.1907 -0.6155 1.2938 -0.8051 0.3544 -0.8650 -0.4324 -1.2826 1.1501 -0.5345 1.3017 -0.9637 1.3827 -1.6020 1.0957 -0.1553 0.2462 0.2596 -0.4922 0.5459 -0.1328 0.0320 -0.3062 -0.1259 0.2894 -0.5883 1.0084 -0.0586 -1.1000
-0.6403 1.1378 1.1855 -1.5320 -1.0827 -0.6568 0.5845 -0.6103 1.3263 -0.7877 1.3711 -1.6791 0.1531 -1.1592 0.6479 0.9562 -0.0017 1.3043 -0.4721 1.2303 -0.2128 1.1004 0.3069 -1.9172 0.6930 -0.6974 0.5146 -1.2156 -0.1568 -0.4922 0.3435 -0.7716 -0.2170 0.2213 0.0026 -1.1000
-0.6403 0.9931 -1.0167 0.2487 0.2783 0.6083 -0.6600 0.0513 -0.6155 1.2938 -0.7943 1.2859 -1.9246 0.4735 -0.5010 -0.0130 -0.5805 -0.4746 0.4303 -0.7825 0.2746 -0.7907 -0.0138 1.2911 0.0359 0.7914 -0.9417 0.3295 -0.2505 -0.0457 0.1585 -0.4667 -0.4987 -0.3720 0.0442 1.1000
1.4956 -1.1400 -1.0672 -0.5402 -0.6131 -0.6568 0.5874 -0.6103 0.8169 -0.7925 1.2818 1.6015 1.1357 0.7915 1.0642 0.1912 1.5460 -0.2781 1.3508 -0.3473 0.9746 -0.4923 0.8343 1.3065 0.2828 0.8920 -0.2250 0.2486 -0.3152 -0.3203 -0.4958 -0.4866 -0.1970 -0.2670 -0.6519 1.1000
1.2974 -0.9761 1.1012 1.3575 1.5317 1.2862 -0.6600 1.6496 -0.6155 1.3806 -0.7321 0.3406 0.5960 -0.0581 1.2581 -0.8289 -0.0117 -0.1574 -1.0527 -0.0848 -1.3658 -0.3012 -1.3271 -0.9283 0.6446 -2.1039 -0.0630 -1.2158 -0.7421 -0.6471 -0.2445 0.1351 -0.6053 0.1184 -0.7535 1.1000
-0.7217 -0.9197 -0.9772 -1.0694 -1.1693 -0.6568 0.5577 -0.6103 0.5196 -0.7438 1.2818 0.6181 -0.2339 -0.5809 -0.9417 -0.9063 -0.2896 -1.2433 -0.0853 -0.7656 0.0253 -0.0011 -0.4561 1.3507 -1.7750 0.8396 -0.8431 0.5574 -0.9592 0.0934 0.2566 0.0791 0.0157 -0.1288 -0.6155 1.0000
1.3250 0.8713 -0.8179 0.0012 -0.0013 -0.6568 0.5520 -0.6103 0.1894 -0.7344 1.3688 0.2748 0.0109 0.5875 -0.3569 0.3686 0.1299 0.0080 -0.4119 -0.6515 -0.4471 -1.3871 -1.1951 0.1554 0.4376 0.4572 -0.3963 0.8416 -1.0109 1.9189 -0.8348 1.4283 -1.2528 -0.5957 -1.1091 1.1000
-0.7683 -1.0099 -0.9959 -1.3507 -1.5294 -0.6568 -0.6600 -0.6103 -0.6155 -0.7187 -0.7259 -1.7255 0.2648 -0.5244 -0.9852 -0.5330 0.3433 -1.5131 -0.6936 -1.6066 -0.5363 -1.5441 -0.5560 -0.7678 0.1244 -0.5185 0.7006 -0.9508 0.4121 -1.2356 -0.0962 0.5439 -0.6586 0.0797 -0.5044 1.1000
-0.6170 -1.0553 0.8550 1.4516 1.6375 -0.6568 0.5922 -0.6103 1.4435 -0.8003 1.2818 0.8351 0.5090 -0.4010 0.9285 -0.7324 0.4982 0.1979 0.2039 0.3576 0.1617 1.0365 -0.1510 1.3641 0.9119 0.8606 0.8232 0.4924 1.1016 0.8640 0.7116 0.3202 1.7893 0.8127 -6.7417 0.4000
-0.6664 1.1552 -0.9772 1.2233 1.3797 -0.6568 -0.6600 -0.6103 -0.6155 -0.7736 -0.7803 -0.9281 0.1398 0.9307 -0.7503 -0.1274 -2.0456 -0.9908 -0.5199 -0.3355 0.4064 -0.3480 0.5001 -0.2020 0.4058 -0.4437 1.1335 -1.2130 2.1550 -1.1762 1.6522 -0.0076 1.0876 -0.1731 1.0770 1.1000
1.3112 -1.0056 1.0532 0.4268 0.4797 0.5720 -0.6600 0.5284 -0.6155 1.2938 -0.7367 0.8698 1.3117 -0.0629 1.6544 -0.6028 0.2806 -0.7277 -0.5340 -0.2368 -1.1900 -0.4872 -1.7767 0.6771 0.7822 0.7606 0.6815 2.4103 0.0096 1.9277 -0.2457 1.4997 -0.6211 0.7072 -0.5622 -0.6000
1.4910 0.9150 -0.8086 -1.1587 -1.3121 -0.6568 -0.6600 -0.6103 -0.6155 -0.7909 -0.7974 0.6087 0.3177 0.6410 -0.7321 0.0390 -0.3172 -0.4561 0.1119 -0.6951 -0.4942 -1.0525 -1.1213 0.5284 0.9048 -0.0726 1.4428 -0.6538 1.1571 -0.4431 0.6105 -0.9649 1.0495 -0.2232 0.4919 1.1000
-0.6693 -0.9694 0.4246 0.5371 0.6043 0.5985 1.2973 0.8226 0.0343 1.2938 1.2818 -1.0473 -1.8011 -1.2690 -0.5898 -1.8945 -0.7034 -1.3481 -0.6090 -1.4317 -1.6481 -1.1897 -1.7841 -0.8067 0.7224 -1.8372 0.7734 -1.8456 0.2800 -1.3639 -0.3128 -0.6554 -0.6469 0.8727 -0.6820 -0.5000
1.5325 1.0144 -1.0763 1.2492 -0.0013 -0.6568 0.5950 -0.6103 1.3870 -0.8050 1.2818 0.3024 0.4781 1.5473 -0.3541 0.1954 -0.4095 -0.7083 0.2655 -0.7769 0.7509 0.2860 0.3826 0.9050 0.9167 0.2191 0.5818 0.2720 -0.0755 -0.2401 -0.6427 -0.7480 -0.2186 0.6772 -0.4960 -1.1000
-0.7508 1.1740 -0.9076 1.5318 1.2475 -0.6568 -0.6600 -0.6103 -0.6155 -0.7281 -0.7352 1.2361 -1.7188 1.1932 -1.3025 0.3564 -1.3052 0.1076 -0.0177 -0.0156 0.4064 -0.5251 0.0823 1.4815 -1.9268 1.1354 -0.2357 0.5114 -0.5729 -0.0828 -0.7601 -0.6186 -1.0027 -0.2219 0.8764 1.1000
-0.6810 -1.0855 1.0678 -1.4420 -1.6323 1.3265 -0.6600 1.3073 -0.6155 1.3823 -0.7725 -0.4007 -0.0293 -0.9110 1.3367 -0.5299 0.7883 0.1644 0.3351 1.3142 0.8291 1.2892 0.6313 -1.5962 0.5527 -2.7528 -0.2085 0.5771 -0.9167 0.0878 -1.2981 0.0550 0.6318 0.2581 1.1078 1.1000
-0.7304 0.9027 0.9082 1.2948 1.1729 -0.6568 -0.6600 -0.6103 -0.6155 -0.7391 -0.7461 -2.6044 -0.2668 0.3610 -1.4522 0.3939 0.1148 -0.6583 -0.0031 -0.1547 -0.5081 -0.2533 -0.9582 -2.0424 0.1524 -0.2098 -0.4865 -0.9227 0.7607 -1.0427 2.0971 -0.4038 1.5368 0.6163 0.8784 0.0000
1.3158 -1.0239 1.1258 1.3619 -0.0013 1.2924 2.4679 1.3198 1.4778 1.2938 1.2818 0.4193 0.0062 -0.0490 1.2710 -0.0002 0.7727 0.3341 -0.0457 0.7246 -0.3405 0.8345 -1.3142 -0.7474 1.1373 -1.4744 0.6482 -1.4174 -0.0102 0.7845 -0.5104 0.2200 -0.7748 -0.0253 -1.0960 0.9000
-0.6315 -1.1304 0.9673 0.2493 0.2790 1.3529 -0.6600 0.2264 -0.6155 1.2938 -0.7989 0.2605 -1.1684 -0.4043 0.6580 0.0417 1.4016 0.5438 1.0796 1.1568 0.9260 0.7847 1.2274 0.4574 -0.5914 -0.1841 1.1330 -0.6208 0.6671 -0.5843 0.0750 -0.0194 0.7148 -0.1678 1.2080 1.1000
1.4080 -0.8421 1.1687 1.1512 1.0873 -0.6568 1.7984 -0.6103 2.3384 -0.7626 1.2818 0.9572 0.3845 0.6290 -0.8323 -0.3511 -0.0532 2.2339 -0.1115 1.6891 0.7303 0.9806 0.2038 0.4831 -0.9797 -0.3328 -1.2778 -1.0942 -1.7930 -1.8101 -2.1694 -1.0481 0.7241 -0.9755 -0.3884 1.1000
-0.6141 -1.0436 -0.9951 0.8931 1.0065 3.1648 0.5931 3.2571 1.2114 1.2938 1.2818 -0.5537 -0.0658 0.7979 0.1345 0.4131 1.1731 0.5027 0.8397 0.0063 0.8051 0.8894 2.4970 -0.7786 0.3554 -1.6051 -0.3866 3.3046 -0.7983 2.8805 -1.0479 2.3295 -1.2990 1.4162 -0.8270 0.9000
-0.7101 0.8206 0.9816 0.8220 0.9262 -0.6568 -0.6600 -0.6103 -0.6155 -0.7501 -0.7569 0.5097 -1.3798 -0.2190 -0.6321 0.5732 0.3894 0.9749 0.0920 0.5517 0.1702 0.8899 0.0757 -0.4592 -0.4167 -0.1714 -0.5036 -0.2404 -0.0731 0.0680 0.7232 -0.4781 0.1460 1.2904 -0.0399 -1.1000
1.2835 -0.5697 1.1245 -0.6812 -0.8615 -0.6568 -0.6600 -0.6103 -0.6155 -0.7203 -0.7274 0.4055 0.9963 -0.6114 0.5340 0.3431 0.3299 0.4335 -0.1601 0.1606 -1.2181 -0.0173 -1.0855 0.0994 0.8665 -0.1816 0.6978 -0.8291 0.5204 -0.8508 0.1084 -1.0058 -0.4268 -0.0583 -0.6057 -1.1000
1.4634 -0.3901 -0.9389 1.4829 1.2912 -0.6568 0.5807 -0.6103 0.8093 -0.7815 1.3708 1.5557 -0.1689 0.6559 0.2950 0.9048 0.8489 1.0458 0.8371 0.5976 1.1099 1.1904 0.9607 1.0805 0.3575 0.5399 0.4540 0.0409 1.0490 0.1799 0.5127 0.1443 0.4043 0.9063 -0.0238 -1.0000
-0.6199 1.2372 1.2708 1.0465 -0.0013 -0.6568 -0.6600 -0.6103 -0.6155 -0.7987 -0.8051 0.9136 -1.6715 0.0253 -1.2053 1.2659 -0.4802 1.3975 -0.9145 1.4471 -1.5520 1.1384 -0.0784 0.3912 -0.6456 -0.3544 0.5590 -0.1200 0.0417 -0.3014 -0.1223 0.2898 -0.5857 1.0084 -0.0583 -1.0000
1.4864 -1.0602 -0.8205 -0.4374 -0.4970 -0.6568 -0.6600 -0.6103 -0.6155 -0.7893 -0.7958 1.0525 0.8387 1.5135 1.3184 1.0832 1.7155 0.2333 1.2498 0.4420 0.6854 2.4674 1.0965 0.8926 -0.0810 0.4986 -0.5990 0.2134 -0.3951 -0.3382 -0.6215 0.2301 -0.2414 0.3765 -0.0079 -1.1000
-0.6432 1.1099 -0.4359 0.0012 -1.1751 -0.6568 -0.6600 -0.6103 -0.6155 -0.7862 -0.7927 -0.1024 -0.0425 1.0202 0.7753 0.9426 0.1443 0.1536 0.1207 -0.0258 -0.0571 -0.2767 -0.0280 -0.1701 0.2757 0.4626 -0.3670 -0.0486 -0.8357 -0.3666 1.1604 -0.5182 -1.4007 -0.3924 -0.7973 -1.0000
1.4956 -0.8875 -1.0595 0.7368 0.8299 0.6112 -0.6600 1.3562 -0.6155 1.2938 -0.7989 1.6528 0.2923 0.7983 -0.1924 0.1331 0.4616 -0.6691 1.2589 -0.4237 0.8587 -0.5418 0.7096 1.3069 0.1848 0.8754 -0.7403 0.2282 -0.2661 -0.3936 -0.5068 -0.5161 0.6554 -0.2707 1.0697 -1.0000
-0.7595 1.0250 1.2350 1.4906 1.4756 1.2846 -0.6600 0.7884 -0.6155 1.2938 -0.7305 -1.1378 0.0708 -1.3706 0.8078 -0.1825 -0.8862 0.8568 -2.1482 0.8433 -1.9615 0.2328 -2.1692 -1.7786 0.7154 -1.7046 0.9892 -2.0408 0.3565 -1.0810 -0.2537 -1.2839 -0.6072 0.0231 -0.7642 -1.1000
-0.7421 0.6254 0.9874 0.4826 0.5427 -0.6568 -0.6600 -0.6103 -0.6155 -0.7328 -0.7398 -1.4627 0.1092 -1.5684 -0.8227 -3.2092 -3.4035 -1.9965 -2.6913 -1.2814 -2.2438 -0.4005 -1.9464 0.6216 -0.8691 -0.1378 -0.3747 0.0786 -0.4850 -0.2262 0.0129 -0.0196 -0.1044 -0.1858 -0.7570 -1.1000
1.3204 1.1080 0.8321 0.5265 0.7750 0.5740 -0.6600 1.5662 -0.6155 1.2938 -0.7398 -0.1666 0.3235 0.3256 0.4596 0.1098 -1.0054 -0.0533 -0.9427 -0.9293 -1.2911 -1.4602 -1.7870 -0.2185 0.5848 -0.4960 -0.1541 -0.4394 -0.6641 1.9960 -0.9254 1.4227 -1.3902 0.7522 -1.1424 -0.5000
1.2789 1.0236 -0.6814 -0.9914 -0.4796 -0.6568 -0.6600 -0.6103 -0.6155 -0.7187 -0.7259 -0.1534 0.4860 0.3156 -0.8710 0.0632 -0.5607 -0.9303 -1.4444 -1.0339 -1.0479 -1.3486 -0.8942 0.0726 1.1275 -0.6406 0.6157 -1.4086 -0.0080 -1.2182 -0.1962 -0.1196 -0.6820 -1.1209 -0.5126 -1.1000
-0.7712 0.4431 1.1092 -0.3485 -0.3966 -0.6568 0.5414 -0.6103 0.3110 -0.7171 1.2818 -1.1011 0.2439 -1.1113 0.2652 -0.4297 -0.4959 -1.0469 -1.5846 -0.3641 -1.9146 -0.1253 -1.3221 1.8868 0.4197 1.8124 0.0054 1.2697 -0.4750 1.7929 -0.8124 1.2317 -0.2997 0.6181 0.8324 -1.1000
-0.6664 1.0374 -0.9924 -0.9145 -1.0361 -0.6568 0.5759 -0.6103 1.8080 -0.7736 1.2818 1.8635 0.2831 1.2578 0.7257 -0.3765 -1.2486 -0.9515 -0.0401 -0.7107 0.1719 -0.2324 0.9218 0.4997 0.3097 -0.0049 1.0385 -0.1853 0.4328 0.2430 1.6106 0.0100 1.0862 -0.0215 0.6095 -1.0000
-0.7566 -1.0076 1.0219 -0.3012 -0.3432 -0.6568 -0.6600 -0.6103 -0.6155 -0.7250 -0.7321 -1.9594 -0.0992 -1.9327 -1.2737 -1.8354 -0.4467 -0.8608 -1.4473 -0.5326 -1.4017 -0.9153 -2.7793 0.2133 0.9855 -0.4485 0.7764 -0.7475 0.1387 1.3415 -0.5256 1.3615 -0.6902 0.7774 -0.5494 -1.1000
1.4910 0.8197 -0.8894 -1.2863 -1.4562 -0.6568 -0.6600 -0.6103 -0.6155 -0.7909 -0.7974 1.2519 0.0675 0.2966 -0.9304 -0.3432 -0.5885 -0.8019 0.0911 -0.9522 -0.5179 -1.1536 -1.1389 -0.2246 0.8248 -0.3838 1.4372 -0.8583 1.1541 -0.4682 0.6076 -0.9867 1.0491 -0.2247 0.4916 1.1000
-0.6752 -0.9012 1.0198 -1.0814 -1.2248 -0.6568 -0.6600 -0.6103 -0.6155 -0.7689 -0.7756 -1.5101 0.2756 -1.3876 -0.8011 -1.5512 -0.8203 -0.6303 -1.6128 -1.0046 -2.0940 -0.6721 -2.0332 -1.8349 0.6560 -0.3167 0.2604 2.5643 -0.3123 1.3973 -0.5818 -0.6250 -0.8493 0.8920 -0.8152 0.8000
-0.6112 0.9842 -1.0968 0.0012 -0.0013 -0.6568 0.5941 -0.6103 1.2128 -0.8034 1.2818 0.5273 -0.0288 0.2780 -0.5956 -0.7078 -1.4332 -1.1943 -0.5797 -1.3280 0.5954 -0.1125 0.5616 0.4036 0.1455 0.6914 -0.2690 0.0325 -0.8572 -0.4977 -1.1636 -0.8768 -0.2609 0.3268 -0.5219 1.1000
-0.7595 -1.0804 -0.9127 -0.6625 -0.7944 -0.6568 1.2503 -0.6103 1.9430 -0.7234 1.2818 -1.7224 1.3964 0.3955 1.3153 -0.4285 0.7979 0.0711 0.6105 -0.1984 0.2459 -0.8572 0.1591 -1.9265 -0.8854 0.8668 -0.6400 0.2215 -0.6890 -0.2524 -0.7239 -0.7840 0.7160 -0.4403 0.9014 1.1000
-0.6781 -0.8867 0.4630 1.3872 1.6108 -0.6568 -0.6600 -0.6103 -0.6155 -0.7674 -0.7740 -1.1423 0.4533 -1.2696 -0.5105 0.5335 0.7934 1.0345 0.9775 1.2402 1.3157 1.2347 0.7120 0.1548 -0.5671 0.8638 -0.6809 0.6299 -0.3186 0.1412 -0.8850 0.0688 0.4489 0.2633 1.1074 1.1000
-0.7304 -0.8600 -0.6396 0.1536 0.1709 2.2100 -0.6600 3.0083 -0.6155 1.3812 -0.7461 -1.7118 -0.7751 0.5862 -2.8251 0.0555 0.3232 -0.9912 0.2312 -0.3015 -0.2937 -0.3383 -0.6500 -1.3861 -0.7924 -0.7685 -1.5230 -0.8412 2.5747 -1.0976 1.9361 -0.4021 1.5035 -0.6231 0.8767 0.1000
-0.7421 -0.9074 0.9609 0.1531 0.1703 1.2939 -0.6600 0.0336 -0.6155 1.2938 -0.7398 0.2905 -1.9550 1.4366 1.0987 0.6250 0.9022 1.0004 0.3795 0.4281 0.0824 1.1236 -0.9569 0.3146 -0.3691 -0.4719 0.6530 -0.8229 0.1531 0.4290 -0.4389 0.2222 -0.7429 -0.0205 -1.0709 1.1000
-0.6315 -1.0546 -1.0121 0.6886 0.7754 2.6209 -0.6600 1.5356 -0.6155 1.2938 -0.7989 0.5739 -0.8716 -0.1275 0.5214 0.1994 1.0724 0.4143 1.0130 0.3645 1.1965 0.8940 1.2229 -0.0105 1.6582 -0.3783 1.3147 -0.8978 0.7097 -1.0653 0.2679 -0.0300 1.9120 -0.2456 1.2081 1.0000
1.4080 -0.6323 1.2091 1.2856 1.4502 0.5926 1.2882 0.3470 0.0313 1.2938 1.3700 0.7951 0.5627 0.0336 0.0679 -0.3633 -0.3172 -0.9211 -0.5609 1.7259 0.3584 1.0228 -0.0241 0.4718 -0.3655 -0.3524 -1.2893 -1.1115 -1.6530 -1.8272 -2.0632 -1.6933 0.2054 -0.9807 1.1370 1.0000
1.5187 -0.9671 -0.8977 -1.2635 -1.2005 0.6161 0.5922 0.0553 0.7651 1.2938 1.2818 0.8818 1.1800 1.6635 1.8748 0.8621 1.2572 0.8030 1.1785 0.2518 0.6615 0.9910 2.4032 0.8777 0.1501 3.6885 -0.7792 3.3015 -0.8949 2.8760 -1.0499 2.3084 -1.3244 1.4118 -0.8369 1.1000
-0.7043 0.9292 -0.8249 0.1547 0.1721 0.5867 -0.6600 -0.1999 -0.6155 1.2938 -0.7601 -1.7023 0.1167 0.9339 -0.5403 0.6767 0.3787 -0.3349 0.7543 0.3213 0.5600 0.2458 0.1437 -0.2426 -0.0405 0.1064 -0.8513 0.7577 -0.7819 0.1832 -1.2374 -0.1782 -0.5635 1.2995 -0.2914 1.1000
1.2835 1.1039 1.1142 0.3030 0.3397 -0.6568 -0.6600 -0.6103 -0.6155 -0.7203 -0.7274 0.4104 0.7754 0.0050 0.0933 0.5761 -0.2800 -0.0124 -0.3865 0.2221 -1.0058 -0.2817 -1.6196 0.1344 0.5273 -0.6887 0.4205 -0.7335 -0.0230 -0.7837 0.0300 0.2173 -0.5122 -0.0587 -0.6112 -1.0000
1.4587 -0.8923 -0.7539 1.4091 1.4046 0.6034 0.5797 0.4645 0.0368 1.2938 1.2818 -0.2414 0.4583 0.1305 0.0274 -0.1876 0.2029 0.1502 -0.0514 -0.0481 0.0806 0.8187 0.5659 0.5534 0.6381 -0.1402 1.2807 -0.2889 0.9526 0.1381 0.4789 1.6390 0.2702 0.8462 -0.0350 -1.1000
-0.6257 -0.8067 1.1761 -0.4388 -0.4985 -0.6568 0.5893 -0.6103 0.5486 -0.7956 1.2818 0.1957 -0.3779 -0.5284 -0.8855 -0.5713 -0.3011 -0.1716 -0.7616 0.4512 -1.5040 0.4975 -0.0538 0.4638 -1.3072 -0.2407 0.0710 -0.9778 -0.4214 -0.4780 -0.2513 0.2691 -0.6771 0.9998 -0.0749 -1.0000
1.4910 1.0757 1.1136 -1.0331 -0.5615 0.6102 -0.6600 1.2259 -0.6155 1.2938 -0.7974 0.5468 0.9296 -0.5966 0.9575 0.9725 0.3355 0.5765 -0.3838 0.8684 -0.0701 2.3108 0.3789 -0.8065 0.1153 1.1109 -0.2175 0.5320 -0.8710 0.1690 -1.0223 0.2402 -1.0949 0.2892 -0.1437 -1.1000
1.4956 -0.8712 1.0808 0.2493 0.2790 -0.6568 -0.6600 -0.6103 -0.6155 -0.7925 -0.7989 -0.1303 1.6651 -1.1437 1.0431 0.3125 0.5809 1.1097 0.2839 0.9449 0.2520 0.0834 -0.1453 0.4496 0.7207 -0.2269 0.0165 0.5367 -0.5001 0.1977 0.4343 -0.3690 -0.1417 -0.3250 0.1036 -1.1000
-0.6257 1.3104 1.1819 -0.7894 -0.5628 1.3560 0.5893 -0.1913 1.4763 1.2938 1.2818 1.5942 -1.6736 1.4698 -2.4358 1.4690 -1.6679 0.8211 -0.9090 0.5785 -1.3582 0.4405 -0.4137 0.1820 -1.7641 -0.7309 -0.7476 -1.3486 0.4172 -0.9722 1.6384 -0.5659 0.5612 -0.2510 1.1107 -1.1000
-0.7595 0.6990 1.2110 0.0012 -0.0013 1.7930 -0.6600 1.1372 -0.6155 1.3805 -0.7305 -1.4702 -0.3155 -1.5024 1.1890 -0.1947 -0.3218 0.8413 -1.3343 0.6241 -1.8210 0.3533 -1.6150 -0.9550 0.2967 -0.5945 0.8878 -1.1972 0.2788 -1.0444 -0.3522 -1.3649 -0.6654 0.1120 -0.7835 -1.1000
1.3158 1.0528 1.0828 -0.1505 -0.1728 -0.6568 0.5501 -0.6103 -0.2137 -0.7313 1.2818 0.4582 -0.8408 -0.4494 -0.7964 -0.1937 -1.0563 -0.1985 -1.9002 -0.8274 -2.3856 -0.3415 -2.0261 0.7759 0.6021 0.5488 0.2997 0.1642 -0.2595 0.5230 -0.0551 -0.0347 -0.2314 -0.1932 0.9169 -1.1000
-0.7421 -0.4472 -0.8925 0.6682 0.7525 0.5740 -0.6600 0.7951 -0.6155 1.2938 -0.7398 -1.7160 -0.2491 -2.0219 -1.1382 -0.6119 -0.6299 -0.6085 -0.3341 -1.4289 -0.9693 -1.8129 -1.4874 -0.3011 0.1818 -0.5091 -0.2033 -0.4413 -0.6932 1.9960 -0.9282 1.4227 -1.4349 0.7522 -1.1453 -1.1000
-0.7683 1.2899 1.1399 0.0012 -0.0013 -0.6568 -0.6600 -0.6103 -0.6155 -0.7187 -0.7259 1.4996 -0.7713 1.2151 -2.2158 0.7382 -4.3018 -0.3628 -2.9937 -0.5014 -2.6684 -1.0478 -2.1844 0.2674 0.2453 -0.4093 0.3023 -0.9116 -0.2421 -0.4113 -0.7410 1.5049 -0.7749 -0.1916 -0.5337 -1.1000
1.2651 1.1150 1.1182 -0.3875 -0.4407 -0.6568 -0.6600 -0.6103 -0.6155 -0.7140 -0.7212 1.3692 0.5163 0.9437 -0.6517 -0.6954 -2.5312 -1.0957 -2.2175 -0.4742 -2.2334 -0.0937 -1.6819 0.3830 0.5166 -0.4236 -0.2714 1.2407 -0.8553 0.5952 -1.0665 1.2223 -0.1942 0.6093 -0.8089 0.9000
1.4495 -0.9321 -1.0187 0.4934 -0.2794 2.2646 0.5778 0.5552 0.0358 1.3828 1.2818 0.2133 0.5782 1.4278 1.4486 0.1882 0.6109 -0.5086 0.5544 0.0513 0.9578 -0.0044 0.8638 -0.4333 2.6412 -1.5354 2.6552 -0.3720 2.1737 -0.8473 1.6734 -0.2158 1.1058 -0.2143 1.1537 1.1000
1.3158 -1.0800 0.9095 -0.2392 -0.2731 -0.6568 1.2579 -0.6103 0.9144 -0.7313 1.2818 0.1704 0.2350 -0.5867 1.2116 -0.5049 0.7550 -0.4333 0.0509 -0.2496 -0.6220 -0.5216 -1.3262 1.3743 0.2728 2.8760 0.1889 2.4158 0.1692 1.9424 -0.4788 1.5057 -0.5967 0.2802 -0.5334 -1.1000
1.4910 1.1481 0.8358 0.7448 0.8389 -0.6568 -0.6600 -0.6103 -0.6155 -0.7909 -0.7974 0.6177 -0.0933 0.7380 -0.3724 0.1215 -1.4516 -0.4706 -0.5769 -0.6864 -1.0330 -1.0101 -1.6274 0.0322 0.6755 -0.3621 0.0292 -1.0436 0.8310 -0.4832 0.6057 -0.6459 1.0484 -0.2235 0.4905 -1.1000
-0.6723 1.0676 -0.8366 0.7681 0.8653 -0.6568 0.5740 -0.6103 0.8017 -0.7705 1.2818 -0.1611 -0.4843 -0.2788 -1.3781 -0.2088 -1.2036 -0.7531 -0.5028 -0.9468 -0.6849 -0.8620 -1.1883 0.0352 -1.1766 -0.9277 0.2166 -1.1419 -0.4164 -0.1012 -0.7659 -1.4240 -1.0325 0.3279 -0.8983 1.1000
1.5279 -1.0754 -1.1457 -1.2663 -1.4355 -0.6568 -0.6600 -0.6103 -0.6155 -0.8034 -0.8098 1.0366 0.2504 0.1213 0.9265 -0.8353 0.5692 -1.2439 0.3172 -1.2572 1.1940 -0.0801 0.6381 0.6940 0.7518 0.7255 0.0580 0.0702 -0.5965 -0.4661 -0.9881 -0.8563 -0.1093 0.3271 -0.5179 1.1000
1.2881 -1.0272 -0.8440 -0.4517 -0.5133 0.5671 0.5443 0.3278 -0.2155 1.2938 1.2818 0.5508 0.3391 -0.2333 1.2073 0.2062 0.9277 -0.0912 0.4990 0.1658 0.4280 -0.3418 -0.1185 0.6175 0.6735 0.1347 0.1751 0.0796 -0.4871 -0.4415 -0.6268 -0.8848 1.4174 -0.4585 0.7899 1.1000
-0.6752 -0.9497 1.0015 0.7366 0.8646 -0.6568 -0.6600 -0.6103 -0.6155 -0.7689 -0.7756 0.3500 -1.6915 -0.0795 -1.8315 -0.1878 0.3656 -0.1420 0.5984 1.1452 0.8406 1.2030 0.7638 0.9565 -1.7697 0.3420 -1.5282 0.6592 -0.7744 0.1583 -0.6318 0.0839 0.6490 0.2686 1.1186 1.1000
1.3343 -0.8501 0.8941 0.1534 0.1707 1.2986 -0.6600 0.7984 -0.6155 1.2938 -0.7445 -1.0020 0.7556 -2.0079 0.5986 -0.0460 0.2166 0.1879 -0.4022 0.6061 0.4228 0.0152 -0.5134 0.2723 1.4328 -0.2522 1.0003 -0.8970 0.4101 0.1463 -0.2140 -0.4361 1.5293 0.6147 0.8763 -0.1000
-0.7421 -0.9754 0.9580 -0.5769 -0.6547 0.5740 -0.6600 1.0147 -0.6155 1.3809 -0.7398 0.2210 -1.7156 1.4274 1.1118 0.6178 1.0602 0.9952 0.5514 0.4292 0.0908 1.1241 -0.9499 0.2430 -1.7242 -0.5453 0.6489 -0.8503 0.1501 0.4287 -0.4416 0.2220 -0.7443 -0.0206 -1.0719 1.1000
1.5049 0.8441 -1.0423 0.1580 0.1758 0.6132 -0.6600 -0.1913 -0.6155 1.2938 -0.8020 0.9524 0.7500 0.3753 0.8987 1.1969 1.0092 0.9175 1.2937 0.5613 1.5256 0.9003 1.4174 0.7890 0.9444 0.7029 0.3677 0.0795 0.8040 -0.4902 0.3424 0.0116 1.9245 -0.2200 1.2190 1.1000
1.4080 1.0447 -0.8804 0.8966 -1.5757 4.6504 4.2568 3.2036 2.9734 1.5420 1.4583 -1.9385 -0.6218 -1.4078 -2.8858 -2.2489 -4.9056 -3.8942 -0.9744 -2.3198 -1.8041 -1.1079 -0.7656 -2.0403 -1.6717 -3.2418 -3.4856 -3.7272 2.3981 -3.2178 0.8139 -3.5878 1.8354 -1.0414 1.1390 0.7000
1.5233 0.8992 -1.0453 1.5259 0.5317 1.3622 0.5931 0.0558 0.5522 1.2938 1.2818 1.1814 0.4318 1.1352 -0.1825 1.3184 1.0882 0.8464 1.1541 0.0387 1.1191 0.9082 1.3466 -0.1930 -0.1630 -1.2068 -1.2108 3.3081 -1.4247 2.8804 -1.0404 2.3264 -1.3294 1.4187 -1.0620 -0.3000
1.3804 1.0543 -0.4870 1.4725 0.8881 0.5867 0.5635 -0.1999 1.9598 1.2938 1.3696 1.7943 -0.1349 1.6596 -0.6898 0.8064 0.2303 -0.0823 0.6497 0.4552 0.4805 0.2711 0.0883 1.7664 -2.0423 1.3607 -1.2307 0.7623 -0.8186 0.3676 -1.2593 -0.1771 -0.5648 1.2995 -0.2917 1.1000
-0.7624 0.8612 1.0208 1.2422 -1.3895 1.2831 0.5443 0.0300 0.1844 1.2938 1.2818 0.7561 -1.7230 -0.1934 -0.7060 0.4496 0.2310 0.0563 0.1880 -0.1094 -0.8144 -0.1767 -1.4364 0.4279 -2.2461 -0.0585 0.2437 -0.7195 0.5198 -0.8199 0.1078 -0.9913 -0.4841 -0.0544 -0.6006 -1.1000
1.4587 -0.8943 -0.7546 1.3050 1.3592 -0.6568 0.5797 -0.6103 0.5398 -0.7799 1.2818 -0.1998 0.4473 0.4875 0.0219 -0.1907 0.2054 0.1482 -0.0526 -0.0497 0.0798 0.8180 0.5654 0.3444 0.4938 -0.3321 1.2759 -0.3322 0.9499 0.1341 0.4767 1.6389 0.2692 0.8462 -0.0356 -1.1000
1.5002 -0.3092 1.2063 -1.4290 -1.6594 0.6122 -0.6600 1.3093 -0.6155 1.2938 -0.8005 0.5422 0.5603 -0.3337 0.2807 0.5312 0.4746 1.3587 -0.1871 1.5290 0.0249 1.1475 0.1395 -0.1343 1.2911 -0.3282 0.7638 -0.9336 0.1632 -0.7497 -0.2377 0.1216 -0.5611 0.0786 -0.0842 -1.1000
-0.6373 0.8429 0.9905 -0.9255 -1.0485 -0.6568 -0.6600 -0.6103 -0.6155 -0.7893 -0.7958 -0.1474 -0.5670 -0.5462 0.5168 0.0203 -0.2266 0.2718 -0.1236 0.5208 0.0832 2.3556 0.7232 -0.3972 -0.4629 -1.4101 -0.0916 -1.2068 -0.7729 -0.1257 -0.6333 0.2331 -0.2590 0.2922 -0.0105 -1.1000
-0.6403 -1.0582 -0.9828 0.1574 0.1751 0.6083 -0.6600 -0.1929 -0.6155 1.2938 -0.7943 -0.1496 1.2497 -1.2715 1.1517 -0.7717 0.4886 -0.5854 0.5024 -0.5360 0.2700 -0.5936 0.3273 -0.2853 0.3906 0.5821 0.1744 0.0431 -0.4355 -0.3149 1.1674 -0.4947 -1.2874 -0.3833 -0.7804 -1.1000
-0.6315 -1.1475 -1.1046 -1.4023 -1.5874 -0.6568 -0.6600 -0.6103 -0.6155 -0.7925 -0.7989 -1.6759 1.0575 -0.7371 1.2025 -0.0009 1.4948 -0.7164 1.3255 -0.9635 0.8938 -0.5566 0.7321 -0.3810 0.4175 0.7555 -0.4249 0.2330 -0.2378 -0.3851 -0.4948 -0.5261 0.6557 -0.2715 1.0698 -1.1000
1.2974 -1.0273 0.9250 -0.8650 0.9374 0.5691 -0.6600 0.7895 -0.6155 1.2938 -0.7321 0.4036 0.6795 0.0403 0.8424 -0.8467 0.2379 -0.6090 -0.6494 -0.5466 -1.0202 -0.5746 -1.1072 0.3612 -0.3600 -0.2477 0.0101 -0.1893 -0.6529 -0.6266 -0.2352 0.1406 -0.7679 0.1384 -0.8364 -1.0000
1.3435 0.3619 1.0389 1.1905 1.3682 -0.6568 -0.6600 -0.6103 -0.6155 -0.7407 -0.7476 0.5206 -0.0559 -0.3969 -0.8427 -1.2518 -1.3086 -1.5626 -2.4111 -0.9313 -2.1117 -0.1096 -1.8637 1.1829 0.8724 0.6395 0.9784 0.4741 0.7835 0.0282 0.2036 0.0542 0.5304 -0.1436 0.9268 -1.0000
1.3250 -1.0243 -0.9522 1.3142 -1.5612 -0.6568 2.1541 -0.6103 2.2061 -0.7344 1.2818 -0.1530 0.0714 -1.0025 0.8858 -0.4606 0.4678 -0.7996 0.0992 -1.2488 -0.5243 -1.6933 -1.2377 0.5522 -1.6400 -0.1754 0.3281 -0.6106 -0.1244 1.9979 -0.7758 -1.4821 -1.2110 -1.4431 -1.0608 1.0000
1.2697 -1.0325 -1.0621 0.0012 -0.0013 -0.6568 0.5405 -0.6103 1.3779 -0.7156 1.2818 -0.1262 0.9783 0.2256 -0.1659 -0.6958 0.3556 -1.7893 0.0137 -1.6079 0.0367 -1.8608 -0.7535 1.0166 -0.8600 0.3738 -0.5959 -0.1193 -1.0885 -0.5601 -0.4189 1.4933 -0.8597 -0.2053 -0.5531 1.1000
-0.7741 1.1637 1.1246 0.2398 -0.0013 0.5632 0.5405 0.0280 1.1357 1.2938 1.2818 1.8688 -2.6110 1.5263 -1.5405 0.2707 -1.3165 -0.4155 -1.1704 -0.0180 -1.5172 0.1586 -1.2156 0.8418 -0.0756 0.2120 -0.2692 1.2501 -0.4355 0.6063 -0.8379 1.2282 -0.1961 0.6136 -6.7417 -1.1000
-0.6635 1.1063 -1.0269 0.1564 0.1740 3.1148 -0.6600 0.7047 -0.6155 1.2938 -0.7818 0.0695 -1.1840 1.4237 -2.1287 -0.1043 -1.3666 -0.9273 -0.0263 -0.1799 0.8152 -0.2342 0.7710 0.7437 -0.2028 0.0073 -1.1744 -0.6954 0.5174 -0.1146 1.6475 0.0044 1.0929 -0.0199 1.1483 -1.1000
-0.7624 1.0948 1.1558 -0.8077 -0.9156 -0.6568 -0.6600 -0.6103 -0.6155 -0.7218 -0.7290 1.6220 -1.7230 1.2674 0.3203 0.2367 -0.7061 0.3229 -1.7864 -0.2301 -2.4307 -0.7577 -3.0221 0.6001 -1.7796 0.1977 0.4297 -0.1872 -0.2656 1.8971 -0.8549 1.3501 -0.9011 0.7709 -0.5855 0.9000
-0.6403 -0.9689 -0.8414 1.2310 1.3883 -0.6568 -0.6600 -0.6103 -0.6155 -0.7877 -0.7943 -0.0427 -1.3488 0.4671 -0.9708 -1.4431 -0.4246 -0.8402 -0.3863 -0.7071 -0.4312 -1.1366 -1.2148 0.4733 -0.6311 0.4194 -0.6461 -0.2560 0.7060 -0.8125 0.5241 -0.7128 -0.0546 -0.1949 0.4763 -1.1000
-0.6723 1.0082 -0.8497 1.2764 1.4397 4.2435 0.5740 3.7657 3.4676 1.4713 1.3704 -0.5691 -2.0958 -0.0917 -1.7830 -1.2125 -2.2622 -2.1655 -1.0641 -1.9915 -1.6392 -1.3958 -2.0125 -0.8315 -1.4440 -2.0298 -0.0079 -0.2909 -0.6148 1.4157 -1.0357 1.5080 -1.1081 0.8916 -0.9092 -1.1000
1.2651 0.6540 1.0231 -1.2639 -1.5232 0.5622 0.5395 -0.2079 0.6473 1.2938 1.2818 0.2036 0.4228 1.1900 0.9426 -0.5954 -0.7085 -1.2086 -0.6800 -0.1258 -0.8428 -0.8255 -1.0311 -0.0841 0.6923 -0.5049 0.2459 -0.6400 -0.3990 -0.2714 -0.9674 0.5110 -1.2382 0.7513 -0.7252 -1.1000
1.2928 -1.1236 -0.8227 -1.3038 -0.2720 0.5681 -0.6600 1.8510 -0.6155 1.2938 -0.7305 -0.3182 1.4945 0.4009 1.4554 -1.1927 0.7356 -0.4299 0.2726 0.0114 0.2317 -0.4179 -0.2824 0.6321 1.0075 0.0543 0.3772 0.1373 -0.2431 -0.3939 2.1103 -0.8593 1.4412 -0.4514 0.0373 -1.1000
-0.6810 -1.0944 0.9414 -1.4242 -1.1632 -0.6568 -0.6600 -0.6103 -0.6155 -0.7658 -0.7725 -0.1433 -0.2442 -0.7336 0.6522 0.1195 1.2177 0.1761 0.8178 1.2885 1.1440 1.2704 0.8416 -0.0502 -0.2887 -0.3692 -0.0202 0.5846 -0.7087 0.0941 -1.1792 0.0569 0.6325 0.2584 1.1078 -1.1000
1.3389 -0.7660 0.5914 0.0012 -1.1476 0.5779 0.5548 1.7769 1.3830 1.2938 1.2818 -0.3400 -0.0786 0.9815 -0.3920 0.5892 0.6747 -0.3450 0.5324 0.0184 -0.0546 -0.1438 -0.4888 -0.9199 1.5481 -0.5259 1.4009 -1.2237 2.5746 -1.1093 1.9360 -0.4080 1.5033 0.6163 0.8766 -1.1000
-0.7450 -1.0388 1.1227 0.5627 0.6332 0.5730 -0.6600 0.8918 -0.6155 1.2938 -0.7383 -0.4624 0.2914 -0.8794 1.3461 -0.5136 0.5087 0.6643 0.1044 0.8760 -0.0836 0.9180 -1.1808 -0.6044 1.0177 -1.4968 0.4156 -0.9329 -0.0279 0.7850 -0.5555 0.2202 -0.8640 -0.0253 -1.1011 -1.1000
-0.6286 -0.8855 -0.9613 0.1579 0.1757 1.8811 -0.6600 0.2270 -0.6155 1.2938 -0.8005 0.6278 -1.1164 -0.2017 0.6625 0.7741 1.0072 0.9499 0.9313 0.6528 1.2414 1.0697 1.8124 0.0932 -0.0777 -0.2666 1.3320 -0.7787 0.7264 -1.0407 0.2795 -0.0260 1.7966 -0.2417 1.2133 -1.1000
-0.6868 0.8805 0.8117 -0.5693 -0.6460 6.1226 3.7466 4.1125 2.9379 1.5224 1.5295 -2.0993 -0.5766 -6.3425 -1.5614 -2.6280 -3.4447 -1.9154 -1.4781 -0.4771 -0.7445 -0.1798 -0.8109 -1.8361 -1.3770 -3.9389 -2.3745 -2.9043 2.8463 -3.3994 2.3824 -1.7921 0.7235 -0.9922 -0.3903 -1.1000
-0.6170 -1.1204 -1.0561 -0.2478 -0.2827 -0.6568 0.5922 -0.6103 0.0432 -0.8003 1.2818 0.5167 0.4412 1.5672 1.5253 0.5781 1.6550 0.5151 1.2355 -0.0650 1.1087 0.8443 2.5748 0.8732 -0.3394 3.6885 -0.8644 3.3015 -0.9737 2.8760 -1.0549 2.3084 -1.3312 1.4118 -0.8399 1.1000
-0.7101 1.0295 -0.8800 0.8948 1.0085 -0.6568 -0.6600 -0.6103 -0.6155 -0.7501 -0.7569 1.0085 -1.7041 0.7324 -1.5818 0.6495 0.1242 -0.1187 0.4909 -0.1710 0.1837 0.5033 0.3037 1.0095 -1.7202 0.8377 -0.8262 0.6578 -0.8843 0.0680 -0.1546 -0.2685 0.1268 1.2905 -0.2223 1.1000
-0.7683 1.0746 1.0598 0.1520 0.1691 -0.6568 -0.6600 -0.6103 -0.6155 -0.7187 -0.7259 -1.7255 0.6330 -1.8287 -0.1961 0.1619 -0.6820 -0.3495 -0.3572 -0.1056 -1.0385 -0.4319 -1.7379 -1.7269 0.1461 -0.0016 -0.6360 -0.6261 -0.6855 -0.5525 -0.1768 0.2077 -0.5700 -0.0647 -0.8481 1.1000
-0.6490 -1.0624 -0.9579 1.1930 1.1707 -0.6568 -0.6600 -0.6103 -0.6155 -0.7830 -0.7896 0.0037 0.2411 -0.6532 0.9361 -0.2318 0.8315 0.4700 0.2864 0.2908 0.8877 0.9679 0.7176 0.6337 0.3667 0.8188 0.1790 0.5424 -0.3909 0.2198 0.4773 1.6457 0.2949 0.9106 -0.0201 1.1000
1.5002 -1.0555 1.0779 1.4470 1.5824 -0.6568 1.3186 -0.6103 0.5478 -0.7940 1.2818 0.3976 0.4366 -0.0460 0.2831 0.2449 1.1076 0.4391 1.2551 0.9983 0.3399 0.7086 0.8015 0.7409 0.1840 0.0619 -0.4771 -0.1009 0.1344 0.6840 -0.3822 0.2586 -0.7602 0.0596 -0.0857 -1.1000
-0.6403 1.1416 1.1847 -1.5320 -1.0827 -0.6568 -0.6600 -0.6103 -0.6155 -0.7877 -0.7943 -1.6791 0.2848 -1.1238 0.6775 0.9610 -0.0200 1.3079 -0.4491 1.2329 -0.1977 1.1020 0.3126 -2.2445 0.6660 -0.9191 0.5059 -1.3252 -0.1660 -0.4965 0.3427 -0.7739 -0.2178 0.2213 0.0024 -1.1000
-0.6315 1.1827 1.0713 0.0012 -0.0013 2.6209 -0.6600 1.6456 -0.6155 1.3835 -0.7989 0.2226 0.0888 0.6186 0.1758 1.0548 -0.2093 1.0670 -0.3888 0.5670 -0.2156 0.1055 -0.4966 -1.4361 0.1719 -2.5854 -0.4510 0.5460 -0.2279 0.2159 0.4470 -0.3513 -0.1298 -0.3200 0.1057 -1.1000
1.5049 1.1148 1.1140 -0.8272 -0.9375 -0.6568 0.5893 -0.6103 -0.6155 -0.7956 1.2818 1.6132 0.6427 1.4791 0.9784 1.4811 0.8182 0.9510 0.2270 0.6554 -0.3953 0.4658 0.0466 0.8928 0.7140 0.2035 1.0979 -0.4896 0.4737 -0.7672 0.4049 -0.5365 1.2079 -0.2455 -6.7417 -1.1000
-0.7566 -1.1983 -1.0488 -0.9161 -0.9507 0.5691 0.5462 1.1386 0.5090 1.2938 1.2818 -1.6268 0.5765 -1.0512 0.7411 -2.5254 1.0810 -1.2502 0.5540 -1.5599 -0.0574 -1.1400 -0.6592 -0.4103 -0.4115 0.4062 -1.5359 -0.0992 -2.3284 -0.6634 -1.8008 0.4228 -0.8732 0.1383 -0.8543 -1.1000
-0.7392 1.1392 1.0673 0.0012 0.4427 0.5750 -0.6600 0.3337 -0.6155 1.2938 -0.7414 -0.5314 -0.7535 -1.5063 -1.6734 -1.0027 -3.9832 -1.2522 -2.6990 -0.7723 -2.1238 -0.1511 -1.8691 0.2946 -0.7650 0.1762 0.1056 0.1323 -0.3037 -0.1962 0.0345 -0.0104 -0.0935 -0.1801 -0.7446 -1.1000
1.3250 1.1647 1.0605 1.3641 1.5842 0.5750 -0.6600 -0.2037 -0.6155 1.2938 -0.7414 1.4895 0.2594 1.1385 0.5502 0.4349 -1.0371 0.0241 -1.2701 -0.5780 -1.7564 -1.2052 -2.1383 0.3317 0.9219 -0.4000 0.2743 -0.7098 -0.1564 1.9978 -0.8083 -1.5218 -1.2313 -1.4740 -1.0664 -1.1000
-0.7624 1.0487 1.0044 -0.1497 -0.1720 -0.6568 0.5443 -0.6103 -0.2155 -0.7218 1.2818 0.0810 -0.0835 -0.2075 -0.6663 0.4789 -0.1387 -0.1463 -1.1809 -0.7883 -1.6512 -0.9783 -1.2075 0.3349 0.8200 0.0441 0.3938 -0.1953 0.5177 -0.8047 -0.0110 0.1364 -0.5807 0.7980 -0.4770 -1.1000
1.5233 -0.8620 1.0426 -0.6894 -0.7817 1.3622 0.5931 2.5900 2.5516 1.2938 1.2818 0.0210 0.3884 -0.9433 0.7240 0.0643 0.3530 0.1987 0.0627 0.6690 0.0668 0.9899 -0.2081 1.4592 0.9200 0.9779 0.9327 1.3061 1.1216 0.8712 0.7274 0.3422 1.7954 0.8192 -6.7417 -0.6000
1.4403 1.1465 -0.9878 -0.2445 -0.2790 0.5995 0.5759 0.0467 0.0348 1.2938 1.2818 0.4110 0.1057 1.3925 -0.2504 -0.0885 -1.8226 -0.9370 -0.3622 -0.2986 0.4923 -0.3114 0.5523 -0.1488 -0.1463 -1.1544 1.1266 -1.9803 2.1548 -0.8059 1.6520 -0.0056 1.0875 -0.0251 1.0769 1.1000
-0.7595 -0.9240 1.0296 -1.0048 -1.1385 -0.6568 -0.6600 -0.6103 -0.6155 -0.7234 -0.7305 -1.3413 1.6133 -0.5770 1.2142 -1.1778 -0.4794 -0.1963 -1.4678 -0.5946 -1.5364 -1.0086 -2.8756 0.2295 0.7205 0.1158 0.5249 -0.1565 -0.1562 1.9027 -0.8109 1.3478 -0.8496 0.7816 -0.5744 -1.1000
-0.6315 0.5340 1.0008 1.2898 1.4547 -0.6568 -0.6600 -0.6103 -0.6155 -0.7925 -0.7989 -2.5916 -0.5189 -1.0136 -1.2250 -0.3545 -0.4418 -0.6030 -0.1570 -0.1166 -0.7773 -0.7299 -0.8657 -0.2829 0.2561 -0.5305 1.7422 -0.8933 1.2027 -1.0837 0.6218 -0.9473 1.0601 -0.2283 0.4974 1.1000
1.4357 1.0738 1.0104 1.5452 1.5687 1.8537 -0.6600 2.0515 -0.6155 1.3826 -0.7787 0.1177 -0.5876 -0.4418 -0.4780 -0.5611 -1.8027 -1.4921 -1.6997 -1.4443 -2.6726 -0.8175 -2.4059 -0.9918 1.2753 -1.0563 0.7730 -1.1813 0.2797 -1.3183 -0.3131 1.6138 -0.6471 0.8702 -0.6820 1.0000
-0.6053 -0.7748 0.9974 -0.8317 -0.9425 -0.6568 1.8520 -0.6103 1.1228 -0.8066 1.2818 1.4583 -1.3332 0.6727 -0.7264 -0.2567 -0.0731 -0.7097 0.2511 0.8563 0.4730 -0.0840 0.2118 1.4529 -0.5673 1.1210 -1.3847 0.4979 -1.3234 1.5138 -1.4659 1.0833 -1.1839 -5.3293 -0.5183 1.1000
1.2881 -0.5702 1.0180 1.5916 1.6648 0.5671 -0.6600 -0.2063 -0.6155 1.2938 -0.7290 0.5939 0.1446 0.3801 0.5525 0.5417 0.5229 0.3978 -0.1819 0.4515 -0.0629 -0.1289 -0.5025 0.1578 0.9318 -0.2019 0.2745 0.1034 -0.3350 -0.4232 2.1045 -0.8826 1.4353 -0.4578 0.0320 0.7000
1.4126 -1.0449 -0.6093 1.2008 1.3119 2.8534 1.2898 3.4022 2.3821 1.4708 1.2818 0.8204 0.4099 1.1100 0.1331 -0.0145 0.8730 0.2149 0.8614 0.6577 0.7333 1.3526 -0.0641 -0.0997 -0.7865 -0.5541 -1.9936 -0.8745 1.0343 -0.7680 1.2579 -0.5348 1.7951 -0.2431 1.1050 1.1000
1.3435 -1.0361 -0.7980 0.9227 1.0402 0.5789 -0.6600 -0.2025 -0.6155 1.2938 -0.7476 -0.3379 0.0810 0.9626 0.2619 0.2962 1.0358 -0.4666 0.5229 0.0039 0.1872 0.6594 -0.5638 0.3393 1.0764 -0.0574 3.0360 -0.3543 2.5848 -0.9090 1.9289 -0.5869 1.5492 -0.5992 -6.7417 -0.8000
1.3204 -0.8740 1.0374 0.3049 0.3419 0.5740 -0.6600 1.1154 -0.6155 1.2938 -0.7398 0.9194 1.7920 1.5225 1.5825 0.7127 0.9182 1.0639 0.3870 0.5257 -0.0543 1.1702 -0.7634 0.3810 1.2142 -0.4004 0.7395 -0.7927 0.1695 0.4295 -0.4331 0.2224 -0.7270 -0.0204 -1.0694 1.1000
-0.6286 -1.0901 -1.0993 -1.2957 -1.5380 -0.6568 -0.6600 -0.6103 -0.6155 -0.7940 -0.8005 0.3199 -1.0247 -0.5432 0.6872 0.2368 1.2765 -0.1840 1.4663 -0.2841 1.2861 0.6040 1.8377 0.5472 -0.3735 -0.1757 1.1760 -0.4988 0.7403 -0.9019 0.2899 -0.0209 1.7968 -0.2388 1.2134 1.1000
-0.6868 -0.9578 1.1617 1.1947 0.8363 0.5926 0.5692 1.3277 1.7851 1.2938 1.2818 0.0226 -0.1100 -0.8942 -0.7778 -0.5988 0.0869 -1.1281 0.0155 1.6967 0.8013 1.0007 0.2553 0.4652 -2.2461 -0.3611 -1.6791 -1.1208 -1.9433 -1.8369 -2.2290 -1.6953 0.7241 -0.9809 -0.3885 1.1000
-0.6141 -1.1662 -1.1547 -1.3584 -1.5948 -0.6568 2.2497 -0.6103 0.5522 -0.8019 1.2818 -1.4851 1.0504 -0.0752 0.2011 -1.9540 0.8701 -1.4085 1.3370 -1.5435 1.1683 0.2754 2.6673 0.0343 -0.5395 -0.4513 -1.4519 3.3080 -0.9174 2.8820 -1.2217 -0.0891 -1.2994 1.4162 -0.8263 1.1000
1.3804 -0.9660 -0.9798 0.6410 0.7218 -0.6568 0.5635 -0.6103 0.3277 -0.7532 1.3696 1.2828 0.7484 1.1859 -0.1892 0.3339 0.8152 -0.5926 1.3265 0.2118 0.8929 0.1178 0.7385 1.7541 -0.0395 1.3447 -0.6350 0.7446 -1.0037 0.1568 -1.0034 -0.1859 0.1404 1.2994 -0.2176 1.1000
-0.7653 1.1365 0.8630 1.5584 1.1084 -0.6568 0.5434 -0.6103 0.7670 -0.7203 1.2818 0.7160 -0.4404 1.1568 -1.4807 0.3564 -0.8576 -0.3403 -0.0528 -0.4116 -0.7233 -0.4114 -1.3793 0.5179 -1.9279 -0.1968 -3.1354 -0.6039 0.0157 -0.7908 0.0390 0.2144 -0.5045 -0.0586 -0.6080 1.1000
-0.6490 -1.0470 -1.0259 1.4353 1.6193 1.3436 3.6354 0.0497 3.2068 1.3831 1.4230 0.7238 -1.4221 0.2801 -1.1201 -0.3843 0.6534 0.3326 0.6527 0.1932 1.1201 0.9211 0.8685 1.1852 -1.1872 0.7384 -2.1752 0.5082 -0.9276 0.2007 0.4647 1.6454 0.2896 0.9104 -0.0231 1.1000
-0.6257 -1.0298 1.0338 0.9922 1.1513 4.4230 -0.6600 3.5731 -0.6155 1.5460 -0.8020 0.2506 -1.9203 -0.3763 -4.8440 -0.2316 0.6690 0.0267 0.0849 0.7535 0.2199 0.6971 0.2855 -1.1272 -1.8309 -2.0527 -3.3869 -2.8737 0.2453 -0.6276 -0.1828 0.1262 -0.5289 -0.1883 -0.0766 1.1000
-0.6373 -1.0653 -1.0564 1.0416 1.1743 -0.6568 -0.6600 -0.6103 -0.6155 -0.7893 -0.7958 -1.9236 0.4796 -1.4325 0.6942 0.2484 1.1547 0.0149 1.1529 -0.0661 1.1058 2.1720 0.9799 0.1794 -0.1219 0.9073 -0.6785 0.4232 -1.3412 -0.0359 -1.7414 1.7896 -0.4528 0.0149 -0.1480 1.1000
1.4956 1.2294 1.1852 0.6886 0.7754 -0.6568 -0.6600 -0.6103 -0.6155 -0.7925 -0.7989 0.3035 1.4065 0.8597 0.9035 1.6661 0.3459 1.7981 0.1723 1.4573 0.1716 0.4991 -0.2013 0.3910 0.6981 -0.2775 -0.0120 0.5352 -0.5189 0.1968 0.4337 -0.3699 -0.1423 -0.3253 0.1035 -1.1000
1.5095 -0.6468 -0.8571 -1.4468 -1.6376 -0.6568 -0.6600 -0.6103 -0.6155 -0.7972 -0.8036 0.8694 0.1760 0.9369 0.7206 0.8342 0.8365 0.4545 0.5597 0.2942 0.6047 0.1931 0.7203 0.4056 0.8543 0.5797 0.3795 0.0151 0.5398 -0.0585 1.8444 -0.4371 1.2759 -0.2302 1.1211 -1.1000
1.2881 -0.9550 -0.7178 1.1690 1.3521 -0.6568 0.5443 -0.6103 0.9072 -0.7218 1.2818 0.3462 1.0673 -0.0277 0.9602 -0.7655 -0.0598 -0.8944 -0.7374 -1.0541 -1.0287 -0.7847 -1.4797 0.3038 -0.0950 -0.2936 -0.1124 -0.3412 0.1813 -0.9376 -0.3946 0.4079 -0.9843 0.1291 -0.8957 -1.1000
-0.7217 1.0364 1.0899 -0.6695 -0.7593 0.5808 0.5577 1.9794 1.1604 1.2938 1.2818 -1.1644 0.8461 0.4872 -0.3884 -0.4668 -1.3489 -0.3800 -1.4855 0.0585 -1.0507 0.0698 -1.9970 0.3212 1.0294 -0.3991 1.4698 -0.7928 0.8749 -0.1819 0.2757 0.0723 1.5548 -0.1328 0.9243 -1.1000
1.3204 1.0042 -0.7556 1.3143 1.4117 -0.6568 0.5510 -0.6103 0.5134 -0.7328 1.2818 0.1137 0.2632 0.9021 0.4512 0.0693 -0.4877 -0.0771 -0.3707 -0.9284 -0.8432 -1.4554 -1.4552 0.1204 -0.2638 -0.1909 0.0097 -0.3748 -0.5525 1.9961 -0.8765 1.4228 -1.3572 0.7522 -1.1345 -0.5000
-0.7624 -0.7548 -0.9704 -1.4014 -1.5867 -0.6568 -0.6600 -0.6103 -0.6155 -0.7218 -0.7290 0.3354 -0.4550 0.2291 -1.5211 -1.0527 -0.8311 -1.6711 -0.3311 -1.8885 -0.9336 -1.7207 -0.7806 0.6288 -1.1009 0.4403 -0.0370 -0.2071 0.5008 -0.7598 -0.0206 0.5580 -0.5905 0.0902 -0.4813 -1.1000
-0.6170 1.0097 0.8935 -0.7620 -0.8638 -0.6568 -0.6600 -0.6103 -0.6155 -0.8003 -0.8067 1.0985 -0.1171 0.0189 -0.4616 0.2888 -0.2753 0.3229 0.1418 0.3670 0.1167 1.0411 -0.1822 1.3145 0.5525 0.8013 0.7478 0.4600 1.0924 0.8600 0.7051 0.3165 1.7890 0.8125 -6.7417 1.1000
-0.6635 -0.9559 -1.0808 -1.3404 -1.5738 -0.6568 -0.6600 -0.6103 -0.6155 -0.7752 -0.7818 -0.1930 -0.0053 -0.6195 0.8221 -0.6099 0.0766 -1.3927 0.3651 -0.4956 0.9713 -0.3667 0.8013 0.4076 0.2336 0.0496 2.6245 -0.2395 2.1618 -0.7493 1.6630 0.0064 1.1001 -0.2180 1.1444 1.1000
-0.7508 -0.8772 1.0822 0.6864 0.7731 0.5710 -0.6600 1.4341 -0.6155 1.2938 -0.7352 1.2408 -0.1370 0.0993 -1.4269 -0.3694 -0.0010 -0.4809 -0.9928 -0.2372 -1.4228 -0.5525 -1.9230 1.1193 -0.6146 0.6611 -0.7875 2.4048 -0.1478 1.9219 -0.3263 1.4939 -0.6660 0.7028 -0.5329 1.1000
1.4818 1.0433 0.9127 -1.2074 -0.0013 1.8733 -0.6600 1.6546 -0.6155 1.3833 -0.7943 1.1222 0.6966 0.9215 0.8753 0.1995 -0.5134 -0.4149 -0.1503 -0.3774 -0.8121 -0.9944 -1.4478 -1.1310 1.6821 -2.2567 1.3131 -0.3197 0.7483 -0.9639 0.5333 -0.7267 -0.0556 -0.2470 0.4765 -1.1000
-0.6752 -0.9021 -0.9551 -1.4087 -0.9774 -0.6568 0.5730 -0.6103 1.0219 -0.7689 1.2818 -2.3042 0.3219 -2.8495 -0.7087 -0.3449 0.0977 -0.7622 -0.7106 -1.1468 -0.4063 -0.8453 -0.8006 -1.9199 -0.4598 -0.0238 -0.0294 1.0639 -0.7063 2.1577 -0.6539 0.8308 -0.8857 0.8919 -0.9195 0.9000
1.5325 -0.9716 -1.1030 -1.0826 -1.2260 -0.6568 -0.6600 -0.6103 -0.6155 -0.8050 -0.8114 -0.0756 0.7785 -1.0389 1.0944 -0.1756 0.4654 -0.6692 0.4074 -0.8738 0.9378 0.0647 0.7602 1.3279 0.6198 0.7853 0.2688 0.1693 -0.3896 -0.3225 -0.8907 -0.8171 -0.2414 0.6766 -0.5093 1.1000
