-1.2937 -0.7440 -0.7547 -1.1044
-0.9882 -1.0468 -0.8441 0.2726
0.4027 0.6499 0.3165 1.5734
0.2344 0.7643 0.3163 2.1688
-0.6756 -0.6466 -0.7181 -0.4906
-0.2091 1.6231 0.9110 0.6088
0.8277 0.3453 0.6604 0.5472
1.5613 2.8407 1.8780 1.3482
-0.6573 -0.2256 -0.4316 -0.2441
1.1044 2.9467 1.2353 0.8579
0.6300 1.9335 0.3600 0.1565
-1.7418 -1.3502 -1.9937 -1.6674
-0.2751 -0.3221 1.0674 -0.2139
-1.3056 -0.9076 -1.2150 -1.3231
0.3157 0.4089 1.9714 0.7725
3.1403 3.8866 6.9778 2.6727
0.0633 -0.2390 0.4793 -0.0468
0.1810 0.6058 1.5439 0.2236
-0.5355 -0.4492 -0.5024 -0.5181
-0.9887 -1.5947 -0.5846 -1.3552
0.4718 -0.3517 -0.4472 -0.3070
0.7951 0.8189 1.5659 0.7166
-0.3491 -0.2557 0.4384 0.8896
0.2114 0.4001 0.5690 1.8670
1.4101 0.4616 0.6817 3.1531
-1.1857 -0.2089 -1.0075 -0.9356
0.3460 1.4170 0.9672 0.8332
0.8442 1.8793 1.5228 0.6441
-0.6372 -0.5109 -0.6231 -0.2840
0.4307 1.4091 0.3119 1.0740
0.1166 0.3265 0.6349 0.7919
-1.4290 -1.1088 -1.4239 -1.6512
1.0048 1.6950 0.8665 1.0721
1.3218 2.8737 0.6088 0.8703
1.5730 3.6038 1.7489 1.3120
1.3554 3.7910 0.9657 1.3483
-0.0127 0.4272 -0.0007 0.0133
0.6188 3.0800 0.6093 1.0264
-0.8656 -0.0690 -0.5561 -0.7859
-1.4581 -1.5432 -1.4505 -1.5650
1.0588 0.2854 -0.3892 1.7111
0.1505 0.1671 -0.1980 2.1373
-0.7765 -0.1243 -0.7907 -0.3197
-0.5517 -0.7342 -1.1500 -1.7722
-0.4506 -0.4917 0.0936 -0.6839
-0.8069 -0.8979 -0.3627 -1.0054
-0.2612 0.2755 -0.3125 -0.2980
-0.7762 -0.5108 -0.6508 -0.7185
1.7150 0.3840 2.5230 2.2997
-0.7409 -0.2135 -1.2255 -1.3606
0.9208 1.0790 0.9026 0.1674
0.4884 2.0990 0.6473 0.5313
-0.2025 -0.1117 0.2336 -0.0395
-0.3582 1.8176 1.2779 0.3145
0.9552 0.4522 0.6156 1.1087
2.0671 3.0622 1.1658 1.3397
1.0352 1.6152 0.9530 0.8197
1.3114 3.0121 0.7652 1.2006
-0.2697 2.0966 0.8703 0.3776
1.3072 4.0454 0.9537 0.6919
0.1682 0.5630 -0.0678 0.1071
0.3556 2.8424 0.2218 1.2613
-0.9675 0.0006 -0.5685 -0.6202
-1.4953 -1.4106 -1.7775 -2.8466
0.4339 -0.1918 1.1196 0.8589
-2.2503 -1.3142 -1.5439 -2.4316
0.4264 0.5237 2.5452 0.4156
1.3120 1.5293 2.4523 1.0538
-0.3979 0.6596 -1.1365 -0.6942
-0.9187 -1.3015 -0.4423 -0.7035
0.3471 -0.4529 -0.1122 -0.0265
-0.4021 -0.8377 -0.7076 -0.6278
-0.7083 -1.4762 -0.8259 -1.0069
-1.5010 -0.6346 -1.2315 -0.2578
0.3388 0.9473 0.5390 0.7901
-0.6919 -1.0219 -1.2139 -1.1123
0.9859 1.0098 1.8289 0.6930
-0.5089 -0.8014 -0.0812 -1.2971
0.5573 0.5453 -0.1908 0.9882
1.7633 3.2340 1.2239 1.5641
0.6681 1.8206 1.3499 0.9186
0.9143 1.1303 1.5389 3.0209
-0.3230 -0.5107 -0.5820 -0.5449
-1.4589 -1.6051 -2.3953 -1.4134
-0.3778 -0.3028 1.1853 0.5393
-1.4384 -1.1525 -1.1098 -1.2486
-1.0293 -0.8011 -0.8863 -0.3433
1.4876 1.6586 4.0784 1.4532
0.3132 -0.9547 -0.2886 0.7426
0.2560 -0.4236 -0.7469 -0.0994
1.4782 0.1508 0.6383 1.5151
-0.9345 -1.5140 -1.1133 -0.6586
0.5477 0.5145 0.5849 0.8747
-0.6189 -0.5906 -0.2003 -1.5081
-0.7035 -0.1008 -0.3119 0.0632
-0.1897 -0.6934 -0.7867 -0.6379
1.0026 0.8713 3.5182 2.1358
1.5243 2.9012 0.6164 0.7947
0.5656 1.4525 0.6005 0.8415
1.0317 1.9636 0.9803 1.4040
-0.5296 -0.1865 0.0258 -0.3640
-1.0606 -0.6381 -0.2930 -0.4323
0.4298 0.2261 0.7200 0.0526
-1.4810 -1.6258 -1.7105 -1.9050
-0.7405 -0.7019 -0.0172 -0.7554
-1.2575 -0.6249 -1.6830 -1.0972
-0.9105 -0.5032 -0.7561 -0.2647
-1.5310 -1.6462 -1.9742 -2.4514
0.4269 0.2484 -0.0167 0.3454
0.8429 3.1228 0.7602 1.0080
-0.7516 -0.0524 -0.5847 -0.7599
-1.4496 -1.2498 -1.9411 -1.2525
0.3166 1.4912 -0.1421 -0.1320
-0.0755 -0.0554 -0.0637 -0.4008
-0.5799 0.0390 -0.3891 -0.4268
-1.0612 -1.5360 -0.8655 -1.2786
0.0751 0.6028 0.4657 1.1837
0.3419 -0.8466 -0.9865 -0.9783
-0.3123 -0.8014 0.2393 0.0822
0.4253 0.1005 0.8064 2.2355
-0.5437 -0.5390 -1.0528 -1.4821
0.6660 0.3119 0.5376 2.2778
0.1868 0.4232 0.8723 0.8056
0.7926 1.1084 0.7642 1.6992
-0.8294 -1.0707 -0.6387 -0.4675
0.4313 0.1081 0.5861 1.3822
0.4282 -0.1201 0.4693 0.6197
-1.5838 -1.7047 -1.2247 -1.8223
-0.5453 -1.0166 -0.2614 -1.0387
-1.0856 -0.9299 -1.5473 -0.5863
-1.2454 -1.5502 -1.7250 -2.0500
-1.7695 -1.3436 -1.8536 -2.0664
0.0112 -0.3507 1.1920 -0.1050
-1.0124 -0.9476 -1.0756 -1.3572
0.8255 0.5459 1.5915 0.4815
0.2452 1.5568 4.7119 1.4868
0.1216 -0.0179 0.6513 -0.0810
-0.1588 0.2560 2.1111 -0.3327
1.3642 0.6041 1.9803 0.6195
0.9649 0.9993 2.9601 1.5101
0.7269 1.0875 0.3719 1.2409
-0.1310 0.0059 -0.2657 0.0879
0.3436 0.0061 -0.2587 0.2068
-0.4573 -0.3992 -0.4070 -0.3535
-0.1887 -1.4819 -0.5120 -1.6393
-1.4027 -0.5507 -1.1683 -0.9614
0.6516 1.6759 0.6731 0.4217
0.7151 2.2169 1.0004 0.7921
-0.5030 -0.5725 -0.5274 -0.5610
0.0251 -0.2300 -1.7472 -1.0465
1.1788 0.6957 0.4524 0.6181
0.0722 0.0752 0.1757 0.6256
-0.9908 -0.8236 -0.0844 -0.6580
-0.7285 -1.0426 -1.6637 -0.5310
-1.1939 -1.5554 -1.7091 -1.4278
-1.5592 -1.6211 -1.8865 -1.3286
-0.0728 -0.4239 1.2595 -0.1136
-1.4451 -1.3760 -1.1665 -0.8886
0.6996 0.3506 1.4469 0.8249
1.0086 0.1692 5.9345 -0.0714
-0.1770 -0.1502 0.1647 0.8181
0.0157 -0.5959 -0.1679 2.4334
-0.6984 -0.9516 -0.8918 -0.5758
-0.6403 -1.5948 -1.3701 -1.1097
0.4570 0.0494 0.8324 0.4021
0.5841 0.7079 1.3671 0.8918
-0.1285 0.2850 -0.8072 -0.7062
-0.7699 -0.5923 -0.9890 -0.7421
-0.8026 -0.6404 -1.0191 -1.5304
-1.1269 -1.0725 -1.6273 -0.3187
0.2480 -0.3490 -0.0161 0.4223
0.7541 0.8846 1.3254 1.8905
-0.5762 -0.2615 -0.4831 -0.5043
0.3059 0.5307 -0.1178 1.7619
0.2940 0.3841 0.5952 0.5511
1.3837 1.2690 1.5642 3.0535
-1.4593 -0.9051 -0.0108 -0.3201
-0.7331 -1.2954 -1.5053 -0.4200
-1.3785 -1.6958 -1.4974 -1.6338
-1.5935 -1.6230 -1.4447 -2.0701
0.4679 0.1697 1.0284 -0.1122
-1.1287 -1.5708 -1.2598 -0.8065
0.9637 1.1134 0.5743 1.5531
1.2372 1.4179 0.2740 4.9976
0.7341 -0.3586 -0.3656 1.0125
-0.4677 -0.3487 0.0896 -0.3066
0.2080 0.9847 0.5211 2.2828
1.2794 1.0208 1.1763 2.7454
-0.1999 -0.5034 -0.0491 -0.1511
0.0966 0.9037 1.5954 0.4044
0.0049 -0.2024 1.4631 0.3936
0.5159 0.4952 1.9173 1.0368
0.6305 1.5092 3.3255 0.7672
1.0073 1.3950 2.3625 0.8540
-1.6620 -2.0548 -1.3003 -1.5659
-1.0387 -0.8924 -0.7956 -1.3945
0.7819 0.4133 1.9667 0.7663
-1.4586 -1.0549 0.6491 -2.1741
0.5516 0.2645 0.6510 0.6804
1.2666 3.3860 1.5421 1.5778
0.4934 2.0203 0.3307 0.8840
0.8869 3.0176 1.0759 1.0941
-0.2836 -0.6336 -0.6011 -0.6295
-1.6704 -1.7151 -2.2149 -1.9404
-0.0119 -0.0612 0.9813 0.0459
-1.2757 -1.3145 -1.2015 -1.0054
1.2053 0.7126 1.6918 0.4133
0.9952 1.0877 4.9866 1.0263
0.0055 0.8267 1.5651 1.2253
0.2553 -0.1204 1.7855 -0.0705
0.3872 1.0994 0.2659 0.3142
-1.0886 -0.7141 -0.7381 -1.4306
0.9189 -0.1506 0.9887 0.6697
-0.0071 0.6024 0.0635 0.7184
0.2565 0.2054 0.0722 0.1274
-0.7217 -0.9158 -0.2406 -0.6567
-0.5123 -0.3697 -0.1297 -0.7602
-0.7408 -1.0460 -1.1725 -0.4399
0.4105 0.2062 -0.0057 -0.0088
0.7460 0.6651 0.7877 2.1505
-0.5457 -0.4007 -0.4955 -0.4808
0.0515 0.9764 0.9219 1.0589
1.5789 0.0676 0.7928 0.0939
0.3381 -0.1751 -0.2327 0.5589
0.8611 0.5191 0.4285 1.9015
1.2282 0.9828 1.5156 2.5849
0.3936 1.0943 0.3184 1.8214
1.1568 1.6282 1.1630 3.8020
0.0942 0.0033 0.9728 0.0777
-0.9571 -1.4013 -1.1375 -1.2214
0.1504 0.3185 2.0184 1.1419
0.9210 0.8991 5.0962 2.0647
0.7818 0.6035 1.5499 0.8109
0.3541 0.0815 1.9883 0.1554
-0.4053 -1.0608 -0.5843 -0.7464
-0.2473 -1.0570 -0.4540 -1.1561
-0.6263 -0.0643 0.1144 0.5466
0.8757 0.4557 1.1501 1.5973
-0.2515 -0.2151 -0.2414 -0.8832
-0.8607 -0.4953 -0.9636 -0.5623
