-4.16638183594
0.0
0.0
3.75
-0.0078125
0.0
0.0
-0.008544921875
-0.0078125
-0.0078125
-0.0078125
-4.16650390625
0.0
0.0
0.0
-0.0078125
0.0
-0.0078125
0.0
0.0
0.0
-0.0009765625
-4.166015625
-4.166015625
3.0
0.0
0.0
4.125
-0.0078125
0.0
0.0
0.0
0.0
0.0
-0.0078125
4.125
0.0
-0.0078125
-0.0078125
-0.0009765625
0.0
-0.0078125
0.0
0.0
-0.0078125
0.0
1.875
4.1171875
4.1171875
0.0
0.0
4.125
-0.0078125
0.0
0.0
-0.0087890625
0.0
-0.0078125
-0.0078125
4.1171875
0.0
-0.0078125
0.0
-0.00048828125
0.0
0.0
-0.0078125
0.0
-0.0078125
0.0
3.375
4.125
-4.17419433594
0.0
0.0
-4.17419433594
-0.0078125
0.0
0.0
0.0
-0.0078125
-0.0078125
-0.00048828125
-4.16650390625
0.0
-0.0078125
0.0
0.0
0.0
0.0
0.0
0.0
-0.0078125
0.0
3.75
4.125
3.375
0.0
0.0
4.125
-0.0078125
0.3251953125
0.0
0.0
0.0
0.0
-0.0087890625
-4.17431640625
0.0
-0.0078125
-0.0078125
-0.0009765625
0.0
0.0
-0.0078125
-0.0078125
0.0
0.0
-2.2724609375
-4.1669921875
-4.16639709473
-0.0078125
0.0
3.375
-0.0078125
0.0
0.0
0.0
-0.0078125
0.0
0.0
-4.16650390625
-0.0078125
-0.0078125
0.0
-0.0078125
0.0
-0.0078125
-0.0078125
-0.0078125
-0.0078125
0.0
4.125
4.125
-4.17422485352
0.0
0.0
4.125
0.0
0.3251953125
0.0
-0.0087890625
0.0
0.0
-0.000732421875
-4.16625976562
-0.0078125
0.0
0.0
-0.0078125
0.0
-0.0078125
0.0
0.0
-0.0078125
-0.0009765625
4.125
4.1171875
-4.17419433594
-0.0078125
0.0
4.1171875
-0.0078125
0.0
0.0
-0.008544921875
0.0
0.0
-0.008544921875
-4.17407226562
0.0
-0.0078125
0.0
0.0
0.0
0.0
-0.0078125
-0.0078125
0.0
-0.0009765625
-4.1669921875
-4.173828125
4.125
-0.0086669921875
0.0
-4.17407226562
-0.0078125
0.0
0.0
-0.00830078125
0.0
-0.0078125
-0.0078125
-4.16650390625
0.0
-0.0078125
-0.0078125
-0.0078125
0.0
-0.0078125
0.0
0.0
-0.0078125
0.0
3.75
3.75
-2.27270507812
0.0
0.0
4.1171875
-0.0078125
0.0
0.0
-0.00830078125
0.0
-0.0078125
-0.0078125
4.1171875
0.0
-0.0078125
0.0
-0.0078125
0.0
-0.0078125
0.0
-0.0078125
-0.0078125
-0.0009765625
2.625
4.125
