-0.1527
-0.0957
0.1122
0.0819

-0.3043
-0.3258
-0.1945
0.5848

0.0193
0.0481
-0.0551
0.8764

-0.1173
-0.0414
-0.2357
0.8878

0.0918
0.0714
0.1473
1.5269

0.0316
0.8571
0.4058
0.4048

0.1661
1.2845
0.2735
0.3013

0.1250
0.8869
0.0534
0.1045

-0.3450
0.2693
-0.3875
-0.3423

-0.0088
0.6979
0.0090
-0.0212

0.1253
0.9441
0.0299
0.0740

0.0577
0.2295
1.2225
0.0936

-0.1583
-0.1085
0.5969
-0.1090

-0.1487
-0.1131
0.6573
-0.1068

-0.1228
-0.1037
0.6987
-0.0750

0.2424
0.2024
1.2501
0.3598

0.0743
0.0937
0.6771
0.2487

-0.0070
0.0221
0.9122
0.0418

0.0447
0.2036
0.2837
-0.0785

0.0177
0.6008
-0.0889
0.0754

0.2626
0.8749
0.3138
0.3014

0.2294
0.3424
1.1228
0.1963

0.2065
0.2653
0.4628
0.8062

0.2232
0.2067
0.2273
1.0117

0.1609
0.1823
0.2239
0.4846

-0.3710
0.5571
-0.3031
-0.2871

-0.0702
0.8495
0.0104
0.0130

-0.0106
0.7175
0.0670
-0.1061

0.0769
1.4217
0.0325
0.1997

0.1780
1.4133
0.1460
0.2668

0.1180
1.2243
0.2427
0.1050

-0.0208
-0.0220
-0.0325
0.9349

-0.3767
0.1884
-0.4803
-0.3972

0.0134
0.6737
-0.0929
0.0294

0.0863
1.0292
0.0179
0.0635

-0.1543
0.7923
-0.0995
-0.1266

0.2291
1.1353
0.1941
0.0855

0.0087
1.0110
0.1043
0.0744

0.0986
1.0246
0.0972
0.0393

-0.1444
0.1323
-0.1660
0.4037

0.0008
0.0714
0.0841
0.8718

0.0303
-0.0285
-0.0380
0.8927

0.0257
0.0173
0.0480
0.5944

-0.0174
0.0577
0.0510
0.5466

0.2856
0.1274
0.1451
0.7758

-0.0651
0.0072
0.0386
0.3805

0.1026
0.0631
0.0662
0.3478

-0.0700
-0.1088
-0.0940
0.4676

0.4371
0.4066
0.8755
0.6602

-0.2037
0.6213
-0.2036
-0.1875

-0.0485
0.8128
-0.0090
-0.1061

-0.1210
0.7973
-0.1670
-0.0287

0.1050
1.3534
0.2002
0.1164

0.1268
1.6251
0.1758
0.2540

0.2654
1.2993
0.1564
0.0376

0.1710
0.8692
-0.0821
0.0540

-0.4116
0.2319
-0.4245
-0.4942

0.0524
0.6802
-0.0060
-0.0244

0.0632
0.9469
0.0603
-0.0232

-0.0692
0.7124
-0.1031
-0.1679

0.2042
1.1147
0.1174
0.2030

0.0224
0.9972
0.0076
0.1133

0.0411
0.9768
0.0440
-0.0620

-0.1139
0.3540
-0.1821
-0.0382

0.0622
0.8150
-0.1041
0.2011

0.0189
0.0271
0.0866
0.9119

0.3609
0.4476
0.6312
1.0228

0.2320
0.2401
0.7569
0.1975

0.4163
0.3362
0.4322
0.6634

-0.0280
0.2312
0.1245
0.0679

0.0683
0.4295
0.0185
0.1138

0.0834
0.3899
-0.0990
-0.0907

0.9885
1.8443
0.8444
1.6738

-0.2601
-0.1729
-0.1850
0.6901

-0.1249
0.0383
-0.0276
0.7946

0.0542
0.1079
0.7061
0.3297

-0.2134
-0.2622
0.6815
-0.1883

-0.2398
-0.2151
0.3379
-0.2507

0.0979
1.1493
0.1804
0.1309

0.0127
0.8829
-0.0099
0.0642

-0.4665
0.2019
-0.4160
-0.4628

-0.0361
0.1851
0.1024
0.5086

0.0015
-0.0448
0.4787
0.0928

0.0475
0.0394
1.2614
0.0047

-0.1477
0.0491
0.5843
-0.0132

-0.1626
-0.0260
0.6992
-0.1379

0.0899
0.1340
0.0527
0.8583

0.2830
0.4234
1.2313
0.5169

0.1688
0.2671
0.7279
0.2463

0.1379
0.0570
-0.0602
0.8754

0.4147
0.3350
0.3543
1.1937

0.0242
0.5250
0.1804
0.0889

0.2449
0.8811
0.2645
0.4452

0.0855
0.2301
0.0692
-0.0080

0.1991
0.4514
0.1172
0.1393

-0.0432
0.4409
-0.0564
-0.0838

0.7325
0.7121
0.9547
0.4940

-0.1764
0.5031
-0.2030
-0.2284

-0.0586
0.7844
-0.0375
0.1008

-0.0360
0.7949
-0.1009
0.0239

0.0410
1.5096
0.0848
0.1624

-0.1019
0.4958
0.3927
-0.0258

0.1254
0.2831
0.1764
1.2243

-0.1066
-0.0333
0.7465
0.1470

0.1242
0.0875
1.9450
0.1885

-0.0202
0.0363
1.0460
0.0809

-0.0412
-0.0678
0.0250
0.5484

-0.0353
-0.0145
0.0247
1.2742

0.2010
0.2624
0.0899
1.0150

0.1243
1.0296
-0.0736
0.2678

0.0484
1.0317
0.1073
-0.0181

-0.1542
0.2850
0.0626
-0.1066

-0.2332
0.6901
0.0296
-0.0530

0.1111
0.9330
0.0468
0.1224

0.1863
0.7447
0.1663
0.3352

0.0577
0.4753
-0.0321
0.0096

0.1906
0.9159
0.2724
0.3346

0.1735
0.1318
0.1852
-0.1090

0.1653
0.3461
0.0936
0.0154

0.3255
0.2600
0.2271
1.0111

0.7581
0.7776
0.5980
1.8737

-0.2586
-0.2701
-0.2006
0.7171

0.0210
0.1097
-0.1043
0.7767

-0.1027
-0.1207
-0.1039
0.8005

-0.0170
0.2014
0.0481
1.3823

0.2294
0.2648
0.1798
1.5395

-0.1878
-0.0715
-0.1362
0.5840

-0.0161
-0.0905
0.9281
-0.0248

0.2246
0.1353
1.8509
0.2553

0.0587
0.1340
0.9853
0.1309

0.0033
0.1047
0.2716
0.6376

-0.0168
0.0290
0.1180
1.2135

-0.1449
-0.2509
0.5926
-0.1440

-0.0563
-0.0635
0.6656
-0.0777

-0.2044
-0.0987
0.7677
-0.0915

0.2259
0.2279
1.2594
0.4723

0.3877
0.2186
0.9469
0.1640

-0.0134
-0.0482
0.9681
-0.0173

0.0746
0.1233
0.7325
0.2278

0.1997
0.2182
0.7917
0.2043

-0.0235
0.0730
0.2788
0.3660

-0.0701
0.2881
-0.0980
0.0283

0.2009
0.1677
0.0639
0.4511

-0.0592
-0.0341
0.0346
0.4747

0.6666
1.7460
0.8092
0.9819

-0.2791
0.6859
-0.2523
-0.3398

0.0479
0.8633
-0.0453
-0.0025

-0.0966
0.8204
-0.0395
-0.1321

-0.0017
1.4866
0.0446
0.1932

-0.0748
0.2712
0.0134
0.3429

0.1756
0.2796
0.3253
1.0987

-0.0259
0.0964
0.0547
0.9612

0.3074
0.1747
1.7923
0.6240

0.0755
0.1330
1.0397
0.1184

0.0836
-0.0172
0.7433
0.0945

-0.0485
0.1851
1.3074
-0.0659

-0.1922
-0.0776
0.6118
-0.1290

-0.0550
-0.1984
0.6361
-0.0769

-0.1868
-0.0580
0.7509
0.0482

0.3432
0.2661
1.3109
0.4059

0.2421
0.1652
0.9625
0.5577

0.0042
0.0488
-0.1730
0.9565

-0.0305
-0.0526
-0.0118
0.1226

0.0352
0.1320
0.0779
0.5505

-0.0128
0.0637
0.2703
0.1721

0.2420
0.1083
1.0342
0.2231

0.0903
0.3420
0.2105
0.0611

-0.0211
0.4421
-0.0958
-0.0913

0.1118
0.1511
0.3718
0.4384

-0.2533
-0.1525
-0.2137
0.5580

-0.0753
0.0095
-0.0212
0.7351

-0.1450
0.0274
0.2062
0.4653

0.1048
0.1711
-0.0151
1.4302

0.0413
0.1869
0.1581
1.5687

-0.0848
-0.0413
-0.0608
0.5609

0.0526
0.0374
0.0354
0.9137

0.1944
0.2921
1.9501
0.3429

0.0410
0.0642
1.0088
0.2287

0.0837
0.0498
0.7931
0.0260

0.1033
-0.0262
0.1130
1.2096

-0.1261
-0.1076
0.6347
-0.2279

0.0186
-0.1221
0.6523
-0.1812

-0.1039
0.0945
-0.1205
0.6286

0.3061
0.2833
0.2558
1.2756

0.1013
0.0390
0.1646
0.7288

-0.0367
0.0172
0.0209
0.8638

0.4533
0.3376
0.5084
1.3824

0.2256
0.2156
0.1772
0.7813

0.3716
0.8633
0.2757
0.3222

0.2628
0.3828
1.1093
0.2678

0.2611
0.3167
0.6882
0.1577

0.2823
0.2761
1.0452
0.2411

0.0999
0.1557
0.6566
0.1607

0.0435
0.1509
1.3684
0.2263

-0.1605
0.0524
0.7230
-0.0948

0.0393
-0.0199
1.0749
0.0228

-0.2984
-0.2610
0.6677
-0.2247

-0.2950
-0.2685
0.4020
-0.1362

0.2014
1.1728
0.1585
0.2475

-0.0185
0.9164
0.0268
0.0166

-0.4271
0.2835
-0.4219
-0.4409

0.0072
0.7314
0.0037
0.1096

0.0084
0.0472
0.6792
0.0342

0.0645
0.0522
1.2779
-0.0230

-0.1356
-0.0854
0.5569
-0.1638

-0.0374
-0.1132
0.6025
-0.0105

-0.0338
-0.0317
0.6635
-0.0670

0.3557
0.1806
1.3724
0.1620

0.1573
0.2004
0.9598
0.2687

0.0225
-0.1157
0.9378
-0.0272

0.0412
0.1939
0.4637
0.0916

0.0096
0.0239
0.1094
0.6064

0.0676
-0.0141
0.1536
0.3743

0.2452
0.2489
0.2558
0.9662

0.1864
0.3459
0.5200
0.4114

-0.1484
0.4155
0.0787
-0.0434

0.5387
0.7661
0.8597
0.6141

-0.4695
-0.1675
-0.2234
0.6262

0.0868
-0.0773
-0.1469
0.7643

-0.1270
-0.1200
-0.0876
0.7046

0.2084
0.1134
0.1894
1.4797

0.1363
0.2913
0.3050
1.6220

0.2704
0.1480
0.1175
1.2821

0.1178
0.0235
-0.0338
0.9182

-0.4246
-0.4006
-0.5179
0.2730

-0.0075
-0.0182
0.0208
0.5882

0.0244
0.1082
0.1367
0.8531

-0.1499
-0.1245
-0.0767
0.6732

-0.1321
-0.2405
0.7117
-0.1749

-0.0147
-0.1500
0.6525
-0.1390

-0.0137
-0.1272
0.6667
-0.0645

0.2694
0.1992
1.3537
0.2656

0.3079
0.0655
0.6443
0.2265

0.0306
-0.0195
0.8855
0.0252

-0.1954
-0.1541
0.2744
-0.1788

0.1238
0.4504
0.0822
0.1608

0.1224
0.0491
0.1780
0.1470

0.1425
0.1892
0.3827
1.2134

0.0994
0.1460
0.1525
0.3913

-0.1174
0.0587
-0.2287
0.4545

