168.6835
128.0619
289.7440
309.0144
106.8192
79.3761
118.1670
72.7391
43.7593
40.1679
69.8651
107.3904
167.8206
294.7011
106.2464
61.1864
96.6997
105.9913
225.0220
237.8829
207.7822
80.3160
120.4711
134.9921
83.3874
103.2162
163.3628
224.4916
215.9814
439.8963
175.2766
72.8965
101.2189
164.7584
221.9970
325.5304
326.2183
372.9205
143.7676
136.6245
85.7814
114.7509
56.4415
61.6523
72.9020
62.1837
184.0426
498.7186
120.5311
68.7601
86.2454
71.0648
102.7337
81.4924
47.4211
67.5429
94.2149
196.3779
534.3099
588.8473
215.2368
322.0428
591.5590
380.7638
126.9755
150.6767
204.4161
244.8533
108.4467
149.6846
192.2910
95.4573
91.3708
213.5141
362.1996
144.5800
303.0193
444.7141
270.2978
334.9896
69.9067
119.2658
192.1801
63.5866
127.3766
231.3526
67.8187
166.4055
439.7521
344.2852
70.2430
88.5384
47.4737
51.5433
111.2977
179.1440
86.0147
77.0379
159.2740
399.1466
145.4280
63.3767
59.8382
166.6259
271.8698
73.7159
208.9606
136.8319
246.5388
131.3731
140.1980
134.3204
182.5895
180.1222
243.0649
85.1768
136.6498
49.9861
173.7784
286.3192
151.9352
413.0247
548.7924
202.0062
231.8586
276.0786
172.3837
95.7903
84.2539
160.3326
100.0934
67.1058
63.2532
128.5152
196.0936
73.0350
160.3194
457.0677
194.9334
119.8665
114.5304
270.7686
99.0720
46.1535
97.5686
151.4038
70.4785
139.1151
130.5279
84.4688
91.5569
125.6710
108.3012
148.7487
100.5562
166.1240
71.9020
81.8555
200.6025
136.1045
186.8485
193.6336
218.5716
41.3667
77.5900
123.8559
81.2627
59.5800
91.0590
91.6062
63.1268
157.0972
269.1818
90.6695
80.6937
134.3877
207.1584
95.4391
234.5795
483.9167
372.4153
305.6628
127.9294
86.0619
139.4111
322.5185
252.1778
335.4501
299.0064
256.6485
396.3111
317.7767
130.0533
63.0250
54.4547
85.6359
201.1351
569.4565
191.5200
105.6176
113.7853
149.9576
138.6516
174.6518
119.3962
189.7161
86.6953
39.9862
67.6627
283.1814
440.0991
92.9323
73.3634
107.7125
129.7550
167.2728
95.8363
77.8492
132.0503
125.7209
336.1627
480.1448
217.3954
220.9609
126.8215
100.2994
70.2481
96.4582
93.7688
87.9807
151.8045
248.1611
159.3824
128.0956
102.5657
188.8456
360.4688
274.4005
130.9827
272.1568
126.0358
194.0840
345.3475
292.3492
326.0841
362.9711
136.2365
103.4990
185.7102
165.9978
203.5950
411.7400
352.1486
309.2807
189.0270
97.7778
63.0724
189.6535
488.3861
116.7105
152.9118
73.0623
72.4516
44.5161
87.8314
151.9731
184.9730
106.6858
207.5459
311.8330
70.9622
38.5299
82.9423
157.0472
208.0661
129.1520
159.4327
95.7446
239.9617
304.1805
132.6126
218.4108
99.7749
150.7520
127.1213
70.2673
106.6841
100.4821
70.6062
79.8782
125.3336
233.2686
283.4330
124.3875
150.8230
182.1732
49.7681
94.0180
156.8421
231.9601
158.9554
223.2268
364.9842
136.2579
103.9391
206.7075
60.2337
64.3535
113.7596
149.9629
43.8612
119.0793
208.5179
259.7998
130.1809
236.2616
101.1491
53.7418
101.3302
215.0621
448.0566
361.0956
354.5140
492.6184
170.8448
249.3777
318.8586
304.2723
177.2850
189.8424
168.2105
138.0172
107.7991
205.8677
339.2344
244.0839
217.1020
111.0067
124.1476
79.7625
113.1359
83.4810
101.6353
65.6466
71.4112
114.5916
92.1680
99.6398
104.1189
230.4892
441.9356
109.9163
85.1089
64.7582
259.5933
438.2421
126.4815
250.7550
366.7365
131.8744
226.9026
296.5764
294.1265
72.8699
186.0762
371.7021
136.0614
195.1195
359.5963
118.0358
229.1395
69.9729
136.2156
167.5104
226.2504
351.6355
286.2258
87.0921
96.1831
74.3315
157.6924
109.8880
222.1936
212.8462
127.5242
269.1240
299.6321
130.5387
216.8516
138.9226
183.4767
213.6696
267.9043
88.0091
98.0742
123.8952
226.3464
317.3328
91.7539
103.1748
215.6761
155.2993
228.0680
116.7956
106.7659
223.1403
325.3594
108.3449
85.8056
119.6428
44.1379
54.9521
106.5311
234.6294
131.8285
171.3289
287.0156
129.0534
162.4208
196.0219
278.8198
253.4587
377.6246
73.8915
162.3892
256.1041
108.9640
157.8795
145.1877
221.9306
258.7534
325.4717
180.1527
377.4198
316.2642
216.3413
129.3673
190.1091
273.4545
92.8829
95.4805
41.1436
75.8563
68.2948
52.1403
94.5175
225.2729
566.8674
455.0253
111.4656
114.8845
86.4083
115.8197
166.5455
130.6203
241.9649
275.7837
89.9884
145.1204
231.5059
299.6638
158.1714
190.3578
144.4848
80.8843
87.3842
102.6067
97.8372
177.2933
187.7916
145.5567
93.9857
35.0507
61.4085
71.7110
248.4477
389.6773
41.6092
69.0362
204.0829
484.8515
129.1688
142.4706
162.7774
341.0284
377.6046
447.6713
313.9691
91.9566
172.2527
137.2797
256.8761
95.2453
218.5420
135.9651
161.0100
291.8637
385.2434
147.0658
136.1960
102.6346
117.0387
143.5433
148.5319
281.0598
217.5786
417.3908
88.5253
202.8324
217.5441
100.4374
250.0345
192.8412
250.2920
360.0963
219.4770
129.4043
280.3651
282.1984
170.3834
211.9398
383.4778
131.0130
209.3313
133.8580
198.2181
164.1169
117.3282
230.8480
290.4515
232.8556
243.4508
83.2182
107.3688
60.4726
169.5251
437.7854
143.0325
153.4772
326.3379
96.6284
86.5282
55.2230
57.9199
83.7250
65.4417
64.3503
92.5963
118.8143
108.6285
101.0510
190.8404
250.7326
260.1708
455.7280
270.6570
656.7238
252.2310
225.3162
466.3461
342.1566
75.2226
76.7464
283.4768
353.8443
218.8984
235.5826
227.0104
201.5352
139.1325
172.6848
151.6473
84.2299
118.7170
63.2808
103.4517
361.9289
639.5427
103.4198
66.8434
175.9722
329.4085
163.6014
294.2242
135.1759
223.6171
423.4201
357.1699
208.9423
340.0470
89.7419
73.9400
211.8909
280.1118
181.0895
90.9749
100.6947
157.6373
195.9510
171.1656
181.4485
410.6453
232.3004
160.4528
305.5433
105.2478
167.7313
314.0079
52.3445
41.8543
72.0963
151.9562
112.3198
180.6828
242.2157
97.5162
108.4941
161.5613
367.0466
154.7134
115.5730
163.0874
144.9825
168.0135
240.7258
101.2874
113.6294
157.8954
311.1481
278.1469
135.4906
105.9987
321.1821
503.8809
137.0104
108.5550
54.3232
289.9686
503.4610
253.9060
111.5609
62.1326
252.3090
343.1135
68.2502
97.3939
208.2142
391.5704
62.9976
139.8302
117.9509
139.1090
219.7609
224.4943
89.2397
154.2571
54.9344
136.4453
343.5272
416.1879
151.8984
106.7178
196.8226
80.1377
113.9993
120.8349
93.3058
143.1641
258.4915
152.6213
231.6141
114.4019
262.9716
238.3563
132.2457
237.1291
150.2268
162.9903
217.7257
334.7746
193.0630
79.4717
41.9552
97.0878
190.4934
119.0058
145.3062
313.0106
460.6993
343.5710
197.5602
149.1777
275.9213
349.9106
453.8482
219.5431
58.5027
96.9999
257.8267
445.7116
240.7104
79.1437
139.3378
550.3534
421.3886
197.9998
120.5788
136.6373
108.9114
147.1226
239.5907
53.3941
189.7218
428.3751
190.3078
118.1926
121.2310
194.7707
92.5543
158.0906
66.3832
44.5329
55.9114
67.6464
129.7003
80.4527
270.9521
237.1143
59.1490
107.0035
137.9099
95.5952
122.9234
122.7787
300.0720
292.4596
103.5064
235.4446
314.7052
86.9818
267.7111
374.4749
129.2531
188.8417
91.3880
97.4879
118.2342
227.4888
393.2582
90.9629
72.0368
148.5674
319.7164
128.4476
301.1412
347.9627
70.8117
164.1958
271.8685
87.3916
168.5051
170.7542
86.9630
94.8103
152.7401
110.2915
51.6285
64.5266
159.2623
97.7338
294.0041
549.8188
395.1088
148.2952
157.5125
178.6729
308.2381
86.1765
53.1127
90.5534
172.5661
170.1883
226.8661
78.0541
169.8237
87.4749
158.9160
125.8485
172.3855
84.4009
62.3813
52.4692
63.5760
68.7229
73.2114
176.1514
346.5038
70.8480
93.5353
148.2115
132.6584
128.9409
150.7102
262.2289
180.1495
72.6209
106.0211
117.4975
194.7276
146.8307
240.7841
254.0666
38.8949
189.3775
367.4289
182.7655
358.1339
435.7872
89.9106
132.2929
209.1008
405.2154
415.5925
148.0555
197.4545
103.9785
70.1765
127.9443
105.0113
281.5386
375.6465
84.2039
106.1511
183.6370
326.0157
273.3434
101.9497
128.1939
67.0066
72.6207
150.2406
166.9114
57.0282
77.8503
137.9628
62.3046
74.5521
75.3962
64.5936
123.8018
138.2719
41.9323
129.7268
340.7407
416.0631
163.2213
141.7199
246.5991
167.8776
91.9015
114.5017
58.7780
108.9750
201.3938
233.5770
393.9041
77.4863
67.0965
94.5308
202.3787
99.7813
181.4993
206.6564
112.7188
213.1936
246.0898
98.9245
236.8892
275.9918
425.9101
153.1580
45.0751
50.0817
75.6518
92.9500
191.1371
280.8030
67.2980
108.1026
88.3565
145.3882
212.0779
153.6544
398.0337
175.6754
141.4944
326.7069
228.7113
104.8440
146.7069
91.0880
129.6784
186.4617
179.7492
274.0831
514.3443
357.0819
119.0355
178.6292
124.3138
117.9507
179.7083
331.9721
66.7825
47.5701
159.5244
335.2184
137.8120
186.8696
107.3712
103.4641
66.9486
68.2910
97.7856
191.4922
112.3601
87.1448
125.6171
98.5816
107.8122
142.5573
166.3757
136.2781
188.9951
80.5539
71.4539
221.6066
187.0801
207.4746
438.0030
73.1336
283.5748
476.5916
189.3439
156.3912
189.1765
209.3584
88.1096
97.9702
58.8173
90.5584
217.8010
191.3845
135.6926
128.6227
101.5315
188.3507
117.2647
54.8398
37.6019
63.4281
166.8198
219.5222
133.4611
131.2698
99.5830
156.8687
136.1130
167.3300
66.6159
97.7289
68.8007
85.3559
113.7842
186.8745
117.1505
130.1313
87.6519
163.5441
315.9036
44.5746
155.4323
577.8862
485.8588
113.2086
57.0414
57.3422
67.1509
65.0732
224.5450
301.2367
67.5178
124.4255
204.1164
204.5035
170.7020
392.7546
143.9710
74.2102
74.1488
122.5786
95.3533
136.5148
247.2130
241.7569
351.7847
256.2121
553.0223
273.7933
59.8913
186.1702
209.1880
55.0275
35.7055
61.4430
94.8260
145.7067
131.4318
278.0808
325.6813
138.7158
182.7122
101.1245
77.8421
236.8359
284.7394
310.7739
328.9006
382.2791
245.2251
117.3978
130.2885
106.7456
186.3259
66.4816
49.3396
138.1234
285.6376
369.4595
89.0129
63.2734
56.0915
95.4479
102.3049
210.4288
192.7386
168.9907
341.2348
158.1297
215.8362
202.1469
98.8402
71.7142
140.9774
232.3082
498.8810
219.4703
154.0080
98.2214
76.6183
223.2056
258.9641
176.1859
150.3023
276.2140
238.4975
271.7315
241.9063
103.0589
112.7361
87.3776
71.7154
124.9098
151.9660
171.4413
425.2264
192.4282
108.7985
199.5148
289.3242
277.4188
130.7255
217.3065
55.1055
134.5315
118.2693
134.7076
226.4115
217.2765
136.2019
162.8682
120.3493
137.6163
143.7420
148.3427
99.3251
79.4724
106.3995
159.2353
127.3329
179.4705
280.4307
61.5153
94.8875
88.1730
43.4747
120.4930
164.1756
82.4511
217.3385
279.3322
128.4991
65.3347
162.9921
196.9299
178.3935
210.2408
107.8018
46.8780
60.7876
148.8909
221.3797
97.7997
75.9460
117.5001
200.9623
357.9916
102.5730
124.3383
162.1295
352.7613
188.2257
129.8485
118.7176
228.1340
456.8514
208.1142
201.7369
294.9314
216.5274
138.5298
191.3924
166.0671
233.5962
391.0555
218.8865
193.1007
92.1988
64.9066
67.6439
88.2072
99.8948
90.5175
207.2840
403.1260
200.3648
64.1742
74.8612
74.8297
190.2995
390.8230
147.8246
270.6141
153.0666
117.0878
68.7492
79.7036
77.1921
143.9108
257.7428
391.6641
82.0625
285.2675
468.1608
159.2407
110.4914
391.3746
680.2076
168.3412
89.3769
202.2960
141.3472
75.5298
204.1986
236.1793
158.8112
156.7249
64.5793
43.9566
167.9626
360.7309
71.3579
222.4096
386.1359
204.4096
196.9328
300.0301
491.6230
239.9354
414.3562
431.8249
215.1732
351.1112
398.5639
125.5565
65.7217
88.7605
195.3183
111.5155
216.9898
245.5861
474.7636
281.1295
336.7324
203.8901
326.0148
49.7455
58.2181
133.4675
126.2734
56.7259
79.5281
81.4907
42.0098
125.0813
280.7007
105.6917
236.9741
254.4289
266.4029
112.7251
248.3470
116.3326
213.2346
296.3876
125.1000
171.6105
136.3591
152.4479
105.4858
108.4452
334.3828
449.9127
59.0836
195.6563
407.1288
67.1066
225.6107
410.6068
137.0274
119.5033
58.3284
90.0223
85.5865
120.9032
111.2471
155.5914
229.8277
145.7024
357.6210
352.0020
253.1077
321.7744
409.5798
533.2499
204.2906
355.5795
148.3632
193.3941
219.0447
67.3541
83.0141
86.3951
84.4492
79.1028
67.8427
106.1297
244.2628
174.3785
92.9409
188.4024
100.7814
172.0241
350.2985
530.7239
434.4259
103.8077
117.4330
308.8753
181.4338
137.0553
216.1760
218.0446
280.8628
217.5724
333.6797
283.7124
129.4253
55.7762
64.3137
51.1837
88.6807
108.6528
157.3671
283.9820
172.9766
169.0240
317.4814
189.9179
136.0561
316.8164
296.3462
50.5265
129.1126
79.0137
72.4896
91.5573
196.4734
262.8352
287.0565
510.5457
568.6282
476.2809
222.7608
55.7040
125.7197
104.1320
101.9865
153.8544
147.4507
113.3077
182.7057
120.0726
110.6317
161.0965
270.7764
160.3812
84.8516
248.4757
146.0151
150.0932
77.3789
192.4915
137.3442
260.0249
85.8566
147.4513
246.4641
79.8891
89.9722
136.5175
106.9454
208.5160
232.0125
208.2197
56.5352
162.5333
277.5182
71.6106
96.0744
50.4842
71.2557
94.3586
81.0642
89.5556
153.8163
254.9599
285.3309
142.8444
203.8629
280.4814
295.3045
105.1871
154.7637
139.0357
86.6739
90.4074
93.4912
191.3987
371.0174
440.7949
130.4016
314.4916
325.1533
63.9754
151.0094
201.8861
61.8347
41.3395
74.8130
238.6977
361.4809
144.8603
239.2197
159.0918
86.8376
296.1369
437.3369
82.9799
105.3771
246.2502
551.2754
197.7267
76.2501
112.8585
223.5459
218.5791
181.7956
180.7494
162.8798
148.5481
140.9394
46.8290
127.1746
261.0025
119.6026
94.1447
63.4311
116.1650
225.1571
288.4704
350.2501
379.3965
97.0624
67.3934
154.2629
248.1947
88.3061
105.8252
79.4474
80.8387
92.9148
140.9795
351.9066
401.2748
122.9553
189.6977
335.1523
141.0235
280.1988
207.3499
332.0136
548.4246
339.2326
222.4917
107.6845
220.0516
247.7163
103.6667
103.5291
133.2750
265.5851
261.6408
126.1161
66.9018
131.1731
253.5408
122.5902
71.4855
126.8699
261.3031
300.9739
458.3217
96.8762
85.3852
72.6903
161.3853
257.7258
80.4374
159.9810
566.2941
458.3135
69.7143
90.7093
307.5104
410.6648
117.0712
117.3175
167.6333
197.0567
126.4234
275.9893
417.3169
499.4373
110.7720
133.2647
234.7751
123.3626
53.7826
69.7588
140.1005
372.3313
68.2676
178.9312
473.4044
67.2322
118.1237
280.9253
227.6814
544.8138
432.8375
173.3428
348.4199
133.9192
111.6296
81.5213
100.3105
109.3230
130.0569
73.4849
118.5293
125.6842
230.5629
211.2449
255.2298
127.0088
50.9953
46.7645
119.4418
91.9043
341.8506
392.3654
65.2447
184.8033
301.5009
249.8571
382.3568
228.2541
246.0091
111.2414
126.8539
169.6762
206.1919
32.3257
166.5165
359.9982
370.0168
134.1003
193.2669
205.0400
322.9637
314.8492
343.9964
535.7791
223.0601
256.7404
255.0394
158.3438
119.3721
357.4312
583.6870
172.1430
183.9540
215.9302
75.1485
102.1550
151.1201
159.8320
60.2137
148.9776
414.0938
452.3878
425.3773
295.3934
125.9147
161.3869
74.3574
113.2406
198.5899
301.4525
82.1954
75.2945
48.3804
149.1613
227.3575
236.9798
339.0537
128.0907
128.7719
203.4180
458.3349
479.4098
146.8142
192.3107
112.5593
158.3159
91.0880
274.6073
525.4198
244.4132
166.0936
277.9955
452.4973
113.3291
74.0111
112.4009
193.0433
120.7774
78.1123
128.5215
119.1050
66.5325
78.7345
229.5490
174.7358
74.2537
146.6353
195.9309
253.1611
119.1122
207.6713
286.4150
120.7383
142.2643
201.0650
501.0214
94.1851
197.9296
205.8769
88.6560
45.9864
89.2377
78.0021
125.8859
236.8434
143.5362
148.1191
328.3334
195.1432
352.3321
283.9394
127.9670
269.3147
279.3804
45.4782
78.7286
115.1943
109.1058
219.0564
142.7943
162.1282
84.1825
139.0446
264.6450
442.2626
168.9676
147.0115
303.9092
337.1294
39.9140
41.2490
81.6111
286.5635
281.5449
430.0853
512.8610
375.8645
257.8520
554.3007
94.1507
198.4827
304.6280
158.0698
73.0662
90.5758
60.9282
104.9533
174.2682
85.7287
105.6578
186.1872
509.1097
301.3977
160.9606
206.2331
192.4760
421.5388
131.2926
203.0433
77.2824
110.7158
97.2447
123.6291
184.5356
409.6108
170.7118
182.4753
193.4841
234.8882
92.1337
90.1567
204.8043
63.8474
104.6595
188.3876
292.7382
316.5522
417.1181
108.4309
141.6857
127.1271
67.4323
120.3284
232.9165
257.8799
197.7652
379.8510
313.7823
72.2636
175.2716
321.7276
170.3911
280.3594
149.6783
108.7669
87.1741
142.1991
253.3617
328.0168
144.9727
65.5304
235.1645
529.5541
303.9710
400.7527
234.9430
98.9739
233.7102
553.0203
209.6136
301.9171
355.2734
80.8696
351.4957
713.0894
351.0179
145.1063
299.6168
163.1777
276.8436
471.2804
273.8674
142.1892
171.4383
68.1100
72.6520
78.3795
96.8122
177.5616
175.7476
130.0875
153.6776
175.4019
472.4912
462.3126
238.8786
58.9126
57.1949
124.0455
277.1889
207.3161
224.2837
189.9329
426.7518
259.8985
64.2992
134.3537
143.9044
206.1219
81.5583
63.5494
135.8968
231.1463
73.3276
241.7847
279.6412
47.9944
158.8502
315.5311
264.9833
324.7706
233.8020
444.2716
218.4525
358.2231
271.3481
186.4843
40.4887
85.2316
126.0280
190.0665
136.5577
243.6700
364.8746
83.0109
125.5537
190.0633
121.5260
53.3810
73.3145
221.7702
564.5444
422.0855
141.1231
140.6909
213.1174
187.5166
263.2392
384.0872
166.2391
94.5412
88.1259
117.4200
161.4963
78.8854
244.3662
516.2456
194.9994
58.0830
106.3512
100.3602
135.6505
84.0922
123.7912
148.6887
290.9404
421.2253
227.5539
283.9443
178.6255
88.2255
185.1423
221.1677
176.0160
165.6856
130.7062
158.0660
297.4104
232.1825
518.5258
569.6295
231.8678
195.4060
192.3774
279.1818
232.4834
65.3982
60.2940
121.1099
226.0198
107.1380
205.2659
211.2592
301.9082
421.8177
140.3733
125.8089
235.5690
195.3676
422.3044
278.8274
188.9965
294.5420
386.6170
146.7728
109.5792
77.9948
75.3611
206.5356
199.5588
95.0228
174.7868
437.2218
422.4255
229.2563
230.9315
147.0008
199.3848
139.9492
293.2364
174.3959
353.5834
520.1706
332.2446
118.8484
151.2873
262.4256
207.4255
207.4332
282.2325
638.1171
519.7741
120.9282
66.1266
37.6540
106.1275
149.6889
78.9318
215.2712
377.3307
143.8821
114.3417
82.7799
107.5950
255.6627
287.3010
85.6673
103.3699
374.7338
463.0269
257.6081
408.4722
142.2311
117.6735
99.0646
136.2884
216.3779
548.6922
695.6554
323.8960
150.6170
223.8818
122.5848
115.3052
92.8906
294.8735
387.8378
120.8758
40.9024
244.9393
505.7267
276.6360
176.0122
98.3570
186.0035
65.2966
105.5835
110.9000
376.1050
484.6289
104.4494
63.3244
41.4504
214.4241
327.9043
71.9868
90.4190
287.0918
412.0747
132.7210
206.4090
182.5688
485.4837
58.3617
175.8332
323.1167
143.7297
378.6969
388.9743
602.3417
338.7244
253.5420
338.0726
115.6097
92.5122
55.1003
85.0722
252.4109
528.2882
372.3531
176.6338
199.5898
127.5657
237.3762
519.5564
641.7970
164.7647
311.6695
318.3033
54.5231
120.4343
289.2752
439.8868
52.0648
126.8192
202.6760
174.3710
161.9755
275.1044
381.0074
77.6404
110.5553
86.0375
365.4214
370.3315
205.5575
167.7338
148.0884
191.0435
315.2806
351.6540
436.2494
148.0431
262.1167
189.0716
539.7160
423.9332
467.4166
225.8719
384.9285
133.7714
259.5202
524.4239
299.6220
376.5268
154.8989
171.4699
197.8200
110.7008
148.1190
417.3118
451.5010
199.7709
423.9992
553.6074
228.3806
132.7927
287.6397
148.6084
69.2280
44.2321
95.6038
406.4239
745.5412
543.3983
217.4619
350.0363
153.8504
322.4893
206.4505
107.8093
78.2318
230.1721
381.1532
245.8781
590.6850
419.6874
179.6429
317.9379
73.0197
198.1258
308.9150
45.1437
59.2834
200.7628
232.4899
46.7179
175.5563
425.4692
518.1934
415.3140
209.9341
136.9270
112.9119
131.1893
144.5698
98.9639
99.3548
91.4147
89.1030
145.9364
228.8451
246.3835
573.8792
373.1990
228.1621
214.6230
187.3150
322.9858
192.8433
77.9138
65.5585
67.8501
57.8234
30.8119
140.6906
326.3560
740.1194
540.3292
152.9261
124.3291
73.9756
141.7133
88.5065
84.0587
315.9904
460.7490
130.0654
309.0750
146.1762
174.9349
93.8001
102.1162
95.6946
107.5970
224.1082
86.3428
180.8497
262.7278
130.5593
122.1919
115.7153
311.2487
555.3265
213.2623
395.8520
31.0889
98.5756
175.4413
206.9597
189.7221
136.3866
210.2468
237.9892
161.2649
141.9109
86.3471
242.5414
441.0774
317.3460
378.2426
127.1114
258.4087
309.7660
236.1876
463.2202
59.0650
81.2137
81.7246
193.1697
274.8159
108.3779
143.1720
211.6474
335.9470
212.9772
323.9333
320.5059
76.7159
163.3811
273.0439
165.8376
166.3585
266.6074
114.7257
319.6479
446.9337
203.7397
55.2517
80.8312
240.4492
396.3263
440.7892
148.5261
153.6556
161.5847
70.7836
116.4497
183.1655
161.9261
256.8453
287.8497
461.9143
203.9996
104.8211
142.3967
343.3426
185.8600
81.4243
63.8185
113.0034
215.8421
143.6968
251.8963
383.5805
66.0588
95.6833
198.1912
153.5157
137.5543
52.3082
131.4237
218.7130
180.7879
159.5077
192.6064
170.7048
73.1844
77.7628
104.8604
233.2806
484.5011
105.3491
87.9958
134.2298
139.5008
230.0032
147.6296
220.1456
380.9686
221.1569
121.6332
255.4716
334.2995
122.4735
433.7945
504.1793
421.8743
131.9416
122.8705
79.4283
98.4306
123.5272
174.7151
115.0579
54.7978
189.2037
422.2409
730.2818
558.4560
73.1161
94.9232
209.7874
246.2147
453.7950
171.7522
415.3789
192.0590
414.0455
335.0966
95.9551
98.9831
149.4700
167.6303
67.2699
168.4928
425.1008
322.2755
299.7319
123.7684
67.1790
82.3846
112.9546
244.2512
387.9950
96.0789
94.7081
59.0815
82.8679
234.9444
325.9460
142.9798
240.3627
411.0499
231.6324
112.7317
171.6955
314.9409
277.3123
71.9384
108.2040
338.7107
570.2658
308.3434
348.8437
229.3517
121.2613
187.1583
492.8557
410.9535
126.0539
290.1913
298.4500
469.8187
596.1170
159.7555
99.2335
96.8611
127.7447
169.3763
271.3480
280.2578
601.0503
402.8007
59.6964
82.7577
67.6024
80.1014
143.6162
213.6256
120.2532
41.4688
240.5115
589.2520
534.3504
332.8300
233.1450
160.4044
77.2978
268.9832
502.2263
239.7616
382.4358
212.5481
390.5420
299.7093
159.0846
498.9479
560.9776
77.7145
148.8505
308.9969
326.9636
85.0159
223.5160
271.2095
140.7166
114.6104
500.9549
598.9653
327.0481
304.5769
407.1752
335.9200
91.6662
103.4651
107.4615
75.1849
129.0453
321.1261
502.7837
348.9063
552.3674
287.4686
147.8833
189.0248
159.2775
291.1654
596.6956
552.1990
493.5461
541.9914
454.2791
186.2210
351.2338
421.9760
138.5612
237.8588
328.1807
387.6422
271.1512
271.2465
387.1456
172.6762
314.3507
442.2019
218.9299
322.3938
241.1955
107.0952
148.9311
217.5075
193.8974
361.0506
392.9207
77.4149
92.2044
266.9543
637.8298
633.4222
99.2121
52.0136
144.6265
193.7598
357.7876
508.2384
141.8473
153.2821
195.1136
187.0145
204.2004
198.7092
300.5612
211.0070
352.5437
589.6035
107.5261
166.1341
150.5550
205.7553
261.5344
107.1905
405.1740
409.3604
289.0706
151.4664
171.5337
176.2500
196.6975
95.1916
113.8283
116.4444
141.2829
115.1102
219.0586
136.4651
108.4763
243.0803
454.9668
143.7658
248.3559
151.5808
313.5631
325.6812
151.6192
179.7848
163.6198
196.9805
330.5613
251.5548
247.9339
241.9695
193.8597
241.7746
331.2850
240.4154
269.6630
101.5013
156.6486
347.4347
108.5615
100.7087
251.0426
163.5218
113.5737
338.9247
479.8109
536.9333
553.7120
390.0062
295.9201
76.0194
192.5668
343.1581
97.7114
156.9907
223.8549
59.1951
220.7051
547.3008
354.9878
69.5868
78.3767
87.3288
118.7479
185.0697
110.1293
112.9739
150.9823
165.9164
123.3805
131.6288
216.8879
246.8481
183.4785
198.1177
355.4606
132.8840
291.2660
432.5150
159.5019
189.0157
106.0682
209.0953
338.0175
174.3310
161.0639
253.3227
249.9903
203.3096
247.1692
143.5958
368.0011
379.6767
353.0000
386.7222
160.7471
97.6806
120.2316
146.4720
155.3176
137.4297
136.9994
167.1894
318.2946
30.6955
45.6468
86.7681
128.8929
137.5665
203.2454
448.7369
437.1404
106.1299
125.7227
173.6570
187.4728
257.4481
565.1063
411.7186
274.4610
288.4090
391.3623
169.4425
296.1342
429.4365
434.8733
86.6273
52.9843
97.8396
52.6314
108.1914
192.1263
191.1414
422.8834
312.9334
145.4772
168.6999
196.1093
101.4257
77.1733
148.4654
276.5798
372.9370
323.0953
56.2238
32.0780
154.9300
204.8865
110.0717
263.3716
302.7580
333.8574
305.9493
425.3206
201.3600
440.2248
73.5396
102.4896
150.6731
118.9337
336.2944
451.8442
56.9630
108.9279
73.4196
178.8732
302.0051
71.3672
67.2640
215.5708
450.8441
144.3853
295.6107
194.1497
452.4040
373.4724
331.9893
171.3496
235.3002
197.8343
142.6142
495.4982
516.4904
399.1241
327.7131
504.6122
91.6519
94.6899
126.0405
284.0824
371.7474
561.0140
538.6637
275.7600
172.0014
184.2334
269.9078
219.0456
267.0821
239.8332
342.2220
395.2863
102.5980
118.3436
250.5281
475.0238
131.4046
196.0431
209.6491
142.5677
57.6701
132.4700
258.6884
63.8033
187.8742
348.1342
270.1780
193.6119
375.7921
147.7653
287.3329
485.0481
162.8805
224.5695
161.7630
88.5007
220.9650
298.0746
160.8518
615.3428
560.3540
329.5736
189.2062
198.9699
401.0251
428.0831
233.5623
176.2512
247.2921
397.0399
512.0457
142.6435
218.4050
391.9067
148.6399
89.9185
211.7909
155.9913
508.4059
555.6157
155.2314
97.4495
128.1786
247.0032
538.2235
328.6981
276.9661
117.2567
181.4556
105.7208
342.4618
554.2536
156.5814
209.1295
126.2849
79.2689
122.2811
114.8069
184.0640
224.3535
238.6259
389.7908
400.8608
397.6130
187.5638
117.6329
103.8678
146.3282
332.5879
71.2828
193.4712
252.0388
189.5905
53.7212
166.5230
247.6294
68.6266
160.4760
391.0201
598.3055
395.3005
110.9163
128.4259
184.8520
174.5711
252.8599
559.0644
202.7611
284.2806
519.2111
145.4554
234.7518
70.6069
181.2880
286.0496
376.7522
158.6567
291.0755
170.5908
278.1292
101.3020
142.6769
208.8572
331.5216
271.3384
62.9815
84.9255
242.7941
546.9869
374.1823
179.4703
45.5131
144.0405
148.7309
35.9582
71.7878
147.2199
57.0511
91.8648
122.1330
263.7309
123.6993
264.1356
446.6797
143.1229
84.0214
215.1021
181.8990
120.5198
234.9005
162.2623
69.7274
110.8862
103.0563
71.7301
128.9123
240.5906
454.5178
617.8971
369.4328
79.0466
80.7012
256.8261
450.3563
520.5987
589.8728
378.6597
516.5744
49.4255
242.3433
711.3038
575.2721
512.0667
579.1116
283.3660
258.2642
256.1990
239.4230
448.7239
330.3392
177.1216
258.2584
428.4666
543.7241
94.3426
197.0499
97.1838
193.3046
219.3784
397.9452
173.2658
100.1367
188.7148
244.0739
670.8684
542.7101
396.7872
536.8960
167.9310
179.6061
37.3845
46.1113
70.5535
158.6599
350.5781
656.3192
627.6217
415.4007
822.5384
563.2321
351.7900
535.0842
367.2327
170.5954
163.1119
97.0466
216.4391
268.3378
169.5038
85.8637
52.7222
110.7921
210.7474
384.2070
55.2741
147.5139
135.4297
206.8174
223.6049
177.3694
346.5137
493.9645
242.5675
110.0474
176.1730
231.4891
321.8463
102.0969
103.2486
84.0995
157.6031
221.7824
352.9842
116.4179
126.2557
79.5581
255.9475
322.6851
410.7171
650.7779
406.2176
207.8041
268.6848
258.3416
166.6434
359.4304
387.9527
299.2437
306.9923
175.2912
111.9764
105.2818
204.5653
216.0257
112.1389
228.1698
277.8494
181.5468
154.1703
124.8504
170.7680
257.3835
355.2189
367.8144
55.4196
266.9555
383.9315
217.7606
510.2331
177.7608
108.3828
376.7749
494.8938
411.3836
554.1481
273.3101
622.1010
353.5115
64.2087
103.7028
177.8439
160.7688
191.5391
340.7845
142.8455
91.1127
266.3477
504.4413
170.8747
76.5218
185.4893
200.2628
226.7727
385.3541
179.9491
82.2756
49.8406
108.8486
366.8090
561.3260
443.5974
739.9666
501.3309
352.2010
637.4876
239.4606
176.8115
174.5265
88.5776
307.7491
511.8983
327.6221
620.9661
290.4702
220.9166
215.6724
49.0095
87.5671
239.8945
279.7704
137.6950
140.8911
228.4414
66.0679
104.3536
231.2855
255.3098
118.5259
123.7277
352.0546
621.6473
297.9624
169.2385
231.3616
330.2343
378.0455
111.7251
163.1741
347.9485
523.6558
50.1863
117.9859
152.1652
136.1184
230.4005
353.0446
209.6944
317.8598
279.2477
174.8779
119.4615
339.1007
621.8419
439.1353
195.2346
201.5869
122.3029
77.5450
222.6613
256.7643
342.4217
493.2088
165.6429
124.1505
264.8349
293.0076
498.8633
324.1794
344.7605
371.6416
187.5623
277.2154
228.1086
171.8811
166.6839
410.3245
384.4473
111.3204
129.8593
94.0723
123.5329
132.4809
158.8719
187.0695
209.4823
131.3634
101.0704
32.6208
89.1133
197.9903
365.4178
522.4770
197.7284
569.7636
566.8521
330.7662
74.7038
202.4097
228.0897
148.0624
158.1331
182.7226
288.7682
319.9028
384.9569
208.2273
425.7231
752.0169
407.7192
200.0441
68.3652
88.8640
182.6692
211.7089
344.0509
98.1779
281.1193
633.7904
531.4979
328.4004
304.2746
511.4074
226.3754
215.0606
89.9576
120.1761
48.7220
86.9283
62.6018
135.6684
333.7190
326.8183
110.1284
350.1172
603.7784
694.4705
512.6524
384.9549
534.9413
239.6671
247.5844
443.9121
91.2673
192.2099
196.1900
485.6062
398.4078
446.6296
231.6066
457.2402
398.0971
172.0325
272.5195
555.6958
210.6829
154.5583
200.1144
280.3092
76.3899
252.6486
152.0234
114.8589
61.2407
97.7210
182.3489
114.5534
136.4572
117.4755
395.1629
611.3248
692.6087
507.3043
73.8957
290.9637
462.8309
122.4691
166.3241
257.6862
403.3177
192.8328
72.7341
121.8080
292.5080
312.7974
398.9048
426.2377
153.7544
229.4545
66.6894
195.9829
361.3833
368.4772
502.8047
248.7296
70.7508
64.2148
249.2531
419.2594
488.1174
511.6608
82.6011
89.4641
226.2383
520.5916
664.2150
521.0410
342.8618
609.1410
177.0370
152.7215
261.9246
361.9904
504.7617
639.4484
532.2782
328.5108
137.9033
79.0112
244.7625
275.0164
265.0563
329.2896
537.8774
588.5003
757.2543
436.1041
157.2485
540.8867
637.3519
114.7748
87.7554
158.2342
271.6382
197.2417
258.4721
86.4073
412.3558
539.3338
319.1570
509.8266
164.1391
441.5489
443.4433
147.0866
254.2961
177.4972
189.0627
141.2483
245.5150
50.9240
166.2819
387.6194
224.4421
179.6690
369.4586
315.2680
772.5554
566.6490
368.7611
418.4331
45.3385
73.6959
249.8094
495.0129
288.7394
416.8501
506.5089
202.5242
307.5554
499.5632
329.2637
376.2948
180.1966
367.3035
401.4641
328.3386
214.5920
117.8100
197.1465
564.8013
411.4751
454.2862
352.7822
92.8435
322.3910
582.0083
439.7380
180.7684
159.1483
156.6145
298.0558
108.5197
293.0218
291.7694
399.4561
228.7401
420.7449
136.4927
262.8634
482.1483
181.5979
287.9101
482.4918
133.4900
246.6319
125.1460
82.9708
63.2983
100.4517
226.2128
360.8753
61.9060
59.5164
57.7471
63.5130
99.7459
311.7588
694.1656
561.0179
251.8806
327.1015
498.8326
209.2147
68.6311
150.4730
122.7222
97.7994
101.1739
80.7584
152.2498
457.2050
432.0443
265.2575
141.6656
296.8125
104.9996
76.9197
99.8524
189.6483
256.9303
66.5197
228.3107
507.8206
79.6059
247.5066
405.1222
150.8776
251.1178
116.3969
308.6581
666.4267
255.6881
132.5538
68.6531
106.7078
194.3359
347.7162
85.2445
139.8890
83.5122
66.0893
44.0948
247.9723
281.0601
179.0490
67.8748
165.7888
109.1185
18.4586
61.6732
109.5328
52.1685
94.7949
138.3433
353.2478
325.0961
292.3619
211.6602
456.0658
296.9265
116.3967
81.0300
45.8542
100.3746
124.5728
166.8282
178.9934
187.8693
201.1773
281.6592
78.7865
367.8332
563.9138
304.4818
517.5683
145.4361
143.9907
119.8045
42.5955
98.4342
394.2645
681.7990
466.6294
331.6896
590.9085
104.1198
177.6853
404.8456
618.7222
151.8045
384.2179
334.2251
306.6057
423.7371
202.2359
119.8716
338.1529
747.2920
519.2646
370.3802
564.3564
518.0437
365.2286
311.8565
639.3077
483.1507
279.9461
531.9193
409.8723
426.7358
811.5074
582.7607
131.8951
216.3125
176.7500
253.3626
475.6215
86.0976
49.0438
189.3572
159.1814
69.7064
85.6288
55.8545
130.0812
226.1702
384.3430
325.7601
193.7742
304.7631
123.1325
256.6013
190.0626
351.7167
212.6164
144.8731
377.6186
479.8253
217.3336
428.0194
177.0079
229.7035
479.7986
489.6790
625.8478
128.8683
201.3389
332.3357
245.9333
199.9168
132.2283
113.6016
191.2651
312.7687
449.2062
550.3068
526.9228
235.9357
243.6486
84.4528
158.3589
361.0458
572.3199
276.8070
204.2151
321.3468
306.5810
310.8469
197.9116
278.7011
107.4797
207.1662
249.4128
124.2576
124.7848
349.1960
383.9784
118.4700
398.5480
625.2198
472.9220
584.1751
66.6821
153.3455
157.8215
226.5990
223.7250
326.1435
175.9513
257.1369
304.9367
427.4440
158.8543
263.5818
160.0029
104.7520
339.8902
402.6764
336.7800
112.4145
113.4835
96.3949
115.7654
269.9827
131.3860
346.9463
520.9291
379.2357
598.1644
769.4588
598.4303
268.1189
507.9696
269.9295
367.9953
233.1082
169.2183
140.2425
258.1431
113.6089
247.4170
136.3262
312.4221
301.2966
67.9488
208.0778
163.5580
93.5852
226.0254
303.7025
603.7244
338.0507
302.1827
96.9294
243.0474
561.3004
313.1305
84.9287
310.5315
770.6158
523.6692
150.3195
190.7179
306.5247
124.1934
93.8802
265.7983
574.4170
338.1693
180.3016
462.3286
758.6812
667.9668
511.3337
707.8410
499.0081
176.5077
159.6703
240.3732
557.9281
171.9932
140.5292
244.8175
251.7206
86.0861
50.4028
125.7320
111.7133
171.9519
196.0118
272.4005
481.9998
446.3413
244.6303
174.0927
194.7870
528.2729
502.6015
240.2270
171.9523
46.1420
84.4428
92.8387
63.7654
130.2496
455.2722
773.5629
579.1534
120.9315
170.7877
189.8598
534.5348
576.2362
455.3603
192.5798
350.2366
606.5287
214.9779
263.3053
377.4630
206.8598
309.8780
429.9187
510.1748
258.8433
149.0982
155.8208
114.5016
167.9669
241.0718
84.5245
96.7257
137.8756
130.2704
182.1174
148.9324
467.6919
512.9689
206.6464
381.0974
280.9939
200.5530
316.9672
746.6454
436.5967
298.7028
683.8051
711.3201
653.5832
118.5884
85.5133
186.8771
125.4379
64.6796
48.4156
54.1534
111.0904
109.6916
197.2045
178.9887
226.9469
54.7156
281.3170
571.5427
164.5246
61.9850
109.7237
144.7523
108.9284
358.4300
544.2287
441.9098
155.0215
88.2627
142.5299
337.3802
756.7454
379.3884
144.6732
85.4207
96.4927
194.2870
261.9327
409.4160
90.1805
193.9184
323.6157
543.8031
204.8814
252.1357
550.5580
314.4828
485.7556
217.3371
393.7560
488.2213
254.6931
199.9040
342.1991
474.5005
173.2292
149.5575
274.8966
543.2149
360.2610
620.8285
375.5621
313.2406
245.3101
339.5609
185.1658
254.6248
207.7926
242.3544
438.3754
140.4199
336.2661
498.1890
692.4611
457.0663
55.2503
186.4063
304.8424
580.0156
337.1709
139.9570
111.0930
224.7776
409.9982
260.5754
100.6202
302.6165
255.0200
27.6954
33.7948
64.2565
113.3636
105.6066
223.6769
392.8443
188.0277
180.4983
97.7732
175.7799
279.3942
330.4309
293.7785
569.5207
516.8530
250.8821
228.7391
434.5184
383.0486
213.1367
189.6032
328.8475
694.7848
589.8322
144.1559
137.3636
62.8742
92.3177
67.7705
111.4088
295.9482
355.5176
149.0528
275.2026
529.6097
222.9947
211.3223
362.4303
208.5742
476.5095
419.3379
51.8082
40.8340
58.5579
63.9783
332.8630
452.9470
123.6115
434.6832
633.3201
175.6404
571.5268
594.0318
262.1990
65.0174
140.1400
143.1982
272.4245
683.1312
591.3501
322.6867
398.1229
651.6066
526.7555
340.6946
418.3029
111.6273
290.8139
352.6109
394.6840
212.2937
92.1473
109.1001
350.7728
138.4987
239.7765
503.3889
363.5361
571.4333
281.9997
341.4635
263.0131
560.6090
290.6459
177.2507
191.6739
401.6115
131.6515
344.3761
473.1114
305.5787
333.8750
78.1567
66.1776
134.0034
179.4178
323.1330
316.3721
456.0764
118.5754
132.3183
183.9616
210.2240
298.9390
251.2897
476.4154
172.4511
54.4710
62.7858
102.9988
86.0692
244.7017
317.4545
89.0659
280.5699
475.4304
226.2830
188.3487
573.4953
570.5016
122.1655
115.6390
83.9419
196.3325
332.8713
311.0142
508.6642
413.3221
699.3381
451.2873
323.8899
362.0056
480.8601
94.2634
107.1975
195.2628
412.5209
472.9338
246.2077
189.2451
80.5567
51.5761
54.9184
105.1900
63.6427
110.0152
238.9708
60.4245
229.2856
189.3180
249.9725
407.0385
135.0334
127.9454
258.3240
422.1595
157.3010
278.4316
262.5129
477.3653
250.4327
702.6388
558.3249
145.9510
68.1276
117.8258
270.6390
545.3976
474.3033
88.8038
244.8155
219.2733
193.1872
182.0188
119.2488
88.2432
91.8617
81.7808
149.9029
340.3763
535.4327
67.7108
139.1664
358.5340
769.7465
525.2357
284.9795
722.0812
620.2789
229.9180
151.9686
456.4133
504.2020
339.3070
558.2029
344.6313
199.3971
165.3559
285.4105
99.9697
154.6422
477.2765
275.4897
149.6152
179.6086
66.6869
116.4064
438.2307
653.1537
194.8462
226.1134
139.7034
92.2966
81.6326
104.4972
268.9498
465.6894
260.7711
511.3911
116.4840
77.7713
203.0770
441.2878
416.6830
347.6609
488.5606
170.7051
349.4333
327.2723
234.4704
109.2698
221.4055
516.5924
564.1405
516.4054
436.3918
711.5455
636.8847
224.2547
138.5234
88.6599
184.7209
199.7695
92.8568
65.0552
56.1408
150.1254
552.8356
742.9037
597.8386
657.7824
449.8621
351.6864
650.0476
244.3665
226.3705
70.8319
372.7585
817.1224
846.7331
502.7199
123.9269
274.8282
368.5489
287.9827
370.2034
207.4389
263.7791
129.4489
264.5512
783.8462
555.2026
115.3626
281.5976
543.3289
548.4676
515.5501
566.5931
311.3959
60.7643
373.8734
640.5451
458.9378
624.1054
203.5157
161.5617
400.3353
542.0545
227.1365
354.8040
152.9568
461.7897
646.7806
377.6597
532.3499
132.6523
110.2877
378.5323
550.3917
274.3035
132.6548
228.8508
326.3564
249.1746
134.4419
163.6704
158.2831
211.0621
110.5655
102.5834
298.5181
485.1497
220.8970
395.8528
351.0467
482.4201
293.3833
653.7358
718.1732
447.8492
151.2986
112.2017
73.6669
138.0614
408.9844
547.1277
478.6395
446.5124
372.8678
60.7738
246.5086
415.7032
374.9683
418.5101
203.3121
380.1992
757.0355
510.5626
62.2205
69.1764
252.0875
303.3996
303.0159
135.1192
325.7908
176.1243
156.7693
167.5313
417.5227
259.4493
110.8294
258.7949
337.5595
795.0189
569.2937
223.7347
194.9074
382.8617
548.9569
202.0640
314.5385
139.7107
136.7204
194.5673
509.8213
299.8543
140.2953
118.8832
167.7813
303.5928
429.3074
395.6348
202.1171
186.0728
146.4367
305.8661
245.0340
299.3070
101.5266
175.0123
91.4008
272.9845
242.8862
150.8920
126.3661
155.9496
194.6658
221.1344
72.9567
124.5848
252.4149
306.2947
254.0154
390.7169
134.6498
330.0169
482.9597
200.6308
154.7300
322.2562
96.5301
86.4087
154.5068
394.1235
493.6364
595.6801
366.3412
833.3605
620.0052
472.5529
312.2534
99.8906
53.5524
228.0863
684.0312
618.2934
613.8686
417.4022
287.7030
280.3876
580.8862
169.2544
115.5314
98.1946
120.7431
50.2709
144.3582
155.4707
203.1330
291.2653
422.7644
121.7450
76.0200
263.9158
430.5386
356.1187
808.0989
600.9542
285.2297
148.9051
404.7699
413.2071
260.4715
182.3810
367.9987
523.5339
126.9717
109.7337
120.0803
123.8975
130.7740
188.6102
252.4406
585.9377
516.7075
133.9690
272.7131
722.0360
637.6523
297.3278
247.0899
263.3130
114.4348
274.3021
495.0586
298.7075
426.0106
218.0623
365.7871
485.9047
668.1060
509.5059
192.0394
256.6984
228.2248
189.7832
312.0195
495.2691
47.6866
118.2283
200.8067
379.1929
103.3039
165.3030
224.2868
135.0715
202.5289
162.3427
354.0191
350.0514
64.2106
69.2428
210.8724
220.3090
331.8048
502.3506
563.3033
172.4938
269.5045
310.3345
95.5397
190.0779
146.9119
46.2694
135.7581
123.3137
282.4869
625.7868
387.6039
408.0839
126.1727
222.9036
222.7721
288.6124
190.1826
300.2550
526.7544
219.1426
519.6190
239.2584
671.8833
602.1545
80.0710
543.2888
526.1981
66.9506
120.6753
115.0183
421.5069
827.1180
545.5916
210.4357
128.2943
224.2035
438.7597
273.0695
617.5327
773.6257
408.1885
127.5428
177.7503
236.2075
100.0348
251.0971
537.0915
544.5069
660.2557
185.0671
66.6484
71.0129
107.9892
321.4884
442.6394
781.6408
556.3566
572.8434
670.4752
429.6193
216.8370
360.7163
171.2780
134.9127
340.8554
710.9566
488.4134
206.3528
222.3588
310.9570
425.9943
94.4941
97.1553
254.7062
555.1167
696.2479
631.6905
617.8999
510.1853
400.8689
480.2910
208.1811
396.3612
550.2822
464.4283
256.8751
128.7893
49.2550
106.8432
100.3361
181.9411
470.1346
333.9358
305.1113
265.4390
300.5039
476.0534
372.3007
532.1413
161.6379
211.1651
329.3731
123.2034
104.4224
78.6152
208.0743
438.6342
370.8153
744.8618
423.2652
393.2762
807.2774
493.7417
119.8067
159.4312
128.4573
107.8645
239.6608
743.1489
526.0164
452.0958
405.4608
414.4941
874.7073
765.6787
353.3728
186.1436
93.4931
221.9232
324.2005
168.6056
342.3605
434.1778
746.4713
759.3551
618.3581
529.4323
677.4725
447.0770
442.2081
232.2994
373.0253
266.5151
275.2812
198.7959
68.1458
168.9663
387.4854
475.7020
165.5193
50.2340
247.7027
244.4652
318.8149
342.0215
523.6573
481.7546
275.0877
84.4714
44.1423
148.1100
181.9872
200.4711
93.5203
92.1453
215.7625
293.5763
416.8530
138.5076
460.9681
454.1632
263.5639
340.3212
489.6823
486.9127
750.0535
650.7021
735.7109
817.4801
507.5866
82.3439
86.7857
158.0525
331.1723
471.2568
881.5572
645.7325
258.6072
158.7185
428.7552
604.1280
606.3420
403.1781
677.8753
600.0828
207.3470
426.9855
414.8121
126.8680
191.4512
377.6647
544.0854
606.1175
347.8628
641.3722
556.0713
167.6568
438.5577
155.9908
339.1867
301.0280
327.3027
557.3479
274.2030
201.8448
282.6723
290.1193
491.5820
258.7226
307.4834
279.6721
565.2927
529.1198
667.7139
548.6421
353.8986
329.8778
293.1657
558.1830
426.0235
420.6044
197.8618
420.6534
528.9048
268.3503
599.2284
352.7181
738.0841
486.2600
113.0177
286.7047
443.2234
627.3286
618.7369
709.2423
447.1808
186.4988
407.3016
772.2751
469.8004
545.4225
580.0594
216.7237
84.7379
277.5817
509.8290
315.9307
261.0585
375.0171
486.7193
175.5088
152.2807
270.6824
879.3372
760.8444
669.2176
524.1487
380.4432
586.2948
312.0525
513.0379
311.6248
731.1959
512.2311
308.9397
87.8555
326.1367
431.4661
561.2643
526.5051
179.6096
327.2552
544.5423
50.2067
287.4460
567.9843
381.2774
560.3780
431.6945
85.9285
151.3703
86.5952
89.7428
169.4332
241.6237
237.8044
84.4077
168.2694
172.7217
235.5535
229.7057
258.8035
502.3036
129.1755
184.7598
147.8091
240.1076
133.0127
372.9677
558.7813
659.8674
532.1410
66.1294
343.1384
547.1837
153.0633
208.9886
128.4218
325.7544
610.3134
398.4900
226.7954
33.2881
162.5164
567.5354
715.4595
335.5398
263.8775
370.1357
530.9699
480.6752
176.7034
233.7945
415.0093
370.2533
471.4784
587.3835
98.3374
328.6936
597.9175
662.5481
598.4368
131.9998
237.5480
211.5187
225.2562
152.2278
185.7955
178.9139
263.7292
313.8124
27.1627
181.4333
495.4207
306.6193
226.8296
688.9051
525.2835
369.6042
519.0002
74.1240
274.0741
451.4967
598.1190
734.0143
476.8966
252.3936
132.6724
353.4071
171.0348
402.8377
465.9087
269.7007
599.1432
450.2234
520.7576
126.2408
229.6646
442.9381
225.8886
252.6485
256.5316
73.8160
153.8330
241.9087
207.2632
297.9014
263.8844
321.2239
333.7530
238.8759
303.2356
92.7283
68.2504
188.5146
209.4833
166.4004
310.2720
115.5136
244.2864
534.7266
560.3575
323.8331
589.7103
329.3967
253.9353
340.0632
234.1093
288.1635
222.2101
250.5885
320.3692
189.8159
201.9456
180.1953
190.6650
243.6867
166.4091
168.8019
114.2770
470.2444
656.5261
440.8567
497.9231
168.4778
279.2999
147.4148
469.0236
368.6378
341.2026
579.3367
167.8784
155.2721
255.4507
363.5670
104.0960
131.1096
111.7809
329.6170
773.7939
590.3919
341.6711
691.3690
803.1938
759.0552
394.5698
310.9921
436.4443
320.5702
553.5162
754.2140
703.5311
596.0038
566.6859
105.9792
237.0421
335.4275
606.6066
446.6566
593.6512
360.8048
493.4183
517.7340
114.3208
199.7170
393.3271
689.7935
525.7540
302.9568
189.4175
142.0750
299.1860
541.0264
267.8043
132.3080
444.8496
724.4349
379.1445
373.6072
745.0564
623.5674
368.5961
166.0823
385.3074
794.5569
707.7440
804.3393
589.4275
292.8823
392.0395
176.5028
247.3029
206.2043
527.0819
718.6885
712.1463
559.7044
391.5000
452.0807
714.7470
519.0414
107.1804
371.5259
515.8324
481.2864
752.2959
405.9021
119.5410
88.3471
89.5874
310.3968
861.7842
653.0068
328.8873
441.9959
53.9476
66.1370
117.8086
100.5336
103.9499
154.1272
414.9150
386.9844
329.3800
703.3220
514.9707
479.9975
105.6944
159.7377
524.9939
466.5339
129.3300
564.7982
543.6752
52.1452
151.1742
413.5948
651.5405
290.6267
677.5527
554.1203
163.2660
421.9433
352.6315
331.1120
722.2518
801.7055
625.8251
412.4881
478.9172
149.6608
207.1056
355.0680
157.0129
159.2017
312.1848
616.2532
343.4100
327.4736
286.7785
281.6617
421.9069
461.9601
220.2918
446.0438
79.8056
453.5173
435.9843
110.9394
312.7602
729.4617
407.2807
48.3394
34.4770
92.0133
374.6629
585.8339
191.1439
380.7632
348.8391
498.2925
358.1364
549.4523
180.6053
106.5667
226.8854
201.6698
341.9832
599.8817
191.7456
228.2952
490.3429
315.5077
152.5288
410.2494
360.8408
69.5493
376.0838
805.6221
573.0274
80.4422
151.3133
247.8738
645.4091
605.0340
334.4328
312.5672
137.1884
253.1932
154.1856
341.9644
535.1519
471.0093
316.4530
967.6053
827.3111
661.6017
498.3190
466.4063
286.3424
532.0414
406.3790
507.9314
530.2370
240.4507
483.8567
79.4489
290.9800
559.0478
300.4042
606.0873
539.3216
190.5221
191.8193
305.7447
624.2382
493.3430
138.3662
227.6634
371.4383
163.2009
563.3359
502.7629
213.5586
446.5478
706.8252
753.2545
783.4490
660.9881
221.7636
179.3007
240.6903
350.1067
224.3321
488.3157
66.9747
119.5357
270.0902
267.7521
174.5288
109.2761
347.7765
896.5240
747.2028
320.6006
107.2192
131.1832
252.5533
325.7512
730.0210
530.3166
346.7909
625.0403
633.3438
530.1857
175.5070
371.2804
657.8186
798.3769
514.4123
123.1931
88.1636
130.8446
183.6580
328.4928
38.2846
169.0680
533.8277
431.3462
314.3082
531.4937
311.9570
373.4847
347.7283
583.7795
439.1051
186.2158
369.7273
180.8949
262.1885
350.0648
650.7911
398.7177
185.9227
241.2671
170.9684
109.4290
455.6113
590.1183
444.2886
715.1462
476.6582
159.4137
478.8856
541.6894
209.9500
456.3547
135.4018
196.3016
379.3052
509.8212
337.6024
509.1666
198.3547
132.8446
141.5049
356.2937
157.5874
94.8582
293.3351
295.4643
356.2386
601.0313
865.2862
650.1144
261.1332
380.8620
592.2544
86.0358
55.0560
127.0419
189.2999
551.5207
508.1876
221.9870
414.9365
136.4395
545.0307
564.1730
393.6185
571.9201
259.1315
496.5837
488.1603
803.1753
438.3030
106.7898
58.2820
53.0173
122.8261
174.0140
113.7665
86.4996
416.4227
721.8302
446.0291
237.5210
414.0571
574.1096
454.5555
490.2565
119.2737
181.0405
487.4141
461.6835
209.4962
374.5032
329.7071
460.0918
45.3340
309.1607
659.4690
418.5511
338.0113
210.6409
289.2116
247.4845
288.4099
435.6277
249.0837
190.7596
324.4327
435.3793
465.4554
746.8627
382.5772
272.5387
378.4354
822.5891
500.7606
82.7013
191.3068
429.2357
434.4035
183.9076
228.9872
386.7601
817.9622
675.5756
282.5472
278.1665
127.4887
118.2704
149.9091
407.6078
118.6756
73.1436
23.4246
129.6796
195.0466
282.3221
513.9231
267.1659
242.6301
280.8482
471.0722
714.8481
894.0628
594.3055
380.9386
561.4647
432.9926
52.4662
157.7399
453.2544
291.4072
365.6662
134.4331
388.1238
575.2885
164.9911
193.6662
98.4674
126.3097
376.5495
494.2555
371.5793
191.9472
354.7617
474.1711
540.2953
256.4397
229.0208
281.8058
136.1136
177.5481
396.7965
84.6768
76.7729
356.7012
778.9638
666.5268
568.5839
525.2896
166.2683
513.4664
497.7607
489.5868
796.3153
678.2202
416.3468
117.4858
147.9698
278.6270
342.3790
170.3059
93.7090
271.4278
198.1521
129.4072
305.3613
610.5598
737.5348
468.5094
203.0943
200.1966
81.8676
111.5832
253.0905
74.0695
319.0509
786.8873
784.0984
480.1289
96.2077
381.2298
534.3163
189.5633
477.1896
642.3801
394.2157
236.9140
217.0321
378.7914
490.9119
620.3017
293.3879
598.6540
580.0652
695.6063
330.8507
230.0706
86.7315
258.9003
430.6777
196.3434
449.9094
514.1076
401.7439
243.7857
75.0583
94.9626
159.0784
250.8373
373.4297
387.7032
370.2138
752.1469
605.0090
274.2708
181.3447
328.1366
412.5469
215.4767
312.5228
154.0659
382.7166
286.8834
249.9577
118.8686
236.3936
528.0139
119.8443
219.1910
650.7076
939.9743
678.0336
312.3889
348.2833
517.7200
314.9934
185.5580
198.0894
315.5220
256.5945
672.9283
722.7937
699.5113
785.5611
511.6120
426.8527
688.0169
398.1403
491.0235
592.9091
210.2101
257.7342
714.8512
780.0219
898.1409
793.8091
629.0605
371.6755
82.4929
144.4946
324.0812
474.7704
596.0085
183.4352
266.0903
260.0457
294.7859
587.8573
194.3283
133.7844
210.8965
194.6967
315.4079
666.5441
714.4582
504.8216
133.1020
71.9895
153.2309
351.4623
473.0648
234.0809
111.8566
123.0590
439.7130
297.3913
190.6802
629.0124
836.9491
940.7877
747.5887
615.6938
846.1665
722.5163
533.3299
478.0050
559.6704
194.5613
134.3652
85.1919
106.2175
128.7023
379.1991
798.7862
517.4833
345.4245
841.7947
499.3424
84.3453
171.3354
354.2769
479.9467
486.5988
365.8483
578.2586
106.9825
115.7756
301.8310
628.2770
384.2553
342.5005
485.0665
194.9649
344.6212
223.8949
128.1356
203.0040
338.5172
177.1326
158.3947
198.7614
434.1528
274.9504
123.8765
74.5353
182.9446
518.1683
406.0625
260.7102
329.7757
214.6508
479.5855
588.4641
637.8786
369.7148
227.3616
622.1045
246.9150
109.7360
30.9414
207.4319
390.2657
392.3596
356.6703
232.9507
167.2163
667.4053
685.0774
157.2029
323.9809
517.2336
447.8553
707.9399
379.7607
281.9321
483.0827
256.4575
527.1891
592.1847
424.2280
557.3577
174.8534
135.4098
144.9569
361.5454
509.6075
385.0641
599.1156
327.2097
807.7587
664.0876
385.7423
393.6015
564.6276
622.6475
511.9806
123.1934
344.4545
365.9174
678.3061
354.4141
368.0524
113.4181
71.4496
101.6718
203.7700
386.6236
364.0055
288.7216
125.5269
178.6441
192.5954
106.2554
263.4576
260.8848
440.4784
289.2763
487.5332
313.2340
786.2761
848.8904
808.6141
535.1806
202.9232
114.0277
319.1951
364.7527
338.7755
316.8500
477.5183
628.9710
254.7698
334.1405
142.9642
232.3059
62.3057
39.3059
212.0772
286.4111
140.2811
454.3454
635.7712
856.6384
784.3331
506.9208
148.1543
309.2607
255.8104
557.3219
445.3045
341.3460
253.4385
532.4946
443.2215
501.0921
407.7554
861.7230
797.1152
495.3667
223.9656
303.0457
413.3031
238.4285
231.7701
176.2365
125.4895
115.8249
234.0584
329.5268
303.6377
584.1529
187.5638
57.2055
123.4635
209.2066
54.3800
122.5767
109.1337
154.5475
347.7764
246.4075
211.6224
607.4644
639.5867
122.7209
315.0194
298.3247
376.7448
275.5694
210.0102
112.6640
236.0657
579.5945
589.5643
78.0885
143.1541
594.7516
449.6756
226.9304
242.3957
51.4891
34.1967
63.1545
121.6625
392.6313
731.6193
864.3367
550.5962
396.8819
539.3357
158.7202
99.4532
232.6845
848.7386
608.6096
130.7258
116.6065
146.0528
167.2313
158.7157
81.0820
116.1659
421.9937
510.6548
113.7497
220.4702
363.3315
215.2130
345.0703
557.7086
69.9089
307.7386
592.8010
243.2304
548.2140
494.0589
576.3943
319.5314
166.9790
140.2529
287.8153
854.5817
556.1894
104.1907
420.7604
713.4488
552.5407
533.2908
199.4224
320.2140
529.0967
444.2814
922.6281
529.2126
274.2624
362.1782
519.8577
690.4321
68.9394
191.5517
131.1002
61.6224
263.2838
356.2705
123.7861
383.2081
625.4814
302.3246
269.9407
109.7985
494.3858
604.4740
386.9816
824.0497
680.9480
388.5929
139.9568
214.7756
379.7885
499.9433
401.5076
51.9550
302.4793
809.4074
702.5957
257.4855
511.2165
483.9090
358.2525
803.3681
851.2488
761.1196
434.0891
104.8134
443.5904
505.1361
172.5894
384.0905
565.9553
242.7957
356.5972
261.0372
184.5857
416.5827
849.9197
829.2822
623.4705
367.5183
356.3528
540.7869
214.4589
132.8834
364.7605
886.7213
916.5419
819.0110
596.2685
514.0119
642.4380
502.5452
464.0202
815.1071
668.0602
300.8672
449.7112
477.4418
106.0155
508.5942
949.9545
613.9503
331.0156
765.1724
905.1930
406.3780
291.6700
893.0826
746.6265
478.1693
891.3456
599.5620
441.4215
962.0520
627.5291
321.6491
306.6289
125.6346
142.3869
99.6271
355.7907
623.0156
372.0414
567.4482
628.8182
473.5939
44.1074
98.2863
212.9777
281.1624
539.8703
600.1592
451.4673
416.8555
429.8883
719.0850
465.6250
690.1386
416.8277
423.9903
881.6742
643.9344
660.7780
758.8253
745.6353
694.2049
558.8519
599.1720
373.4644
60.4181
39.3269
413.5121
922.6069
800.4899
869.8695
509.3370
348.5842
722.7091
534.9221
193.8098
301.4626
159.5173
189.8376
172.6080
86.0467
136.2598
470.3858
464.0092
230.9500
173.1689
61.4750
437.6689
826.4795
649.5518
763.2677
790.8056
393.8353
224.5234
451.4985
573.7367
219.0077
230.2905
147.1599
320.1877
463.0747
432.3631
990.0442
624.1509
630.0050
664.7637
487.3444
955.1688
919.5566
530.1131
74.2953
79.1113
108.8992
67.0019
158.1236
467.2868
530.2810
208.0914
240.4267
262.8125
567.3044
355.5936
487.7840
664.7382
366.8519
190.3328
481.2460
492.4070
293.4018
332.4333
474.5569
266.5680
186.9376
230.7717
427.0833
756.8797
783.2153
762.2453
542.5732
607.1069
359.5848
698.2075
526.8457
351.4463
618.5390
365.5511
803.9233
682.2770
747.2854
349.4335
144.6303
377.0081
887.7513
600.3110
163.7570
292.4695
571.8037
180.7425
326.7866
840.8872
598.3402
222.6164
600.0430
928.4288
681.5383
79.6580
446.0940
685.6074
378.2901
533.1542
196.4519
128.5206
411.4828
655.9452
147.8149
102.6362
95.4416
304.6674
539.3300
246.2727
319.0920
131.2083
377.9760
587.9049
318.1684
323.4437
553.6394
201.1304
119.5531
202.9359
95.6528
212.3305
496.7578
591.4537
271.2922
558.2864
706.7640
728.4262
671.7448
637.2416
133.4839
507.8703
944.6016
1078.3524
777.2680
513.4553
138.0659
305.7433
690.8837
459.2837
153.0994
347.8277
93.2945
103.6336
227.5759
123.0177
154.0287
261.5781
406.9312
428.7430
683.5212
486.9735
324.7702
129.7345
165.8959
284.6577
471.2324
360.0070
150.4554
242.3092
922.4808
868.5329
787.9739
927.9705
810.4736
558.3709
461.3725
203.9578
208.4988
543.8992
869.9620
735.9149
694.5890
387.5764
483.9082
426.2811
140.2762
580.0433
456.6576
253.1565
465.9947
577.0830
365.6465
652.3409
129.7916
290.8669
531.7087
157.0106
279.9924
547.3754
490.7709
863.2603
547.9117
90.6021
224.4161
96.3044
78.6104
241.4954
557.3603
253.0866
115.0410
440.0458
866.6997
610.1539
341.2309
509.5635
304.9075
197.6686
366.3657
395.3836
626.7424
338.7837
532.1657
611.8147
264.0662
437.2504
199.7317
460.3280
196.6870
412.5488
76.3371
253.1351
707.8006
438.8664
111.9102
187.1597
388.4764
318.2158
472.5262
167.0035
232.9427
169.4275
146.2738
176.3913
112.8431
315.3973
661.4887
416.1606
780.2587
544.5499
406.9025
610.1170
612.3925
235.9121
300.0887
390.0857
591.8882
311.0163
635.0197
484.2699
156.6241
401.5427
526.3383
376.5160
137.2905
470.3818
367.5636
176.3941
170.0999
134.7249
296.5005
161.5226
146.4722
260.7281
620.7304
597.5281
174.3482
241.3797
275.6445
415.2389
555.4217
69.2130
92.1642
190.8959
206.5154
317.9919
352.8403
648.6686
627.7470
95.0026
253.8942
815.0976
661.1469
160.8777
360.3372
507.8634
190.0056
226.0535
289.1131
366.3564
181.2652
29.9124
192.8635
673.0125
966.2802
975.3439
1022.9259
649.8419
142.2554
372.6023
470.3708
72.7892
234.6018
600.7865
783.7880
772.1210
619.7771
655.4984
538.3529
99.6407
90.1734
276.6171
448.7846
295.1876
661.3025
496.6721
478.9026
1057.4476
927.7050
896.0201
778.3743
701.4420
1004.9894
868.4233
637.5489
549.9514
685.0087
553.9386
347.2557
408.1760
129.3663
156.0906
387.4920
871.9108
915.2240
772.1799
451.9517
315.6151
370.9024
843.3852
903.0803
706.4639
423.1456
205.5293
621.8333
543.9883
491.6108
919.3656
695.6297
847.5017
606.0560
254.8297
258.3392
647.9023
680.5387
334.7842
172.6667
264.1464
629.6550
556.7927
607.6529
333.9379
122.3105
176.5445
232.2315
188.3028
299.9312
364.6563
503.6440
272.3637
660.1469
680.9019
347.8334
352.7468
465.6082
217.9958
163.3796
182.8780
359.8890
157.6361
227.6320
497.2259
955.8759
592.5373
350.4423
462.7295
367.7458
535.0020
443.3401
921.6957
521.7584
283.2710
997.0117
889.3968
464.4381
65.1805
116.6889
231.9288
224.1162
262.2541
643.8217
287.2099
385.6979
58.7369
183.4516
453.6684
982.9526
800.0230
524.0485
302.4269
241.4797
237.9810
693.1464
763.8028
426.3874
357.1255
493.9965
72.4400
165.2211
559.1302
562.3768
126.1525
88.3256
320.9710
495.7134
383.7737
971.8181
602.9245
290.4902
267.0567
738.8054
595.1809
291.5452
570.5826
210.3458
456.2818
560.3131
132.0578
563.0351
589.6318
200.3501
95.5391
180.5385
344.9921
421.3649
71.8289
240.7295
311.9368
389.7928
165.9793
741.4732
967.7170
920.0534
655.8578
83.8392
296.0029
660.4225
969.8407
719.1720
249.6818
518.6386
631.3718
134.5047
490.2490
587.4484
422.6978
963.4934
921.6434
548.5052
388.6308
934.5919
915.4604
840.7782
957.5436
603.8395
88.4543
178.7283
219.0334
193.7017
478.6923
630.7800
346.2004
341.8986
675.1414
521.3965
511.3693
720.9027
588.7455
590.3621
468.2801
152.3169
538.3969
860.8666
603.0072
113.0870
202.7392
233.8627
231.3985
439.5401
415.1694
184.7110
197.6779
258.7902
150.6140
208.5662
331.2314
384.9878
563.0368
558.0219
168.4642
356.3992
534.7511
404.9978
656.4843
816.6230
693.8114
827.7897
768.0601
661.5550
386.2624
119.3283
409.0725
753.0948
471.2869
279.0626
676.0820
694.6348
793.2239
985.4135
879.7986
697.4747
743.7599
666.7192
591.5668
193.9191
255.6375
356.0968
176.8946
450.6125
645.2682
512.8652
269.0793
325.6840
395.2203
72.5975
427.6170
802.2866
592.9722
117.4250
271.2285
209.0677
355.4265
572.0884
51.5260
679.4696
1002.4209
703.5734
376.1445
472.1791
389.8666
618.9635
820.2192
471.9672
118.0412
353.5669
274.8960
180.5046
173.6872
270.3470
175.5159
57.0638
157.8138
312.4568
309.4573
315.2217
595.6956
611.8771
696.2434
562.8968
601.6264
817.2250
1007.5078
918.1311
745.9509
414.9459
207.1570
190.4353
86.5420
67.5845
183.6421
115.5134
58.2179
189.9150
245.9378
115.5177
123.5779
151.0949
172.5706
204.5829
537.9723
944.0573
929.9096
912.3244
787.1036
534.4943
146.6415
307.4202
151.8442
52.6250
110.6578
167.7032
253.2302
142.2260
89.7910
213.1588
331.1223
668.7421
418.5996
138.0587
273.3183
744.1552
862.0620
792.2169
588.2902
73.5752
202.5670
126.4876
184.6431
349.3674
516.1150
735.5272
551.2531
402.1422
668.0964
341.6657
276.5664
396.5841
115.0274
330.3854
578.0447
483.9443
243.4941
142.2471
398.9539
527.2553
755.7211
729.9774
277.5406
308.7531
504.2888
223.0850
421.7682
1015.7002
950.6701
691.1968
425.8916
301.7676
134.4202
282.5579
386.1388
156.2736
81.5496
119.9599
246.3152
213.0236
38.7281
179.3243
519.8763
259.5108
396.7326
834.0741
1064.2999
746.7243
268.8578
358.9992
608.7219
261.0897
449.7760
467.6705
289.2437
572.0701
384.4075
241.6430
486.6168
263.9391
456.0529
514.2295
95.5027
300.4376
399.7232
504.1165
213.6135
136.8127
608.8987
925.3166
575.3074
73.3273
78.9645
296.6440
575.2633
249.4982
450.9946
103.3434
169.7518
107.2184
247.2606
948.6198
1125.1895
796.2891
537.9223
329.9987
36.4287
64.7653
327.2436
578.2834
256.2299
127.6716
621.3513
741.6670
545.0850
226.6242
356.2252
491.6979
144.7133
140.9327
356.5879
906.1266
598.1081
274.9910
167.2997
588.4143
1073.7107
757.3996
454.0033
52.5802
200.9642
551.7197
798.4220
530.9582
283.5835
520.0300
500.4821
408.5913
490.0061
435.8748
590.8270
1068.7443
988.3753
546.6834
163.0162
86.6259
446.3383
642.3385
200.8894
227.4610
406.7909
227.0130
248.1021
97.1333
102.4996
259.4813
386.7042
365.6867
749.6278
611.4285
491.2767
945.2714
1018.4133
928.0512
557.1829
838.9352
650.7326
160.9131
100.8370
262.7538
382.7385
439.4235
804.0340
465.4361
365.8171
500.0225
615.6760
937.5287
720.1338
763.8641
528.0001
73.0670
384.9083
795.6941
700.4977
454.9322
78.7426
95.8201
347.4978
585.3785
161.8714
299.3837
536.7654
94.0677
85.0872
102.9564
353.9277
671.0290
465.5214
313.2201
910.1605
885.9081
897.7718
689.3568
616.7622
911.0463
531.8582
164.3416
560.6474
975.6611
1048.9673
731.9850
229.0906
306.1733
536.1475
812.6573
628.8982
198.3179
275.3007
788.2934
512.4008
195.1546
565.7165
746.2474
596.4545
77.8346
202.1499
71.9653
104.3297
119.7571
56.0234
168.9840
230.2306
377.3436
450.3828
495.6537
206.4507
97.8812
392.6256
835.9598
812.5416
910.0260
600.1626
152.8322
350.1274
561.4503
412.8515
498.6711
464.4334
104.6313
287.4194
648.2213
543.6243
474.1705
309.1400
491.8673
636.5396
378.8996
389.2636
505.0058
586.9675
212.2381
85.1280
140.4981
412.0951
371.0089
177.3538
536.9784
526.3993
127.6440
164.6627
87.8666
264.0197
559.9719
514.3026
213.1572
111.3668
278.8873
254.0411
147.9307
400.7933
723.4493
770.1768
769.8074
709.1164
416.8868
187.5923
374.7740
427.4593
596.7288
82.0455
170.0608
465.8207
678.2966
905.1990
939.7723
585.5404
151.5369
207.0014
105.9545
141.5688
519.0453
630.1254
234.5408
86.6644
94.4913
334.9179
585.2654
181.6821
18.9519
107.2942
93.9815
306.8977
550.9311
251.2732
542.0854
328.9975
613.6721
453.2798
272.8731
632.1568
988.1849
986.6833
727.9513
661.3268
175.9403
235.3107
577.2682
592.6964
235.0579
167.7815
184.1196
303.9885
220.3410
566.2227
575.5525
338.4027
513.8700
237.8999
250.9193
205.5595
261.0195
347.9654
362.9948
703.0446
535.4888
162.4162
104.5492
242.1881
685.8487
525.2395
133.1484
512.5629
920.9511
1059.7781
933.9149
737.2023
686.0962
504.7051
227.0776
341.7187
163.8095
151.8754
107.3960
140.7539
265.7387
458.4246
140.9420
544.7080
607.5788
237.5708
622.1780
963.5289
955.5564
714.2013
450.4001
685.8093
577.1644
463.2698
205.3290
198.8211
153.0324
500.0068
793.3999
711.1600
297.3652
516.0933
463.7269
521.6878
948.3378
640.7000
564.9075
223.6856
276.5310
468.0055
585.9023
802.5688
448.0631
241.4556
297.8285
426.7936
609.9952
45.5822
346.4926
747.6181
702.9924
752.0291
512.2191
99.5053
426.6603
751.0444
965.9938
652.3114
222.2443
470.7931
265.8092
463.4323
649.9822
609.8471
622.4333
898.2514
649.1675
473.5869
335.6795
476.7545
140.6469
217.1632
543.5284
1072.8484
1027.3117
802.6915
734.3242
481.0014
348.2093
775.6466
584.0514
101.5463
590.2094
765.4077
838.0537
933.6548
846.4355
646.1020
314.5478
818.7393
819.3498
1067.1495
1027.2762
941.8202
868.3756
515.6441
168.1663
365.1055
323.3912
171.2844
520.8642
625.8517
238.2199
103.2111
188.5662
277.9446
380.1480
135.2632
329.5822
653.3951
334.5905
77.0062
372.0051
675.4437
409.8307
315.0479
338.9902
323.5262
564.6105
223.0143
124.8506
277.2737
278.8156
149.7924
120.5584
359.3743
584.2903
371.7713
158.1859
422.9091
817.0354
386.8272
399.0811
477.6096
135.8776
95.8061
99.4226
271.2738
472.3499
860.0233
864.3473
829.1183
494.4127
307.0038
405.9514
153.4273
386.3084
933.9491
1011.7093
747.5739
599.0821
889.3366
1023.9744
583.7565
627.6098
504.7162
38.4545
392.2726
560.5769
100.8751
224.8554
444.9659
815.4633
762.1957
839.7956
882.5913
934.5374
911.6889
999.4930
744.2418
983.4386
743.1336
398.3852
388.3043
801.2830
666.0846
467.2180
601.2996
360.9576
352.5633
682.0321
782.8813
659.6925
618.1284
176.9849
137.1006
460.6398
1077.0456
874.5688
557.8643
137.0059
169.5298
576.3615
487.0240
478.6180
827.9929
508.6796
97.0243
270.2907
511.1581
704.2950
580.8208
256.4490
91.2589
121.6975
273.3218
709.6236
450.3849
73.0649
42.1550
95.6535
134.3422
408.2239
796.6952
1028.2707
523.4150
172.9798
363.6248
408.5518
788.8036
686.6500
506.4017
248.6023
277.2181
408.0180
555.7871
577.5893
870.5981
902.7390
887.7842
608.8050
372.6976
314.6974
310.7186
656.2528
461.5387
537.9960
627.1786
128.5642
110.6383
49.2660
668.0383
952.1106
670.4455
487.1569
439.9926
411.5923
564.5583
112.2118
144.2413
296.5574
309.6113
416.5281
647.3400
600.4883
257.2522
123.7382
266.9367
611.4116
816.4598
529.2675
379.1676
378.1186
334.2575
428.5037
300.3046
374.4059
718.0645
543.3936
187.4861
218.8039
507.4040
777.5271
405.8232
111.8232
500.5360
723.6680
299.3128
94.1787
272.9948
302.0381
129.2663
286.7760
541.8596
428.9183
229.7971
456.1577
615.1491
380.2619
209.8635
713.1647
1038.4468
637.0756
317.1484
191.4538
185.8704
400.5791
678.8692
373.3416
479.2128
184.8823
335.4690
366.6932
216.2485
220.5795
366.4852
671.6739
514.5312
114.4239
56.2112
81.1340
263.7738
443.1096
502.7918
507.7812
155.6495
327.8477
122.3525
322.6561
609.1037
416.1180
300.6890
787.4851
785.8884
1046.8287
1035.8617
980.8176
1030.8225
822.1145
528.7617
216.5709
146.4393
323.9229
148.9626
414.7319
731.2622
560.0971
901.9513
866.9537
553.9779
188.2569
603.8263
689.2495
380.6712
444.2246
618.3438
466.4388
212.0525
203.9781
184.8351
196.3727
118.2061
151.0202
352.2730
255.3461
161.9770
111.6057
256.3928
565.3766
473.2826
610.1936
509.2867
260.3355
409.1893
42.7637
154.7297
763.7463
995.2364
541.8703
99.2097
268.3645
261.0700
132.9335
286.0170
400.3262
131.2766
294.4565
373.5441
1037.8952
855.5820
800.7559
591.9611
471.1396
909.1865
572.0378
245.9442
444.1087
650.1227
115.2082
270.2255
468.9443
249.6504
420.5104
608.5801
226.4136
521.0152
667.1198
713.0395
639.7812
373.5126
534.9607
791.3100
856.4574
516.8986
243.7731
363.4981
544.0860
921.0390
850.5562
707.5027
654.0749
448.2355
192.7925
266.2605
160.1213
502.1520
390.6362
398.6457
126.6732
293.5138
179.0632
124.3595
521.7751
540.5947
659.4110
699.1447
1020.3183
1026.5301
934.6327
808.0350
690.0719
545.7493
689.2179
487.9214
262.0269
355.3797
410.3667
79.5875
165.0458
264.2517
505.4448
430.0007
840.4449
711.6778
360.2291
34.4602
142.5296
217.3614
238.9272
360.9668
189.4239
113.2596
80.4665
149.9983
212.8897
772.8429
896.6153
788.2972
582.1196
451.1915
392.7801
128.3499
76.6192
156.7913
287.4375
338.8375
431.7039
371.1372
323.0821
129.1955
506.5899
728.6782
227.4788
485.4198
462.5701
926.8883
647.8136
188.7448
276.5520
265.6832
625.9974
407.3162
405.1603
626.4918
288.8235
206.2338
227.0178
160.3871
346.7375
789.3116
773.2338
565.0589
568.9478
775.1791
447.7115
235.2766
344.3665
625.1416
518.1715
435.5458
853.9208
765.0254
581.3625
312.7170
409.1459
490.6438
360.5943
242.0242
386.9479
355.8393
106.7385
316.9628
74.8531
133.0671
158.1384
428.3023
633.0106
106.9064
624.0771
970.1889
617.6688
94.7102
254.7908
426.8981
599.5233
108.1383
473.8617
626.1775
556.6868
902.3867
852.6113
484.7619
294.3193
385.7403
311.2377
102.7921
274.9180
821.6437
633.4509
305.8298
602.7691
426.0566
229.5493
579.8946
933.2737
720.9979
489.0771
132.4477
298.2500
421.1956
406.1178
769.1615
357.6321
517.8832
941.2314
1002.4603
823.0948
599.3791
699.3862
760.6859
272.0023
351.9947
707.2088
501.2117
334.1404
612.4014
441.5869
645.3517
230.8801
452.3125
647.5973
386.6176
523.4438
220.9746
144.6858
128.2067
359.8951
261.1286
269.8195
994.6315
1021.3706
964.3452
722.1278
173.4971
150.4633
460.5065
522.9387
368.4585
484.6348
338.5583
906.7519
1019.1634
862.8452
598.1216
256.3973
412.9209
999.3796
984.9888
831.5446
496.5800
393.3381
867.0541
555.7735
128.8980
111.4231
397.7661
797.5828
463.5711
902.9234
1100.6049
574.1570
532.6611
634.5482
481.1152
204.6818
237.0578
150.3609
344.7590
825.5401
891.2732
580.8802
310.0170
400.4867
280.8197
651.1353
778.9985
837.2629
640.0488
386.5977
521.3683
809.0686
411.8535
266.2388
88.3846
153.0922
149.7706
104.6451
217.8256
914.3119
1110.8614
947.8768
645.8996
533.4968
330.7383
193.6857
428.9436
526.1986
138.9924
288.6840
626.3342
575.0882
700.2569
495.9031
1061.4101
711.0562
237.3387
815.2070
612.6516
510.9344
1030.8091
631.9816
221.5348
464.2621
310.5097
560.9698
629.3697
994.1317
652.2590
186.0991
496.7362
598.9535
447.7347
327.4736
607.6155
492.6357
242.4029
197.6987
184.2080
292.2764
514.0864
588.7226
517.2189
557.2927
412.0735
1074.9204
810.1831
749.2356
995.9658
827.9917
477.9542
383.6062
403.8219
429.6032
925.4243
772.0934
595.8043
214.0846
287.8032
442.1220
61.9692
322.2475
428.3271
404.9776
318.5460
460.8682
848.6403
1157.5955
1121.5951
911.1831
587.5742
129.6847
308.3189
715.3777
322.2740
209.6299
434.2102
719.2745
973.1838
759.2242
258.0849
445.2356
413.6003
100.5882
236.9269
363.1804
360.7246
388.7097
141.1661
412.8550
755.3213
613.0717
533.6049
163.2912
114.4143
51.5392
168.2674
413.0537
179.6175
454.4994
1120.7931
1063.6501
673.0712
237.4218
496.7061
590.9879
586.1653
428.0184
1025.2871
872.3680
635.8415
1007.4054
718.9756
580.4639
552.1679
530.8463
381.8574
591.1294
626.8164
340.6330
456.5427
344.5080
577.4185
186.2724
164.6947
283.4666
427.8273
344.6195
507.3958
897.1443
1094.3014
835.0782
677.7920
1040.7883
1046.6030
785.3620
954.7867
788.4167
287.7715
275.8078
149.2968
330.5619
548.3125
525.7044
567.3039
489.7868
223.1404
198.9602
142.5484
260.0644
141.2203
337.5464
326.2025
140.7481
282.8432
327.9265
149.9118
150.6222
235.0323
146.5406
492.9117
604.3122
175.9992
236.5145
46.8524
276.3728
587.0581
774.1595
563.6177
388.6802
682.5376
154.8024
189.0362
525.4606
1135.5518
997.8808
447.9106
367.7721
267.9246
818.8738
643.8900
130.3899
467.7666
604.1129
896.3920
1100.3732
685.4743
459.8519
238.0405
824.4864
649.2782
265.4371
443.5966
153.4328
189.4000
385.9811
762.7361
543.8683
710.3497
711.9156
391.8253
185.1325
215.6409
248.6056
580.4726
534.5477
207.0969
329.3005
518.9226
482.7487
648.1818
560.0396
692.7094
485.7188
899.2026
1014.1861
597.7922
50.2116
15.4391
434.2637
1075.4109
723.9609
525.7300
777.2909
613.5766
1061.3312
675.5401
550.6375
598.9175
260.7842
810.9108
590.4122
266.6087
557.3125
1139.0229
1075.7949
944.2377
1086.1123
1006.1686
569.2817
391.2700
1031.0170
781.3630
857.9031
806.0624
735.1569
592.4389
386.6397
511.0931
1037.7846
598.3185
285.3315
325.4324
72.4034
251.0264
503.0519
868.3474
838.0971
952.2350
1151.0879
897.5795
653.7430
603.2168
588.5669
333.7481
668.8231
486.2533
378.7903
249.3126
501.5242
67.6189
282.2336
790.8174
721.7575
988.3575
1009.9625
883.9802
802.3898
1025.1351
1176.7928
974.4124
496.8303
227.2987
343.6943
428.7244
380.1097
169.8193
257.7417
547.5750
921.0810
374.5248
283.6836
851.6192
979.0589
856.1973
626.1413
348.4371
199.8890
439.2076
554.5621
911.1719
642.7030
281.7505
652.4682
1037.4388
1088.8366
952.2311
959.3977
644.1804
245.7213
447.9471
234.0606
248.2617
245.6241
101.1754
318.1502
522.2923
237.0231
322.8450
37.7540
282.1431
930.9864
1099.4208
844.1120
471.1404
382.7394
232.2118
759.2276
789.1352
1024.2006
1157.2112
1191.8131
657.9706
248.0423
950.2717
1085.8671
955.1086
528.7427
289.4491
260.8409
242.0848
543.9791
373.2634
501.7573
756.1170
688.6007
333.9117
433.7988
1001.6787
963.5710
976.9718
559.0131
327.7663
729.7011
511.6253
655.7522
502.3019
139.9434
537.4638
885.7425
474.5691
73.4956
164.7014
416.5931
577.2698
773.7278
900.3930
702.6565
795.9673
683.6024
597.2399
365.9170
118.5460
327.9830
300.3994
786.5941
719.8499
571.0356
255.3250
209.0781
734.6862
614.4220
105.6558
426.9923
908.7854
643.1049
476.4289
624.8837
978.6829
892.5929
789.9837
440.6533
321.4538
528.0992
293.5819
239.9714
67.0577
185.3930
297.9561
40.9341
82.6627
221.7672
443.7536
131.4922
209.1744
550.0156
1170.4106
1071.2107
987.0310
962.1949
896.4301
994.1126
1098.9905
633.2654
137.8194
193.8570
172.3149
471.0541
793.3505
1017.0831
789.5876
416.2425
587.9716
1062.4975
1019.3175
607.4758
491.6661
749.1241
356.1753
262.2178
149.6366
162.6744
164.0866
127.3724
234.8603
523.9192
371.6261
617.9762
122.9210
110.3301
214.3071
410.9057
575.1607
495.4794
400.5114
339.3771
756.0011
620.9333
525.8994
1149.9984
724.1087
402.4923
527.4155
187.2763
528.3884
436.8554
704.1260
793.3022
903.8007
623.0472
233.4252
167.7334
386.5587
1081.9333
662.9270
181.1350
202.7645
370.5102
777.1406
764.9428
971.5064
741.1668
736.1408
662.2159
668.9128
810.4951
622.6250
323.7083
257.2343
135.3435
210.0324
453.8734
629.2725
689.5574
669.2501
645.0531
916.9688
546.8447
269.5193
857.3277
546.3292
185.9145
477.9943
708.8944
439.0491
473.8153
98.5787
329.7984
1039.9638
747.8408
144.1494
176.4691
416.0127
477.6943
253.2598
802.2966
1001.2341
889.9425
630.3091
268.1907
461.7142
434.9149
625.7619
392.0199
470.5895
545.2911
382.1783
476.3869
589.8076
412.7198
322.4156
220.9492
455.5279
1111.0619
972.3687
857.7799
564.1399
217.3116
790.2652
616.6095
292.6259
206.9822
141.7398
316.3876
107.2937
170.6272
185.8944
400.7709
593.7489
1111.1808
1123.1129
1111.8785
1140.8865
736.3014
360.7344
467.4631
121.9309
183.1335
100.6629
197.7022
184.6580
859.2294
1139.1961
781.3042
411.7457
366.2207
232.5495
430.0427
281.8967
284.6160
528.5145
373.4696
525.7760
971.9756
652.5812
424.2414
642.9632
481.4044
915.2299
1037.9305
1017.2648
582.6941
53.2833
88.7758
380.5676
902.6036
665.6735
484.0556
648.6663
901.6644
834.3510
1142.8094
1044.2223
659.4694
164.7654
174.3585
232.2548
419.3824
623.3412
952.3534
599.1682
58.8707
58.1619
80.3896
216.8066
766.3419
897.7626
725.0391
248.5665
279.3212
146.7668
238.8442
217.5821
570.4285
984.3700
1044.9494
1042.9721
860.4062
418.3238
259.9660
136.2756
395.6634
942.8408
1006.8916
1055.7309
854.5971
528.3229
115.8844
94.4310
566.6035
694.9168
172.8238
438.2476
555.0874
460.6941
208.5336
560.5048
595.4533
263.8375
734.8273
875.0236
600.9317
723.5004
902.9099
804.3356
516.0838
799.2018
344.3483
281.2832
817.4600
465.8374
94.7136
298.8250
480.5938
490.2662
346.9611
600.7583
633.5759
486.5515
175.7737
295.7805
776.2290
948.4508
631.2049
766.9824
718.5280
525.8784
757.4803
697.2971
400.9953
570.4791
434.2949
809.2137
431.1744
265.5719
334.8123
360.5137
240.5962
470.8658
310.9197
478.1229
407.7385
543.0737
1068.4717
802.0447
414.0782
387.5639
1037.2720
1121.5917
649.8594
112.9232
555.0778
708.6168
462.6120
289.7129
440.9630
301.5335
411.7744
647.8282
910.3798
469.1827
301.9559
949.0039
1035.3575
580.4511
442.3574
642.4103
232.7280
372.6534
125.6435
520.2336
615.2762
542.3496
476.2077
110.8874
204.4952
1043.7606
980.9208
610.9379
254.3039
74.9070
124.3078
313.9157
379.4636
541.3418
506.4176
1081.1969
999.5499
1084.8009
672.6069
609.4882
947.3017
798.3571
923.2625
681.1383
1028.6737
783.3799
260.4746
294.9477
373.5782
286.8063
246.7103
360.7935
428.6131
402.4849
520.8752
197.8010
414.5779
556.3595
281.5080
454.7161
440.5603
685.8657
594.7288
800.3349
596.2833
218.9642
415.5231
483.3899
780.0532
547.9099
802.4402
1043.5197
913.0027
796.9353
563.1191
492.7615
783.1918
1006.4985
1179.0336
1033.1209
855.7032
411.9380
508.1634
748.1893
551.7539
165.6543
375.5942
335.6569
570.3393
342.4757
105.2647
132.1625
231.4357
263.9737
468.0527
770.8299
804.7353
661.2800
363.3716
611.7214
502.1593
122.9722
212.8057
170.2215
183.4043
257.6132
565.0331
710.1530
924.9653
928.8709
720.8942
661.8182
518.5265
70.8614
126.5520
254.5701
267.7508
279.8759
101.8496
209.0024
430.8450
896.3921
1147.3286
776.9337
436.9844
514.0860
780.2536
365.6857
381.3661
527.0324
210.9652
581.4454
1170.9678
1138.6198
1072.5715
1066.4691
1115.1078
1045.9423
526.6777
407.7081
573.2878
184.5511
443.3007
1102.2209
880.5102
518.5324
91.8237
419.9143
804.8332
484.0128
166.0288
365.1922
484.7722
543.4287
290.0695
204.1065
138.4464
141.8653
261.1010
438.5846
159.2205
293.1547
1012.3478
1167.9983
1044.4760
646.5447
869.5168
1061.9127
768.3916
629.2120
942.9749
1110.1449
1205.0727
1054.2917
1132.7545
925.8103
529.8375
436.5786
500.6669
1112.5189
1046.9175
596.8316
354.1543
591.4899
368.1136
419.2936
272.2581
239.5076
360.9530
443.5339
183.4826
130.3138
145.3940
174.0966
357.3179
473.7490
349.3311
93.2112
100.2268
254.4938
578.2414
501.2227
263.4689
619.3941
512.2206
455.8231
1032.2777
615.8346
379.2075
677.2866
207.8745
268.7473
393.5656
432.7506
518.3561
433.7583
380.1054
535.2204
620.1729
206.4830
196.7750
384.9119
49.9777
352.4549
639.6197
230.8750
488.9776
280.3122
474.6656
509.1543
341.6936
979.3675
1120.7381
810.4546
560.5668
691.6941
478.1288
618.2708
248.6239
969.0668
815.5962
527.6385
160.2893
188.7398
82.4029
508.8196
719.8652
137.8399
167.5414
523.0825
943.1856
529.3772
473.8078
817.3635
449.4086
266.7627
240.7953
210.2798
403.1009
578.8101
1067.7814
1149.9154
755.8819
327.3466
608.3377
842.6014
1153.1924
1108.6443
647.2789
350.6743
784.7746
514.0548
367.0260
615.4515
329.2810
489.1549
998.0798
1073.0907
772.5514
340.7214
580.9829
668.8970
352.8246
667.7098
648.5928
586.4362
384.8846
605.7315
590.4405
91.4765
305.4683
345.6307
202.2861
441.3488
473.2328
674.7814
120.8042
199.6412
536.4223
1167.7345
921.7118
504.9860
200.6207
318.5261
499.4751
1121.5496
1115.3320
1097.0166
883.6956
812.7654
1100.1762
972.0299
993.1802
1083.0831
1076.2411
1115.1190
908.6781
575.7319
62.8895
207.2429
252.6267
349.4686
596.4623
362.2033
281.8942
654.3690
748.4522
418.9329
102.5674
217.7752
829.8124
787.3828
918.5614
646.5141
339.4224
437.7648
302.0647
54.9536
623.4648
1148.9997
1153.7644
715.5148
970.8260
1088.1909
1004.3296
387.7918
376.2581
714.7737
693.1166
920.0624
759.4874
469.0093
436.8994
648.2241
1146.3542
868.4210
465.3049
186.4297
495.7982
946.9087
582.7215
982.8694
951.5502
973.2586
1085.3840
919.2942
560.6148
581.1509
176.8292
789.8637
1093.5647
891.6902
592.3633
367.3786
279.5723
996.8279
679.9968
49.0143
153.3101
336.2682
344.4446
790.1880
578.8708
223.8034
527.9773
661.9917
1207.5156
748.1432
113.7309
567.2563
678.2847
815.0672
843.4088
200.1690
290.1572
551.3531
748.1731
186.2588
161.0425
139.6852
279.6965
690.2240
598.0912
331.8881
496.3326
290.5367
142.6395
50.6237
397.4118
678.9048
971.5262
804.6236
776.3267
636.3089
295.7755
395.1194
586.3497
311.6803
283.8875
835.9101
676.0003
435.6227
754.5012
855.9368
881.9921
1049.0929
532.1723
348.6941
996.5138
692.4249
299.4918
485.4460
569.3540
875.3129
478.6388
524.9139
601.2097
793.6750
353.1595
165.8159
928.8519
1067.6228
1128.3002
1033.1644
711.4202
535.2677
778.6427
220.9094
207.7498
214.6418
69.2749
113.9524
611.4683
673.3649
84.1503
222.0898
512.4934
757.5367
509.3270
439.2148
800.6338
900.4161
583.0047
288.8444
186.9657
98.6997
49.6346
424.8070
1069.1696
631.7763
118.3445
187.4527
397.4536
286.3800
651.2765
453.8643
162.4913
245.6477
639.4262
1104.7234
663.7008
553.4546
529.0171
287.1560
439.3895
195.2596
377.9318
943.4699
646.2561
422.2959
476.9886
184.3669
148.8776
313.1545
373.6041
368.3068
550.0702
760.4644
841.9252
385.4222
643.3200
1070.3933
1117.2414
1177.1391
987.0962
535.4138
357.8251
169.6436
273.7992
104.1180
330.4655
229.1550
226.2604
889.7356
568.3107
136.6897
133.2397
118.8146
230.6594
702.2816
669.5975
558.8818
1088.7893
1122.6390
1146.5514
899.8596
823.4824
1080.9168
662.2597
659.6842
637.0098
170.5253
338.7727
599.3442
627.9752
219.7767
305.9920
554.7054
259.2630
360.1979
539.1038
570.2923
840.0665
855.6732
1199.6685
886.2265
909.0257
1204.9641
1169.7625
1093.9978
1116.8832
1064.1131
1002.6553
1118.6829
919.9304
555.4407
223.6560
209.6464
335.5733
371.1258
766.6192
880.1831
827.0938
674.4480
924.9342
1224.2914
1188.0196
718.9858
221.0445
416.3272
211.1896
190.1730
834.3651
1169.9189
669.3750
152.2138
601.1058
1096.0447
1092.0478
1070.1531
1159.0145
1120.3531
1064.2863
886.7013
898.8062
915.5189
829.9380
468.3843
367.4101
778.1455
744.8252
790.8661
452.8652
227.5856
594.6843
891.1622
1111.0621
667.7982
273.2809
453.2840
279.1665
613.4224
510.2037
562.2373
1119.8089
1050.2397
1214.2191
1130.8501
992.3211
808.8367
253.0001
292.6564
865.5462
621.1591
390.4103
966.7786
1134.3110
965.1071
687.6624
382.7673
216.1606
429.1535
366.6058
189.1735
94.0059
156.9533
323.0741
831.8107
648.5132
143.9901
139.0863
94.4733
240.5938
497.4047
514.5414
452.0074
403.0651
838.9211
566.8907
659.6728
830.3100
539.2612
156.4083
558.8813
929.0979
506.0982
115.8311
281.8668
397.9215
1018.9085
1089.8085
628.7791
318.4972
901.1079
974.8890
1060.1457
776.0371
449.6941
384.0452
260.6999
318.2988
444.6344
507.9288
515.4773
542.4997
214.5766
476.5677
873.0874
961.7305
1104.9602
670.5942
233.6260
435.9571
134.5027
694.8939
808.1887
264.9252
438.5983
587.5456
251.4785
354.5543
198.4872
351.0746
466.6380
320.5278
800.0489
1131.4712
1086.5362
1053.5072
1112.0505
1023.7157
697.4063
440.3221
393.3782
485.4661
332.0537
647.8152
884.2730
473.2551
322.2164
488.5431
64.0708
226.2218
702.2613
948.8215
958.2363
1078.9293
1207.3160
749.6781
537.7448
544.2686
1127.3089
1121.6512
1150.9011
712.7462
425.2284
575.2107
200.0025
323.8649
308.8168
161.2139
681.9750
764.6471
571.0139
452.7831
366.8123
486.4650
249.9311
343.3279
220.2752
216.6851
434.6533
641.5520
137.7779
240.9013
339.9482
349.4256
907.9777
1039.0770
1098.9660
784.6120
474.5299
250.2453
455.0278
288.3807
318.9700
745.2064
506.3031
193.1159
488.8717
591.9868
363.2931
482.2228
227.4740
578.5312
990.5958
726.8757
338.4196
638.3539
1131.0878
1058.3538
507.4635
285.6024
464.4803
327.1970
517.6032
1102.6435
1174.5956
951.6982
820.5551
433.9342
157.1960
653.4573
688.6620
498.5782
217.8118
347.2359
434.0815
445.7042
186.9073
333.6976
850.5849
699.7957
466.3479
586.1017
1096.0629
881.3339
854.2714
777.1706
359.0575
336.2456
617.0019
1148.6088
1063.5853
647.1216
569.8459
794.2169
459.9617
95.2744
348.3462
459.5324
132.8988
171.0858
399.6986
374.1216
278.8871
134.7821
115.1695
257.6808
672.3585
528.0970
126.5706
283.9471
389.4376
936.1046
542.0677
256.9667
690.3412
511.3159
196.0777
265.5935
484.7130
655.4637
486.3054
864.6430
329.7589
419.7013
952.9584
1083.0676
1004.7595
1185.0188
1080.7103
592.3699
210.5160
183.8586
140.0432
209.7325
277.2278
872.7303
1093.7868
1018.8199
724.4031
228.2301
154.7077
296.7348
433.6164
564.5357
1052.4164
981.5298
1048.8194
943.6856
573.2340
107.0679
480.3637
671.4161
124.8798
256.3968
607.7806
435.7365
957.8672
1182.4101
1102.5039
1197.7683
1159.4017
860.3345
1041.8585
1184.4208
1241.1622
787.5542
512.2465
1107.8923
1043.9556
892.0170
906.2123
721.3753
941.7927
1154.0991
1032.6488
1061.0251
605.6685
55.6598
46.8954
195.8400
370.0970
369.7100
563.9655
190.1708
569.3275
766.3104
236.4596
176.0902
229.0435
285.6322
856.8377
840.6216
822.3283
511.5421
182.5299
478.7807
569.4553
362.2209
277.3973
581.6709
418.1651
325.7385
207.5089
467.6261
433.0425
974.6253
672.7607
312.0993
397.3940
21.9753
66.3254
476.7738
512.1496
506.5285
917.2394
1205.2769
786.1798
410.7739
220.2329
424.9535
538.1216
812.7272
500.6158
93.4511
423.4702
1055.9699
1131.3490
872.6023
728.3851
694.4372
918.7102
573.6376
472.5491
254.5370
336.5232
529.4735
283.9809
594.8080
358.2519
471.2066
1076.8716
1050.1577
618.4335
191.6442
278.2283
331.3839
268.5187
576.2194
1183.7075
727.0651
477.0297
1110.4265
1178.8530
599.9629
269.1972
512.2208
49.8240
163.9764
307.3766
295.3581
586.5679
969.5590
612.6917
165.5481
449.6261
246.3116
457.4987
163.1278
372.0097
374.3714
402.2289
438.7794
620.2984
351.0257
388.7067
733.9324
1016.7013
1216.1854
1111.0715
864.8454
1056.1226
1034.9822
714.6507
226.0598
480.8966
636.9057
501.6750
162.5243
36.6204
616.7679
1079.4560
718.8226
182.4693
301.4567
715.7822
898.4201
1027.1391
1040.8505
914.7828
496.6312
389.7752
791.1027
1040.1146
612.7012
186.6282
195.6138
119.3451
564.0195
843.8543
806.8399
525.7508
217.7747
205.8294
331.1610
530.4302
526.0001
186.5305
140.2158
139.2422
145.4419
382.5065
874.5927
953.8354
683.2319
117.7319
206.9047
324.6213
379.4156
934.6707
1135.8953
659.7873
210.4462
255.8301
510.9789
667.5139
683.6122
373.4990
104.8237
109.2963
267.6386
357.9368
98.1818
516.8792
783.7051
784.5664
671.7593
473.7441
456.8934
834.9358
506.4116
825.6584
672.5503
582.4561
1193.0822
827.3804
803.4123
793.3021
630.2804
664.6229
624.0000
378.8953
152.8956
876.4297
1110.4226
889.6818
589.7909
293.1077
631.1954
1103.1167
1157.0294
1188.6094
1160.6405
1127.9900
887.9334
464.8429
377.7662
493.9329
200.0111
496.4077
492.2586
676.4330
1103.6176
1024.8213
1135.1942
1154.7603
1087.8055
724.1084
644.2657
907.8729
1115.1244
1095.1283
1230.0729
1228.3688
1125.3642
858.2419
802.4588
683.1352
508.5922
175.0973
326.3900
583.6786
351.7146
82.7623
307.3886
741.7933
1119.7310
1250.1081
1067.0669
738.8411
517.1626
66.1089
164.2125
256.7560
313.9129
533.5190
751.1967
1136.5348
1193.2049
1146.8923
1159.9227
983.1785
681.5834
427.0110
653.2932
1041.0135
1148.0091
917.5066
686.4413
495.9200
370.6873
399.7908
216.5708
535.8338
255.7466
267.6225
243.3167
340.3579
496.5045
223.2513
518.8037
1218.7641
1159.5528
1085.5309
1057.9263
851.7768
751.7841
607.4303
1205.5648
814.9958
309.9271
327.7862
269.3985
392.9928
553.4210
314.0028
264.9081
887.1413
728.7365
434.7062
142.4689
274.1469
866.1809
1110.7348
1224.0407
1038.1499
1120.8796
1091.6331
610.0954
171.4698
459.7876
425.3022
433.7020
990.8649
1183.5679
993.2700
642.5580
609.4949
400.4295
336.9913
323.6757
487.7099
240.8600
617.3213
626.4516
572.4132
75.6000
15.3803
233.5299
348.1517
57.5427
123.7847
271.5715
514.0213
442.5740
427.0430
553.3041
276.2573
398.2020
384.2859
978.5898
1206.0866
1159.2118
810.6634
220.3580
314.1414
649.3930
419.6400
231.0340
412.4628
600.6071
324.6083
525.3184
422.4076
234.7398
575.5936
869.5171
1003.5997
966.0645
1055.0057
1137.6946
648.3400
499.6669
544.1944
439.8645
807.2452
812.0654
704.4827
813.0139
535.5229
237.4692
277.2439
298.2500
115.8579
203.7098
708.7189
1192.1398
1225.6508
1223.7806
1233.5111
1247.5512
1212.4779
1218.8017
678.0895
370.5887
736.3562
540.4608
200.9899
186.7806
603.2365
617.3107
893.7540
977.4951
1077.3818
602.6781
264.9787
434.0987
159.6860
645.9405
1004.0204
1014.9332
1032.3457
616.7895
154.9681
246.6018
348.8473
198.7692
488.7188
480.8310
570.2420
1025.2002
615.9636
265.0842
277.0742
146.7283
357.1046
586.8156
338.3987
427.0886
971.0604
1059.5780
1022.3439
1117.7111
1079.5418
630.9415
474.4810
1215.6669
1231.8856
630.0104
260.8292
719.5862
1143.4719
833.2395
475.1029
430.8324
1164.4172
1219.1083
1206.0073
566.6290
228.0766
558.5010
898.5550
661.7329
448.3096
591.5957
456.0488
1137.2039
1214.4093
1141.5065
831.5742
527.0761
803.2203
978.2571
588.0950
181.6810
104.2634
375.5669
766.4539
494.2644
310.6198
539.4404
1133.3856
1246.1788
1197.2958
841.5294
839.7174
810.2715
1082.9039
1263.1159
1160.0369
1174.3288
1249.2301
1025.1825
1053.0039
1196.3159
1198.3944
1215.6409
1104.3981
617.7655
461.8964
1126.2327
1146.3611
1162.1983
1007.7938
1196.5626
885.7717
478.3755
721.9559
460.1552
275.5665
703.8916
1034.7993
814.5903
464.7256
273.8792
605.5195
1156.5229
1106.2494
747.6671
959.6433
1146.8511
754.6858
752.2047
1148.9384
1185.8301
1265.6342
749.3628
470.3270
784.9958
1082.8347
959.1953
764.7177
551.0455
610.7185
621.0211
521.9548
946.0392
1133.4789
1249.9423
1191.6386
1027.0086
809.0049
765.0314
382.1669
745.2776
894.7798
639.7842
443.4427
741.2474
551.9946
660.2048
480.7028
275.5134
582.0010
404.0398
334.3329
515.8185
613.3747
1192.5021
1194.5636
1277.8880
1176.3278
824.9374
739.3518
546.1974
231.3070
498.6636
413.2618
300.6422
608.4500
511.1751
290.5282
330.4848
301.3749
278.1068
259.2374
594.1587
1150.1644
1246.2238
1283.3696
1157.7503
1096.3679
642.8626
211.6276
574.0066
516.7044
459.3129
567.0844
557.7436
708.2910
321.7296
449.3729
478.4219
756.2902
1231.4926
1175.6430
1168.7974
1218.0094
1240.7533
1005.2776
557.4453
348.3056
731.3841
1226.3226
1270.4939
1233.4833
1272.0636
1131.4028
1148.0576
1166.0685
1209.2315
1080.9243
753.1713
355.5979
342.6690
730.4939
821.3874
360.5213
594.3059
756.4830
700.7714
657.5729
929.1943
607.8818
102.0725
318.6174
348.9018
95.8030
320.5987
423.0598
619.2370
1002.3511
700.1102
540.9820
265.2254
363.2671
477.0467
605.8704
484.7315
938.0081
1086.7088
894.6510
721.9450
424.5793
222.8459
313.9728
817.8692
691.0196
477.0397
631.5219
757.8720
1161.5491
1175.4583
667.7129
181.8339
558.1679
1027.5943
1187.3522
1222.2455
1215.5492
1211.0710
1224.9919
1215.0696
841.7253
896.7656
1265.2579
1167.4341
1171.7701
1202.1446
1255.5895
1174.7809
991.0656
613.8770
237.0236
308.8664
691.0703
860.8370
533.4833
17.4284
112.1928
494.2013
379.3090
421.1496
1084.6007
1190.9437
686.2077
717.0967
1202.7292
1218.1622
631.3962
263.6856
491.3608
203.4189
377.5129
202.6003
365.2617
671.4404
1011.8602
679.3648
482.4331
471.4410
354.1710
480.6981
913.8280
1130.9296
1170.5350
892.1035
516.1302
270.4049
237.1378
203.1635
475.1177
455.7937
169.2229
460.8466
514.8781
35.3039
368.7755
588.3068
414.5532
478.6350
16.5249
263.5453
766.4444
513.7133
294.1604
505.7462
1005.6345
668.9577
244.0501
349.6722
117.8841
526.3668
854.6927
390.6475
521.6133
984.9411
1127.8946
1191.8523
1119.8144
1182.8794
1080.0657
1159.9541
916.0811
659.7263
823.8154
963.9905
1056.5533
657.0519
631.2528
1141.7907
1146.6306
1146.0298
1046.3532
568.1660
369.6305
836.7516
528.1274
175.1415
320.2224
584.2134
1020.5165
958.0719
544.0621
459.6150
182.5570
389.0104
703.3182
552.7341
454.7854
751.9286
620.0911
893.5952
860.5514
594.6099
547.1670
307.6615
134.5277
167.6134
148.5181
280.9320
875.3116
1190.4881
844.0216
523.4739
745.9622
471.2479
171.1063
267.4584
428.3668
542.6413
766.8744
899.8154
1212.5177
1265.9582
1233.1157
1236.2468
1259.8495
1271.2758
1174.5655
1070.1292
1062.1081
723.6258
225.4807
39.8942
98.5168
526.3029
663.5180
440.0509
502.7028
665.6763
1083.4606
1018.0950
1190.1324
899.7410
194.8853
529.1009
1167.5594
886.5880
499.0266
318.6319
466.7164
737.5194
1204.9919
1199.3616
1246.6609
1257.2150
1259.0111
1224.0541
661.4367
734.4025
1090.8007
1199.3784
1221.4697
1050.0577
1082.9563
1171.3603
1244.1526
1224.7732
1005.7254
698.1533
660.7188
174.4695
258.5062
169.8456
516.5812
346.4787
188.0257
584.5997
632.7972
445.2188
135.1499
412.3553
844.1518
753.3507
1064.7300
1133.4485
1024.7447
1017.9087
685.2439
566.8533
436.3107
397.9280
371.2936
106.2237
211.0724
120.4917
236.4919
818.3620
1145.4303
1166.3944
1207.5689
1248.9306
1258.9905
1203.9078
1188.8941
1158.6977
1250.8987
1240.7593
1210.7802
1214.7162
902.2499
810.4019
733.0603
859.5471
991.7164
1021.1881
1230.0447
885.3735
584.9929
463.2918
165.5589
66.8088
198.6287
477.1729
615.3521
136.0990
375.0284
625.7584
622.4050
656.2873
465.8948
229.8582
550.2911
624.7905
310.6734
592.1928
1117.8703
1091.3577
1192.4130
1246.9586
1025.1459
1073.6596
1178.5154
1269.0823
855.3981
466.1163
271.2510
338.4510
756.1597
652.6801
944.6805
1116.5170
1140.8072
1225.3768
1237.9853
1254.7960
672.2627
334.1375
786.0734
1143.4221
1192.8806
1151.6163
708.2806
255.8252
215.7123
688.1158
454.4673
218.4352
180.4300
528.6579
606.4181
363.5854
165.1410
292.6205
762.0877
730.0867
447.5393
502.6051
250.2836
280.8957
736.4518
950.7054
990.2453
1045.8255
1122.4652
728.3586
382.3464
262.7163
517.9649
440.0135
216.3789
435.4940
1092.7939
1234.1989
1180.8960
1222.0224
1094.2522
1193.5210
1243.6258
1190.6681
1122.5465
1193.4708
1138.1299
606.1452
59.4119
375.3944
658.4722
446.0111
297.9349
165.4698
435.2966
1121.3459
1196.7880
1228.2018
1072.5542
598.5083
431.0871
970.6621
758.3197
443.4461
590.5350
887.8734
461.3421
512.9564
461.6946
73.4670
521.1523
1089.5901
780.1609
553.7765
571.1952
1103.2858
1169.4078
1253.6870
1232.2066
1028.6523
396.4769
605.2260
625.2866
1241.7216
1232.8502
1265.6944
1201.6225
680.9613
268.7570
1112.3959
741.1672
352.9049
513.8494
111.7137
66.5517
273.6562
900.2944
1136.9782
547.5914
198.1506
159.4808
194.5455
496.5767
783.9258
664.8328
762.9632
1139.6642
809.6565
621.2819
681.8665
597.1339
331.8087
403.3256
57.4374
14.6852
23.6667
155.8910
607.5950
607.0477
476.4580
457.4414
427.1323
574.6759
55.7798
170.2462
730.1061
1005.0219
546.7632
288.9036
840.1422
1130.6626
1102.3885
871.9933
548.1003
270.6977
606.7471
544.8309
422.7476
152.5112
556.3692
1254.1710
1261.0886
1182.9038
670.5653
485.2888
796.5102
495.3435
316.0511
720.7249
696.1691
632.9463
1038.8029
1179.5591
969.1344
581.0070
391.1330
496.9481
593.2052
757.0677
644.7799
819.6124
980.5522
1209.1045
1207.5366
1249.4729
1181.6292
1269.8333
1273.9631
1214.6497
982.9554
1027.9665
1145.0661
1252.6230
1167.6192
1204.2727
1115.6339
1147.1518
1166.5913
1220.5761
1207.1095
1225.2424
1002.5517
1135.3660
754.4806
377.0404
971.7397
1252.1911
1054.9817
762.2836
1157.9274
727.8586
367.7460
564.4112
777.1898
727.2790
1159.5907
1192.4593
717.1719
215.7807
277.2461
508.8375
508.5998
322.3460
312.2323
888.3048
727.2597
561.9100
717.3109
416.0056
222.6230
404.4110
536.5797
261.8124
966.9448
1175.7414
1193.2900
1218.7823
997.0500
1207.0677
1234.9195
1218.7482
1237.3476
1198.0857
1148.9255
1196.5965
1254.8615
1211.2067
648.6455
247.3252
652.0134
745.5743
430.0245
651.0668
869.1261
750.9714
478.1893
638.3149
659.5811
555.4830
890.6326
840.5293
1102.2028
1122.6533
810.3911
645.5659
809.9102
1136.4381
834.1025
1119.8347
1260.0634
1242.4542
1259.4103
1211.8104
1180.4186
1192.7224
1215.8878
1221.2806
1259.4493
938.9242
1126.4594
1047.7833
636.6489
126.8942
54.6164
178.1970
391.7016
754.5271
698.9768
510.3817
51.3125
100.7039
305.7540
371.2921
172.9307
406.1299
639.9679
386.2330
302.7772
702.7064
653.5608
771.2988
267.8796
440.2929
1044.3803
570.4209
144.0702
215.9391
365.0803
195.2533
201.2716
376.9761
606.5668
566.9636
784.4386
679.7355
377.8086
840.7804
1084.8492
685.4328
602.7378
429.1131
1143.6020
917.9936
630.6708
456.4164
88.8939
103.6377
530.0881
858.0653
684.3652
184.2490
128.9596
327.5945
715.9785
1246.8844
906.4895
660.8374
907.7622
1244.9933
870.5508
254.8278
113.7776
87.9643
676.0155
1085.8401
1053.4959
1247.5537
1201.7993
1167.6028
902.6078
362.1658
360.4096
295.0308
527.6079
1084.4199
760.2977
671.5095
493.7421
393.5401
221.9308
294.2712
221.3557
243.1052
583.5723
1094.0460
1147.1925
1204.7441
1237.5795
838.7845
359.3987
132.3334
90.4778
45.4367
533.1607
1225.3909
1183.3748
904.2752
1057.6993
1274.0227
1257.0480
1196.2898
1175.6578
1210.5176
749.1555
709.9837
668.1404
120.7595
325.0543
414.3980
501.6828
849.6025
656.9749
223.1882
345.3747
592.7818
581.7311
224.9982
1013.5586
1127.6483
730.3276
218.9771
397.4464
834.2426
601.3730
311.7392
731.6687
1228.7671
1255.5403
1223.7124
1082.7158
736.8186
582.1448
244.1616
621.3955
320.3041
662.4547
721.0920
741.6850
1200.3836
1265.1386
885.2832
504.8017
672.7420
1070.0954
891.6012
908.3542
999.0541
945.1871
520.7284
184.6629
245.3493
402.1799
180.3420
480.8313
674.0582
481.1727
490.8694
777.9052
671.3397
391.0769
300.7406
672.7131
790.9525
478.3942
647.4674
712.9169
382.9835
1028.8564
1235.5709
1231.3779
1274.7584
