-0.0845
-6.2446
-54.0031
0.3354
-21.6660
6.6790
-22.0256
-20.3269
-3.2848
-18.8879
1.2611
-23.7811
16.4506
-2.5876
-11.1559
-6.1104
-24.4428
1.5970
-33.3449
8.3637
-19.5758
-11.9999
-21.4965
2.4304
-9.9863
-26.6371
-6.6361
-17.7714
-11.1008
9.9881
-12.2477
-13.2887
11.7088
-11.2583
23.1467
-40.9637
12.2438
-27.0609
4.4379
3.1789
-26.3773
-31.6832
-2.5086
-23.6203
-1.3283
-5.7683
-3.2000
-10.9193
-22.1152
-22.5723
-15.4059
-13.8663
-27.1055
-2.7979
-9.8547
-9.8750
-7.4121
18.9242
14.6789
-13.4479
-5.1727
-36.6750
6.2133
-32.1117
-17.9395
0.9816
-22.1098
-27.2770
-20.8715
-1.6746
5.9278
-6.5640
-13.1641
4.3771
-3.0594
-12.6592
12.1500
9.3590
-4.6670
-17.1532
-12.0559
-11.1201
-0.2918
-11.0295
-2.0730
0.3782
4.2539
14.6139
-49.7617
1.7273
6.5426
-15.3302
6.8260
-10.2196
-11.3689
-21.5105
-18.3770
-16.2297
-11.8504
-22.5660
-24.4578
-16.2719
-2.6965
-8.6917
1.5303
-4.4369
-25.0699
-13.0984
-24.6763
-4.8901
-23.0504
-1.4209
-5.3183
-14.8314
-12.6180
-24.8930
-16.5312
-4.7072
-42.1109
-7.7430
7.7168
18.5375
-14.5952
-31.0383
-2.8402
-4.4755
-25.0816
-12.0875
-17.5859
-37.0605
4.8564
9.4552
-10.9914
-19.9023
-7.2736
-19.9660
13.3000
-16.2199
-18.5160
1.4168
-4.8520
-6.9230
3.9781
-19.0934
-5.3749
-4.4148
-9.7840
-33.0947
-16.5980
5.5893
-1.8496
-26.4813
9.8040
8.6761
-14.0273
-24.4328
0.5102
0.7041
-22.0188
-8.4370
-17.6473
5.3174
-0.9074
4.6617
-14.5379
-27.9521
-20.9243
-9.7796
-20.1613
-17.9182
-13.7481
-26.8312
-18.5199
-14.9703
3.0896
-14.1941
-10.5486
4.9670
12.0006
-7.1541
0.6605
-14.2344
-10.8377
-14.4959
0.7047
-36.0191
7.0465
-2.8422
-6.0242
14.1334
-4.8684
-18.6406
-12.9020
2.9582
3.8801
-18.3282
-5.7340
-37.1953
16.3628
-10.4695
-21.7965
-21.0287
-3.6732
0.3149
3.5581
-21.3684
-14.8309
-6.9219
-12.1736
-51.5664
-37.3992
-8.6852
-12.3836
4.8167
0.2621
-19.4773
-21.8281
-20.0785
-19.8559
-2.6688
26.8762
-11.5508
0.1418
-18.5738
-26.6070
-16.3533
-21.2938
-7.2760
-8.0094
-16.6111
15.7328
-5.5637
-5.0861
-15.6781
-7.9037
-4.6207
15.3051
-14.6465
10.2145
-14.6932
-27.2195
-23.0039
13.6619
6.5492
-23.2621
-44.2562
-15.6420
-11.4062
-19.0539
-22.8055
7.3242
10.2680
-19.1895
-26.7594
-13.1242
-4.4207
-13.3809
11.2238
-22.6283
5.7968
-7.6270
-28.3989
-6.8176
-2.8424
-12.5121
-14.7242
-13.3816
-3.4755
3.3199
2.2074
-12.8602
-2.7674
0.8149
4.3443
-1.2449
-36.7461
-28.2027
-4.1106
-1.7227
-18.8910
9.0242
10.4669
-27.2488
-21.3230
-15.1767
-8.9631
-18.2373
-22.9030
-10.9885
-21.7463
13.1040
9.0785
7.7299
-20.0612
5.2197
-12.8250
-7.6496
-24.6254
11.0584
4.1590
-9.7715
-29.6297
-24.0898
-8.0930
-5.2566
-18.5484
-10.5332
-19.5395
1.5156
-13.6916
1.3646
-19.1049
19.5711
-18.7751
-8.8787
-18.5965
-4.8873
-6.6568
-18.6869
6.2063
1.9254
-24.2945
8.4242
-22.4680
-28.6500
8.2211
-5.0219
-13.0004
-24.9070
-39.4765
-25.9820
-15.2320
-28.0871
9.3791
-34.9977
4.4716
-9.4873
-25.1755
-6.2699
-10.8225
-10.4487
-10.4330
-13.5572
-11.4746
-14.1742
-13.1613
-7.1898
-17.8437
-21.7391
-24.6367
-10.0792
2.8264
-12.2566
-8.1097
-0.2988
-12.8020
-27.8266
7.9068
-25.3828
-13.9473
-43.6727
-4.1697
-5.3896
-5.2121
3.4623
-13.4211
-0.8055
12.2543
-18.5242
-17.1719
1.4391
-0.1029
-16.2147
-32.0438
-6.3637
-38.9797
3.6423
-4.1965
6.5490
-2.7266
-4.1682
-24.1277
-29.3555
-20.8953
6.0070
4.3535
-13.3274
7.9844
-13.5365
-27.0094
-1.0812
-6.2990
-7.9363
-8.3929
-23.5113
-2.9676
4.3779
-17.7317
-3.1001
-17.0312
-6.6893
-32.2516
-16.7949
-10.3277
0.3696
6.0893
-2.6739
-22.0762
3.9347
-10.3094
-9.1715
-11.5893
-15.5808
-26.5342
-24.0293
-18.4242
-17.9643
-2.2594
-16.8844
6.6695
-20.3249
22.1816
-19.8633
-11.3338
4.6809
-7.3928
12.8035
-15.1816
-6.4584
-9.4508
-40.6461
-9.2199
-5.1318
-0.2266
-9.4631
-8.0682
3.1662
2.8508
-5.0301
-10.3097
-12.5439
-18.7314
-18.1959
-1.1927
-4.9586
-23.2320
10.7973
-0.2727
-20.4141
-10.2538
-24.0896
-17.1876
-6.0180
-10.4559
-17.7838
3.2051
-8.4865
-7.3434
-7.6021
4.5918
-9.5024
-9.7408
-32.3859
-5.6713
-1.6084
-0.8356
-0.9672
-5.0675
-40.1785
-31.0063
-31.9312
2.1813
-9.9535
-10.7785
-7.7168
-33.0820
6.9842
-12.8342
-3.8730
-5.3223
-27.9898
3.2037
-9.8788
-35.2699
20.3979
10.1807
2.8605
-4.6412
-17.7398
6.7793
-7.7744
0.3689
-5.2391
-17.1169
17.2938
-9.3779
-0.3094
-0.0772
-1.6335
-2.2687
-9.7565
-14.5243
-19.6938
-15.8508
-16.9086
13.1832
12.8109
-0.5544
-43.1156
0.3570
-9.7282
-32.4148
11.6207
-17.1547
-13.9102
-8.6266
6.3405
-44.2555
-11.5816
-42.5494
9.2012
-21.0309
3.9231
-26.2344
11.8422
-25.5180
-25.7229
-14.0022
-39.0062
-6.7166
-43.4168
-14.6996
-16.9840
-5.2614
-8.6756
0.7984
-35.2522
-16.2962
6.6309
-13.8814
-5.2539
-16.8355
-15.3447
-2.8434
0.6755
-12.7451
-7.4910
-1.7799
-4.0023
-16.0566
-15.9941
-0.8908
-22.5315
3.8703
-11.7541
13.1023
-38.2613
3.9922
2.6736
10.4137
-8.4874
-16.8723
1.0447
-37.4555
-21.6275
-15.6711
-11.9621
-7.7594
-23.0270
6.2924
-26.1258
-4.5895
-17.3758
1.5377
-11.8974
2.4861
-50.3195
-15.8889
-10.1320
0.2456
-1.0199
-4.6653
-1.7176
-17.7691
-12.9887
1.9664
-30.1141
9.4615
-35.0297
-5.6877
1.5508
-24.4070
-49.8992
-7.3607
-13.8330
-11.5844
7.4148
-1.0809
-33.1234
-19.6480
-0.3320
-4.7879
-25.9121
-14.6307
-21.1976
-6.4206
15.8551
-9.5412
-13.9479
6.2373
-16.3078
-17.1902
-2.1439
-29.9453
-18.0605
-8.4063
-31.0533
-9.7066
4.6590
-5.3209
-6.9195
-2.7135
-33.7039
-13.2234
-22.7293
-15.8566
6.4324
-3.7533
-21.7242
-0.7037
-22.0445
-0.9379
-34.2977
5.7428
-8.3149
-12.1098
-10.9152
26.6668
-51.2309
-39.1851
-20.4412
-10.0578
-29.3148
-10.1991
5.9153
-13.2023
4.2375
-11.2010
-0.5346
-13.2246
4.4483
-6.5491
4.2629
-0.7043
-3.7029
18.0816
-5.6405
-20.5004
-31.4648
-13.6248
-18.0311
-22.7719
-8.2063
-12.1675
-23.7914
-14.8508
-13.5164
1.2725
-32.9215
9.7809
3.7247
-4.9256
-45.7594
-8.7317
-9.2961
-28.5467
-20.8230
-13.1609
2.7676
-25.3309
-33.3605
-1.5979
-10.0541
-5.8008
-6.2576
17.8498
14.3387
-7.1107
-46.1805
-16.6238
-9.7895
3.3727
-8.7293
-1.1480
13.7021
-15.5744
-14.3341
-3.2268
1.6676
0.3125
3.6069
-18.3881
-5.6175
32.9324
-32.5781
-10.2063
-25.7188
-9.4660
-20.3227
-3.0329
-22.7367
-5.7594
-11.3051
-13.6455
-8.3862
-11.3254
-6.0625
-20.2693
-1.0369
-12.9975
-10.1559
-0.5953
-9.8127
-12.3141
-6.2473
-6.6687
-40.3262
-5.2285
-8.9141
5.7544
-9.8769
0.6141
-13.5332
-3.2820
9.4285
-28.5801
-17.9912
16.6227
-4.6586
-26.8648
-31.4844
1.6229
7.9366
-9.1227
-4.7956
2.1569
-9.5031
-7.3990
-20.6730
-15.7000
-11.8676
-29.0648
8.0595
5.7514
-46.7719
-1.9910
-12.2031
-21.3164
-2.6839
-1.8178
11.8404
-14.2838
-22.5443
-19.1063
-18.9949
-13.1534
-9.1650
-5.4016
-35.2385
-13.3497
20.8266
12.1535
-24.7871
-21.6542
-1.2762
-5.5494
-20.9649
-12.5259
-21.5420
10.6355
-21.9789
1.5494
-13.7641
-5.1449
-17.2191
-4.3204
-25.9414
5.2680
-22.6403
-1.2676
-11.5586
-11.6144
-5.1709
-21.8753
-0.7170
-30.0938
-14.9340
-7.3268
-14.9626
-20.1621
-26.7773
-6.5283
-26.8477
8.7643
-20.0715
-21.3285
-10.6297
4.9179
-23.2038
-31.6031
-8.0133
-13.0806
12.3305
7.9199
1.3188
-13.2629
9.2441
-7.6578
-29.0734
-18.9297
-16.8102
15.4105
-23.3587
-18.7095
-18.8259
-14.9301
-15.3604
-36.8332
-19.5445
3.5316
-9.7047
-7.1984
0.4780
-0.6707
14.1597
11.4652
12.5925
-14.9584
-0.9616
-8.0156
-17.9059
-29.5857
-11.0145
-5.5848
-19.6688
1.3510
-0.8127
-1.5754
-11.8646
0.8035
0.4324
-18.6594
19.5990
-2.6629
-13.7869
-17.7578
-16.9609
-18.4984
3.9137
7.5117
0.2375
-0.2652
-0.1203
-21.9641
-10.9871
-4.6477
-18.0097
-7.3088
-5.1332
-19.0220
16.8561
-8.1500
-2.5289
-25.8414
-4.3789
-24.0334
-1.5613
-35.2736
20.1301
-22.9562
-10.8828
7.5273
2.6723
-5.5707
9.6096
-2.3723
-0.7508
-3.0988
-29.7664
2.2690
-2.6516
-15.9522
5.0328
-32.5484
-7.8500
-5.0297
13.4666
-13.8452
-12.4292
-15.7535
-15.2015
4.7211
-12.5385
-39.0730
-30.3195
-30.3828
-1.2582
2.1630
-13.6145
-1.7456
-9.8563
-6.4937
-19.1888
5.2096
2.6759
-14.5637
-8.7324
-27.3402
-24.2439
-2.0300
-17.6168
3.0590
-23.9148
-6.0574
-26.6531
-22.3078
-26.6840
-13.6129
-3.0371
-15.0802
-0.2089
-8.3069
-18.9020
-17.1693
-1.6005
3.1743
-28.6789
-14.6303
6.0887
-22.2951
1.1393
14.2668
-31.4141
-8.4733
-22.6021
-38.2590
3.8755
11.0094
-13.0473
0.3605
12.6521
-2.0305
-20.7432
-22.0613
-3.5641
10.4251
-26.7551
-11.3035
-11.3254
-3.2086
-28.5448
-31.9813
-10.0422
-29.2320
-13.9392
1.9985
-11.1181
-9.5383
-21.1150
-5.1698
-7.3725
-8.0486
-16.6321
-30.8758
-10.1355
-30.6078
-5.3254
-21.0041
-18.4988
-2.1652
-0.0066
-2.5980
9.5465
-11.7930
2.3754
-14.5406
-8.8012
-0.1141
-22.7781
-40.3711
-27.2051
-3.2606
-12.7453
-4.1166
-10.9223
-2.9559
-28.9750
-18.7898
-1.0164
6.3049
-3.2844
-9.1269
-4.9162
-13.2156
-29.6953
-12.9816
18.5121
13.4883
-2.1500
-19.7906
-24.9840
2.8726
0.4639
0.7557
-13.4751
-17.2450
-23.2238
1.5477
-32.9133
-21.6020
10.6332
-14.8781
-12.8020
-2.9797
4.9211
10.3522
-23.6070
19.5406
-1.2612
-4.0787
-6.0574
-36.3691
4.6434
-21.2703
5.8365
-10.9605
7.3568
-32.4453
-25.3531
-15.9750
-3.3081
-14.4082
-14.0398
0.5267
10.4398
0.1198
-1.0074
-28.5645
-23.0094
5.2047
-16.6326
-16.9320
-12.7008
-21.4113
-7.8770
-25.9281
0.9422
-12.0508
9.8783
-19.0983
-30.4016
-21.4719
-36.4676
-21.6758
-29.6382
-46.7090
-28.5293
-12.0328
-23.3278
-10.9055
-15.7125
-11.1718
-24.3219
-5.6593
-3.3840
-37.3844
-12.6572
8.7547
-17.2480
21.3285
-9.9074
-4.8166
-7.9456
-17.6020
-37.2078
1.5297
-13.4764
6.8416
-18.7859
-37.7844
-24.0938
6.3505
-17.9753
-32.8336
-25.6426
-23.9902
-10.4072
-2.6355
-5.9941
-9.3734
19.5551
-14.8033
-16.7156
-25.7160
3.8869
-8.5414
-23.4668
-6.6275
-23.5719
-24.1859
-4.9702
-19.7715
7.1926
-38.9016
-10.1895
-34.7543
9.9092
-14.5039
-13.6164
-17.6008
4.5146
2.5018
-11.2501
2.5219
-20.2820
-3.0869
-8.0251
-24.9547
-0.3141
-5.8211
-24.5531
-28.5691
-18.8102
-13.2395
-0.4840
-4.8082
-8.0567
-34.3469
8.1969
-3.5681
-7.0136
-32.4586
-22.0441
8.6871
3.8941
-17.9758
-16.1996
-22.9859
-8.2332
-14.6398
-10.6027
-18.9766
-13.9078
-27.2664
-14.3879
-14.9721
-22.5031
2.1175
-14.8065
0.4066
14.2043
4.5230
-40.4543
-31.3715
-4.1402
-5.3096
1.1223
-20.5410
-21.0904
7.8984
-1.9043
-14.0580
4.2043
-17.4594
0.8133
-22.0207
-29.1344
-22.0281
-0.2430
-6.8051
7.7504
4.3180
-21.0914
-6.5604
-15.8450
-37.1887
-17.6164
1.3756
-18.1331
12.5641
-5.1611
-10.2477
-29.0500
-24.1676
12.8605
0.8283
26.5367
1.0040
-24.2914
8.2410
-32.6452
-31.2648
5.0943
5.9292
-11.9279
-21.2989
5.4742
-9.3900
-0.3431
-23.0837
3.2213
15.9309
-42.2797
-35.3574
11.9316
-25.1933
5.7127
-0.7632
-23.7566
-11.9620
-11.6945
-10.9688
-6.0299
-5.0561
-26.0070
-13.4732
-23.6164
-37.4422
-5.3641
-18.7048
8.7391
12.6663
-4.1285
22.0318
-19.4812
-30.7521
-33.9729
-19.8961
-24.6891
-22.2450
-32.5504
-48.5109
-20.9070
1.4484
-31.5359
-7.1835
4.4523
13.6392
-3.9870
-14.9537
7.3910
-10.9389
1.5816
-6.3225
-21.7930
4.1150
7.2864
-21.5632
-8.4523
-36.7281
-2.6285
-26.2922
-4.2254
1.9875
-13.3982
18.8909
-24.8563
9.1972
7.7721
1.6221
-13.8496
-25.0979
-13.4414
11.8936
-5.6816
-11.9957
8.0631
-0.7035
-5.9230
-6.0234
-17.9461
4.7796
-29.5406
4.3570
5.6789
-25.3973
2.7059
5.1029
1.0183
-0.7771
-6.0881
1.7445
8.3784
-32.5034
-16.3445
-1.5254
-14.7879
-18.4909
-2.8449
-7.4835
-6.3344
-13.7999
-24.3355
-20.2730
-27.0230
-32.1965
6.9518
8.0405
-2.1729
-2.4455
11.7496
-9.1658
-22.5660
-36.2897
-13.4734
-14.4691
-4.5201
-40.0648
-27.5324
25.2348
11.0078
16.2418
-20.4045
-11.8252
-12.1824
-28.4342
-21.7307
-7.1630
-4.7504
-3.8739
-20.3813
-23.9520
-2.7880
-32.9891
-23.6586
-15.6182
-30.1982
-7.3900
-40.1060
-14.3666
-6.4266
-3.0234
-6.4441
17.1892
10.1604
-12.5289
15.0353
-15.2277
-7.6584
4.5514
6.5469
-7.1480
-27.1609
-8.3844
-19.9293
4.6353
-4.4945
-15.0061
10.1145
-5.6623
-14.1245
-11.7723
14.1002
-9.1829
7.2284
-22.5824
-39.7047
-7.6381
-30.2969
3.2781
-10.5125
-13.8813
-10.1223
-29.7828
-9.8539
-18.1995
-20.7703
-9.4107
-34.0605
8.2699
5.7059
-2.0555
8.4879
-9.2164
-14.6129
-25.4445
-3.8468
-22.6039
-2.7156
-21.4281
11.7035
-41.9246
-7.7445
-49.6723
-5.4707
-1.9340
-27.0367
-22.0895
2.4492
0.6050
17.6566
-0.3484
-9.8210
-17.3568
-26.8129
-22.9461
3.5041
-25.7531
-3.8852
-29.1504
-26.2023
-11.4744
-5.5906
6.6418
-23.6623
-5.2953
-12.7887
-6.8031
-25.2492
6.5234
-8.6887
-16.7492
-15.5139
1.5305
-27.9980
-22.9859
-9.8644
-6.4021
-17.6254
-5.1629
-3.1043
14.2654
-0.6179
-27.9703
6.4437
-33.6137
3.8199
-33.5227
6.5324
-0.2158
-16.3699
31.5074
-31.7906
0.9946
-12.7910
0.4373
-1.0123
-24.1457
2.1932
-0.1667
-13.6984
-15.1771
9.9895
-15.0027
-6.7281
-21.5383
-9.5779
-10.3967
-14.0442
-18.0836
-12.7292
9.8016
-9.5918
-15.3553
-21.6398
-17.4883
-33.0563
7.9267
5.8459
-7.0531
-5.8254
-23.6051
-3.2441
4.6918
5.3971
1.7677
-22.2929
-3.2050
-13.5713
-19.9273
5.0947
-21.2828
-38.8531
-9.3355
-3.8308
-27.6453
-14.3484
-6.7955
-9.9613
-18.5939
-0.6266
-35.7750
-4.4854
2.6281
-15.5137
1.6566
2.9379
-4.4076
-0.8195
-0.7754
-6.5342
16.8320
-12.9395
-19.2246
-1.1174
2.0637
2.5635
-12.3263
-11.4618
-3.8660
-9.6670
1.6392
-12.3734
-0.1379
7.4979
-21.5037
-3.7645
-3.0230
-23.3665
-0.3451
-45.0086
-12.8324
-10.3594
-32.0234
-21.8359
-16.5461
22.1076
3.7375
-29.9852
0.8115
-33.7660
-18.8250
-6.7277
-8.2892
-27.4125
-0.1893
-27.2254
-10.6047
-21.4441
-5.5258
10.6992
3.4697
19.6926
-2.0014
5.9844
-32.3398
-21.2586
-15.5724
1.2246
-37.3531
10.7477
-27.4035
1.5381
-9.2377
-5.9428
-29.3096
-20.5639
-8.7871
-10.2203
7.2277
-19.8211
-27.4258
-41.5852
-9.9875
-26.5281
-4.9096
-13.4539
-20.6882
-13.7555
-4.7158
-33.4570
-19.1223
-2.6724
-35.0352
-17.4465
12.3184
-28.2637
-19.1895
-16.5457
-9.5699
8.8012
-36.8723
10.7602
-35.0723
4.5032
-7.7473
-0.8778
23.0328
-26.6992
-20.1402
-5.1758
-3.8035
-4.6505
-24.1341
-2.5438
-8.5830
-34.4469
-6.0915
-18.4656
-16.5878
-18.6414
-14.2637
-9.7563
-32.9703
-12.0913
-20.7117
-29.5113
-27.2676
-28.8121
-12.9609
-6.8689
-33.4035
6.4295
-1.8979
-1.8480
-33.0192
-5.4578
-28.9629
-14.0741
-18.1034
-0.4852
-14.7120
-9.5408
-12.9119
-20.1957
-6.2634
-1.2570
-22.8586
-31.3578
12.5634
-17.4062
-11.8879
9.3923
10.6442
-6.8773
-15.8199
-28.0510
4.6500
-17.1645
-30.6395
-5.6902
-17.2891
7.9594
2.7457
15.2812
-13.7406
-39.8656
28.3652
12.0703
6.0844
-0.0834
5.5182
-34.4898
-2.6121
17.1150
2.8668
-1.2201
14.6867
-12.0506
-25.6818
14.1926
-5.0965
-30.5215
9.4812
-29.6309
-3.0262
0.7318
0.9615
-11.2499
-19.3645
9.9453
10.1035
-21.0266
-27.5828
-25.2912
19.8496
-37.0254
-8.9453
-17.5473
-21.5246
-18.9329
-15.6090
-9.8494
-9.3840
17.8489
-29.1875
-11.6812
21.6650
5.0020
-4.8939
-11.0557
-27.3854
-0.2274
-5.7688
-7.3688
-1.1827
1.1961
-19.9006
-18.5590
-9.0235
-8.3074
-3.5958
-22.0635
9.5371
-30.8838
16.7512
7.2316
-4.2447
-23.5465
-14.9320
-18.5098
14.3969
-19.9641
-21.4594
-13.2773
-10.6340
-35.9766
-2.9973
-36.3933
-14.4191
-12.0434
7.0023
20.2146
6.1705
-33.0996
-27.3219
-6.5793
10.5602
-15.1212
-25.1609
4.1312
-3.2082
-4.3891
-34.6508
-45.3758
-16.7177
8.9840
3.8574
-43.8434
8.7082
-8.1176
-14.0281
5.2963
-12.2397
-2.0039
-21.8458
-5.2072
-14.3664
-36.3447
-38.7487
-14.7295
1.9857
1.3723
21.2668
14.1191
-6.1308
-14.2500
5.8315
-10.9369
-20.5895
-30.2648
-1.3698
2.2223
-39.5008
-18.5957
-14.3473
-23.7254
-3.9789
-20.7461
-24.7785
-13.9688
-15.7186
-12.1217
-4.2525
-46.2574
-9.1902
3.8340
-5.1633
-8.4730
-37.2609
-19.8395
0.0926
-15.8698
-1.7354
-27.1352
-13.6070
-0.3469
-11.5395
-21.4619
10.2375
-14.5321
-22.9322
9.2977
-4.2133
-20.6172
-29.9498
-20.6451
-14.0865
-7.5736
-11.9702
8.3555
-3.6637
-1.5875
-11.9271
-23.7523
10.6120
-27.4803
1.6863
2.8148
-22.0127
-7.0679
0.0664
-11.9545
-20.6904
7.7490
1.8730
3.9616
-25.6281
-14.7965
-30.7107
1.4221
-22.3703
-5.7555
-12.0357
-37.1176
21.3359
-19.1965
-15.2141
-28.4242
-24.1136
-19.5403
-32.1730
-28.7680
10.0201
-7.0628
-21.3902
-20.1996
-34.3266
-9.6242
-2.5652
-28.0926
-17.2262
-46.4461
-5.5576
-2.5225
-20.8805
6.3844
11.3771
-14.9563
-13.7566
4.3003
3.0958
-43.8387
9.1863
-8.6365
-38.0330
5.3535
-14.0625
6.7504
-18.2242
2.5857
-29.2539
-32.1445
-29.8107
-4.0555
-25.7706
3.7230
-10.6668
-21.2038
7.4477
2.0984
-28.0055
-35.9180
-17.5586
-40.7910
-36.1762
6.3934
1.1375
-17.5203
-16.8074
-1.7246
5.9234
0.0152
-31.3172
-14.2252
-5.9391
1.3346
-15.5602
-6.2937
23.8613
26.1684
-10.3288
5.3769
-12.3500
3.5828
-9.6867
-16.9326
5.2009
-8.9727
-6.3988
-15.5520
-22.4065
-17.4770
-9.4980
-2.2711
-24.5668
-24.7488
-12.1554
31.5295
6.9359
11.7123
-24.8625
-24.7527
-0.0928
-10.7723
-20.3791
-15.6523
-27.4719
-33.2586
-12.1221
-16.8109
-23.0447
-13.2898
-22.1645
1.8056
16.4577
-26.2641
-8.9918
-9.3469
-36.7359
-50.1180
-15.6707
2.0296
-4.1981
-6.4352
-0.5568
-11.9892
0.1350
18.9418
-14.3168
-29.5929
-1.9215
-12.4445
-1.3375
0.9178
-4.0128
-12.5924
-59.1078
-31.0359
13.9826
-3.5240
3.0344
-21.6389
0.3043
2.9934
1.9288
-3.7123
-32.3012
11.8121
-52.0062
-9.3941
-40.8516
-15.7907
-27.0191
9.6150
-7.9343
-19.5000
8.4020
-2.2541
-30.9602
1.1113
-8.7778
-0.8950
-16.6313
-49.6484
-29.6292
-33.7648
-2.9054
10.1305
-2.5671
-9.2326
26.1736
-12.6447
5.5672
-26.8766
1.0342
-13.4109
-51.0020
26.8766
-11.2855
-18.3738
-15.7608
-1.5912
14.5844
-15.5231
-24.7919
-29.2785
-1.0938
-2.1613
-5.8709
11.4586
1.3133
-10.1281
1.3670
-10.7523
6.9555
-8.1824
-19.9698
21.9186
-31.5934
8.4123
9.0711
-8.0750
-42.9672
-17.4936
-17.2996
-35.4984
-19.6660
-5.0177
-4.5736
9.8438
-28.4250
17.4090
10.0207
-35.1352
-3.0576
-21.3969
6.3143
-19.8086
-13.1014
-3.5867
7.7710
33.0219
16.8254
4.4884
-22.7984
-7.8402
-17.5594
3.7311
-2.0346
-37.9509
-6.7685
-7.4285
-9.3398
-1.0535
9.0082
-29.1549
2.2922
0.2023
-26.2213
-1.2984
0.4007
-2.5504
-5.0086
-29.8535
-9.4648
-16.8684
-29.5914
2.3246
6.0109
-9.8428
-30.0750
-16.1879
-10.6893
-11.9897
-34.8925
-14.5972
-29.3629
-16.2348
-8.5305
-26.2445
-30.5840
12.8164
-0.1275
-32.5371
10.4675
-11.1003
-17.7672
0.0688
0.1136
-16.1450
-18.2650
-17.6570
-3.4576
-14.0602
-28.3961
9.2801
9.7555
18.9287
-7.2861
-15.5214
-11.5506
-15.8568
2.0711
-27.8461
12.4402
-11.7763
-6.4461
-17.2609
5.2656
-8.5880
-2.9895
-12.1648
-12.6973
-4.2379
-17.7531
3.9513
5.1798
-15.3070
-13.1351
-34.8041
-12.6766
-32.5242
-0.5207
12.7012
1.3703
-4.5068
-9.2645
7.7660
-46.8719
11.4918
-17.5178
-26.6344
-11.5485
-47.3211
6.5613
-21.3609
-33.0797
2.1014
-15.3422
16.0854
-12.1828
-43.0859
0.0847
5.6469
-20.6652
2.5485
-12.8348
-19.6297
12.2492
-8.6844
2.2741
-19.4139
-23.1812
-17.7363
7.3102
-1.2918
-14.4980
7.7615
-8.5551
-8.7871
-12.6486
-28.6406
-25.6321
17.0350
-32.4313
-43.1660
-11.3938
-23.5115
-4.6633
1.5016
-3.6420
-51.0068
-1.3845
-21.9086
-4.8848
-2.2980
-10.5045
11.3704
4.4828
-35.5426
5.3230
-21.3891
-34.2558
8.2774
12.5762
-27.4453
-13.6754
-16.4652
-17.2427
-0.8557
20.1291
-4.6646
-4.0311
-18.7398
-5.0349
-14.7695
-31.1547
-19.7008
-23.1524
-5.8918
-34.9273
-26.8207
-29.8363
4.7155
-19.4789
-24.3848
-11.4075
-7.9898
-8.6973
2.1477
-7.1807
-9.1121
-18.5992
-20.3297
-15.4468
-22.8816
-4.0066
-24.2336
-41.3477
0.9896
-40.1570
21.5760
-13.7424
10.8246
23.2355
-9.2016
-25.5051
13.7957
10.8152
-16.2809
-24.5795
-23.1898
-8.7278
4.9389
-8.9072
-36.2264
31.0812
-35.0203
-29.3041
4.8086
-1.0346
-19.4439
7.8008
-18.6764
-8.7340
8.2366
-31.4367
12.4426
4.0660
-3.0953
-21.5744
21.6236
-6.7917
-9.4758
-5.0734
-38.7902
-23.9852
-14.9539
0.2628
-13.9064
-17.1700
-22.1841
19.2533
0.5854
-25.8646
-17.6400
-11.8412
0.4489
8.9115
-43.6379
-15.7680
7.8785
-22.4625
-18.9430
-16.3768
3.5848
-26.2281
-17.2145
-11.7268
-14.8871
-38.5781
15.1098
2.2855
10.9691
-5.3146
-10.3453
18.8680
8.0662
-12.9523
2.1934
-23.7129
-24.1922
2.4133
-26.7848
5.1687
-33.4039
-13.9992
-12.6199
-37.9984
-18.1975
16.0086
14.8500
-10.1896
-8.8996
-11.1774
-15.0929
-3.6070
-17.7094
-18.9969
-18.4645
-5.9906
-31.9875
1.5141
-0.7898
-23.9453
-9.1578
-25.9910
-15.8723
20.3332
5.9055
1.0828
-26.2402
4.5168
-19.3672
-22.5510
-2.7738
12.2148
-11.1261
-30.1794
6.6345
6.8645
6.9691
8.9316
5.6113
1.0206
1.9893
10.0477
3.9766
3.4013
-0.6366
-24.2305
-48.9523
-16.9123
7.0972
-1.6406
-23.5871
-9.3180
-27.3159
13.2945
2.8361
-37.8187
-18.4422
-14.1062
4.3979
-21.4590
-22.9236
15.6516
-3.8230
0.9836
3.3758
3.6645
-15.3602
-32.2070
-46.7648
-29.2531
-21.1559
-44.3656
-1.2140
-41.8117
-21.5352
21.4695
-0.9477
-1.2258
22.8484
-29.4453
9.9039
19.8707
-4.6402
-22.0723
-10.9609
-20.5941
-19.2375
-31.5141
-25.2420
-7.5520
-13.9258
10.1312
-44.6547
-22.2586
-9.1186
3.6040
1.1986
-9.7250
-8.3320
-5.7002
0.5559
-24.2461
-16.8359
3.4250
-5.8598
-17.5594
-26.4297
-11.3104
-36.4758
-25.2076
6.5902
-0.0445
-27.9045
9.4746
-16.6605
-8.4616
-39.9445
-5.4658
-15.4362
-9.2566
-33.6949
-28.0691
-11.6621
9.4432
-17.1916
-27.1484
-9.6278
11.8920
-5.0647
-4.6734
-26.1535
8.2379
2.8288
5.2220
-23.6471
-7.6160
12.7384
-6.1574
-6.3996
-17.9441
-20.2324
9.9998
-18.1930
3.0152
7.8267
-34.2299
3.4258
1.6949
-25.8305
-45.0270
-13.3777
-22.7551
3.6691
-27.2602
-24.3908
-14.8180
-29.5535
-6.7773
7.9640
-43.7008
5.5727
14.8504
-5.4914
-40.1492
4.4203
-9.4855
14.3908
-16.3602
2.3762
16.7299
-9.9867
-5.5483
2.2953
1.0676
-2.8387
-13.9295
-22.5074
-30.4176
-31.9352
-18.0312
-6.3008
-23.5187
7.7974
-18.0725
15.7030
-5.6506
-27.5516
-1.5285
-45.5406
7.6824
-12.1789
-21.9113
-4.8789
-8.7754
-33.4773
-11.8309
21.0220
23.1633
-0.1827
-10.0133
-16.1961
-34.3359
-15.3381
-21.3438
-16.7385
-13.8988
-32.9539
10.1332
-31.6867
-29.1406
-9.8582
3.3019
-2.9629
-34.6469
-12.8008
-38.9105
18.8586
-18.7586
-5.7438
-6.6211
-0.3348
7.0918
-35.1771
-5.3311
-6.0336
24.2457
-9.6972
-12.6201
-23.5551
-29.7695
3.4902
2.9734
7.0078
-30.7570
-0.1955
-46.7445
-16.6457
-35.3191
-6.1813
-34.2008
-6.4176
-17.6631
-7.4703
-10.5958
1.5471
-17.7801
-44.9801
1.3078
-7.6145
-14.9551
-27.9713
21.9967
5.9759
-25.5586
-1.7871
-20.8270
-6.7492
-50.8891
5.1291
-3.5719
-5.3215
-33.5156
-12.3445
-16.5588
-41.5938
-10.6836
2.5512
7.5234
10.8584
3.6121
-8.3479
-19.8205
-1.0890
-27.3837
-19.6844
-34.5484
-16.4516
-4.2298
-25.2283
-4.3759
-4.4129
0.8771
-27.8524
-11.2430
2.6551
-21.7490
-28.6930
-33.2992
-1.8410
-25.1273
-46.4539
-3.7707
-35.4008
-21.7387
-6.7278
3.0676
16.3645
-1.6863
-10.6225
9.3234
-12.1664
-24.0426
-27.8791
-26.1199
-50.7105
-33.4188
-4.7445
-0.7090
-22.7105
-14.2667
2.5664
5.0984
-14.2260
-3.1988
-15.2188
3.2261
-22.6559
-14.5051
4.0381
5.9953
-23.9922
-5.2027
-35.6738
-4.1236
1.3566
0.8133
-23.3086
-27.5270
-9.9945
18.8391
-3.0086
-12.8730
-22.9133
3.5340
-13.3957
4.4980
-9.0281
-34.2500
-5.7501
-24.1381
-3.8617
-13.8969
-12.7074
10.4801
26.1578
-20.5828
13.5990
-3.6817
5.2125
11.7035
2.3873
-9.1172
-38.8801
21.5963
8.1606
-50.2633
-1.7396
-9.6324
-34.6469
-1.4121
-7.9494
-10.6461
5.2996
25.5621
-7.8727
0.2832
11.9835
-35.9533
5.3117
-43.7750
2.9387
-24.0629
-0.7941
-21.6875
-15.6129
32.4832
-31.2203
-17.8032
-26.0375
2.4360
-11.8461
-16.9745
-9.0926
-10.4814
-37.1914
-8.8313
4.3527
1.9430
9.8954
9.2312
-0.6797
8.6988
-16.4219
-29.1590
-1.0782
-37.0344
-16.6848
-13.9891
-2.2156
-23.3312
-35.9095
1.6105
-27.7977
-21.0883
18.9893
-11.2953
-21.1945
8.4586
-16.9172
-13.9037
6.3586
3.0022
6.7431
14.3039
-6.8672
7.7417
-9.1543
-10.0285
-21.8184
3.6941
-22.7911
-2.8707
-15.3125
-1.2320
-2.4247
12.3963
-38.8117
-0.7794
17.6375
-9.9934
-17.9691
-7.6539
-6.0070
2.9614
-4.9764
-11.4307
-3.0174
-20.2168
-3.8268
-4.0746
-19.2539
-15.2577
-14.2141
-25.3340
-29.2836
-23.9199
-34.7723
9.0043
10.1340
-5.9707
-9.5148
-12.7383
-5.3160
-1.6071
10.6314
-29.6771
2.8283
-15.3703
-3.4086
-15.1922
15.2923
7.7773
4.8939
26.8434
-18.1101
-5.5451
-14.9050
-35.0000
1.2102
7.0273
10.2482
-21.9328
-6.9025
2.6347
-2.0273
29.7574
-11.9141
18.1502
-31.9621
16.8785
-26.4750
-17.9510
-25.6523
-33.1188
-22.6884
0.4068
-27.9258
10.1098
-33.0371
-16.2943
-20.8641
-13.9523
0.6521
3.8879
-28.8844
-16.1303
-9.5973
-46.4154
-3.0359
21.3004
-16.7115
19.7188
-10.6943
4.2139
0.5822
-15.2168
-11.0959
-21.1703
-11.2225
3.7207
39.2898
-0.4113
9.0469
25.1805
5.4163
-31.5609
-32.8141
-19.9852
0.7112
-29.7188
-12.4843
-39.7398
-10.4414
-25.1863
-23.7852
-10.8539
-9.4744
12.7707
-19.3215
-1.6918
-21.6709
6.2479
7.2123
-34.1488
-11.5869
7.6691
7.5547
-16.7650
-26.2578
-31.0793
-8.3564
-23.0335
-13.8902
-12.7200
2.3363
-7.6973
4.9024
-41.1884
-5.4367
-15.2070
3.1461
-46.3883
-21.7469
19.1777
16.0039
0.0488
8.9841
-20.6535
-14.0475
33.9982
-38.0582
-2.0736
-22.1289
-29.6578
-30.2164
-6.4598
-15.5828
-26.6012
-27.7830
-7.0133
-36.5555
-24.6234
-21.2844
21.1111
-11.6389
9.7634
-21.4102
11.4431
-4.6504
-6.3991
15.6373
-25.8523
-17.2375
14.2072
-24.4366
-27.0164
-43.0992
-27.5609
10.5861
-31.9738
5.9969
10.2254
-11.0082
-13.9878
-31.1703
-19.4278
-28.7271
-5.8922
-24.3180
-12.4436
2.5311
9.8637
-25.8082
-19.3410
-13.9566
-22.0664
-10.8711
-43.5102
-19.6500
-22.6184
-16.1423
-7.4735
-4.8277
13.8219
0.7541
-38.7766
-5.1453
-20.6410
14.9082
-7.2662
-29.9414
0.2670
-14.8094
-18.2156
25.0406
16.2535
-29.5055
-9.5312
12.0837
-2.7301
0.6666
9.7334
-7.6435
-13.3578
-31.6363
-22.3744
10.2525
-21.9617
1.2188
1.0984
-31.8859
-18.7042
-23.9441
-13.1574
22.9375
6.3730
-15.7492
-18.9281
-5.2492
9.1949
10.3366
-12.6473
-34.6590
-42.7930
-3.7717
2.7083
10.0859
-22.4379
-19.4741
25.7127
-21.1305
-33.5133
-2.5504
1.8357
-17.3410
9.1935
6.7969
15.9719
-11.3324
3.9712
-6.9516
-1.3885
-5.6018
-26.5281
-1.2875
24.3176
-0.7199
11.9531
-0.3902
-3.8271
-32.8992
9.0801
-20.4691
21.6906
3.0414
5.3418
-19.8906
-35.5367
-12.4877
-2.4479
-32.1758
-17.8585
-20.4988
-9.7469
-12.2805
-6.3876
-17.9918
-12.8699
1.9116
-32.5326
-12.8519
2.6669
-2.3168
4.9592
-12.4742
20.4605
-2.2008
13.7910
30.2660
12.1430
-14.4648
-2.2840
-41.0203
-22.9352
-29.8305
7.2846
-38.7320
24.4796
5.2328
-18.7221
2.2166
38.0258
11.7904
15.4747
-11.1082
6.7687
4.0750
-5.1571
-41.2453
-17.9666
-9.2681
-53.0570
-38.8586
-37.4828
-23.5258
11.8895
14.5199
-4.3145
-4.2074
-22.2844
-10.1117
4.2627
-31.3091
-2.2059
-24.2641
1.6604
-6.7137
-14.3336
26.9086
9.7789
19.6230
-22.8942
-8.2098
-6.6039
-7.1433
2.7605
-4.1902
-0.9891
-20.9352
-2.5172
-34.3531
24.9848
2.1577
8.8953
4.5384
-26.7090
-11.0992
2.0855
-2.0650
-24.2055
-14.4730
5.1010
-13.8777
-16.5562
-29.5564
6.9799
-23.0629
-6.2270
-17.1172
-16.0751
-0.1313
-5.0542
-8.1854
8.0320
12.7875
19.0969
-20.5848
-4.2934
-24.1074
-4.7801
-19.4598
-21.5195
11.1098
-1.9430
-9.8146
-13.1461
-8.0350
-38.8055
0.5780
39.9805
-12.1629
-24.7754
-8.1277
-8.3797
8.3465
-20.8164
17.5850
24.0725
-10.7441
4.5121
-18.2338
-41.9539
12.4449
30.4441
-9.5754
-6.5087
4.8240
-0.5473
-45.0633
2.4953
-7.4294
-41.8961
-23.5863
-3.3719
-0.2840
10.6812
-23.3234
12.2391
15.2636
-26.5312
4.0124
-16.4617
-16.5312
-41.4203
-9.7156
-1.4736
-27.9484
-16.7434
18.9348
-41.1437
4.7701
0.4516
7.3516
-38.4265
3.9688
4.9453
-26.7916
-4.7815
9.4305
-18.8180
-12.4879
35.2270
-12.2786
6.8012
-33.8879
-13.1379
22.3183
-26.6566
10.7508
-22.1711
-27.6402
-27.1469
0.7344
-22.9103
-10.2643
-35.3922
-13.7479
-31.8028
-4.4717
-20.9168
19.0562
16.3531
-24.7609
26.7176
-9.3500
-12.0713
-15.6462
-22.8445
-6.4336
-29.4949
25.7332
-3.7833
-24.7070
12.6469
-3.9310
-31.2250
-36.1986
8.5817
-40.3703
-30.1508
-15.4547
-19.2651
-19.6640
1.7551
16.0963
-10.7984
3.3633
-4.4568
0.6390
-32.2359
9.3152
2.1098
-27.3508
-27.1775
4.9645
13.1869
-10.9764
-15.9887
7.7469
-15.2207
-3.2516
-24.4102
-5.9390
-6.3234
-1.3912
-3.5082
-1.6012
-2.8359
5.2584
-19.6500
-32.5840
-5.4348
-14.0742
-24.6061
-10.4824
5.4738
-20.8563
-5.8836
-13.3188
-6.0115
-19.5977
10.4645
28.0762
8.4052
-31.9758
26.9125
-6.8058
-27.2511
-12.1824
-32.0287
-19.4577
-3.9830
-22.7078
-11.6859
-3.2914
6.8848
10.1490
-18.4467
0.3434
-3.1789
-15.5297
-16.9284
-19.2538
12.3314
-12.1562
-28.4506
3.0652
-31.1536
3.9182
13.6500
-0.9820
-27.0578
-10.0732
-11.2543
-44.3781
-51.1371
-9.9808
-1.9924
16.0395
-29.2938
-2.7047
-32.7134
-5.9487
-36.0148
0.8488
11.2150
-14.9816
-29.9793
-0.9785
-8.4380
2.4067
11.0264
-5.9765
-3.0695
-2.3840
2.0367
4.6035
-16.5594
6.8889
-39.8656
8.8986
-18.6477
6.6041
-31.7687
-6.1479
-13.3738
-13.8991
5.9100
-26.0074
-7.5766
-0.2032
-5.7066
-35.3260
5.0125
-16.7932
-5.4807
-47.5367
-15.8672
10.1375
-16.4513
-16.9637
-14.3365
-9.3095
3.2426
-12.2023
18.4387
12.2883
-37.2277
16.4125
-32.2639
-4.1761
-22.9813
19.9395
-27.9613
-2.9603
-41.1855
-24.9648
17.9002
-8.4930
-9.1477
-6.5589
34.4277
12.1504
-24.8563
17.9785
-8.4945
-15.1898
-11.0176
7.5000
-39.6961
-7.9387
22.9951
-30.5438
-47.1945
23.6273
24.9574
3.8688
18.7235
-7.4680
-11.7407
3.5844
-10.2512
-7.3105
0.0277
-26.9609
-8.4637
4.5285
-8.6670
-9.7566
-33.8541
-7.1600
10.6098
6.8313
20.0574
-6.5971
-18.7319
-26.7238
10.4719
3.3037
-14.9422
12.0602
-0.2955
-25.2008
-6.7047
4.8465
-21.7672
6.9734
-37.2785
32.0043
4.4234
-4.1568
3.4578
-6.0170
-34.4367
-4.9599
-29.6523
-21.2629
4.4960
-27.6102
-36.0875
20.1504
-12.5172
6.8832
-32.5814
15.4621
-29.7730
-36.7062
-35.0398
-17.3418
-13.0375
-5.0504
-1.4587
-7.1996
12.9971
-18.0336
-16.2703
-34.4441
-41.9408
-7.0535
6.1476
7.1020
-5.9055
-15.8693
23.2027
-0.1781
-50.5312
-13.9566
-22.5375
-31.8473
-11.5000
-16.1055
-4.3289
-18.1859
-0.9797
-10.8811
2.4988
-23.9322
-28.6672
0.1390
-1.7956
3.4719
-32.1648
7.0928
-0.6082
-15.4045
-23.8660
-1.5874
-13.7703
-24.3654
-15.4348
4.7859
12.1352
26.8265
-25.6289
-46.9641
-1.7586
-5.5398
3.5860
6.3949
-32.7969
-24.3641
-5.2645
-24.6906
-29.4749
-6.8051
-26.3129
-1.4577
-21.5090
5.5953
-21.5250
-35.0432
-1.5666
-16.6820
-13.2578
16.5398
9.5516
11.2937
-24.4601
-16.8672
13.2844
-41.7648
-18.6648
-3.5715
18.6891
13.9922
-12.0846
13.7264
-6.4843
-28.6910
-6.7750
-30.7330
8.7622
-44.7742
-13.6906
-25.9785
20.4016
-39.4586
-26.1844
19.9055
22.9207
-12.4059
-11.5955
-21.1877
-28.7336
-38.2330
-24.6331
-1.1712
4.0551
-10.7657
-8.9730
-9.2105
-25.9980
-9.4742
-13.1528
-11.1690
14.8707
-1.6172
-12.9084
-19.5008
-15.8820
8.5342
31.6910
-3.4020
-13.4525
-5.3285
7.5392
-3.8624
-13.7991
-10.1422
-14.6258
-2.9508
10.1695
-21.5172
-2.7724
-28.4497
1.7567
-56.3750
-2.7105
-17.8874
-7.1955
17.9324
-31.8469
-3.4348
-37.6102
6.7383
-5.3273
8.6684
10.7758
-3.9074
-19.5777
-32.0020
-8.9492
-28.6057
-23.9227
-12.9945
-12.0233
4.6602
-20.7750
-34.0078
-1.9035
-30.3495
22.5053
-17.7885
-25.8297
-4.8604
9.3950
-31.0221
13.3719
31.4453
-13.1795
17.6719
3.0066
-35.0531
-38.4426
-24.2000
-0.4625
-27.4832
-6.9599
2.1555
-0.9779
-2.2015
-11.5990
-14.3887
-35.0538
11.5612
-31.4678
-3.8125
10.4988
11.9951
-6.6078
-3.9252
-15.1827
23.6559
-8.6855
19.7857
10.9739
5.7932
-7.8404
-24.2361
-32.7805
13.3391
26.0564
11.8457
-16.8617
-2.2021
-21.8100
-28.2979
-4.3254
-14.9523
-1.4775
-25.8113
28.4172
-0.1645
-18.7977
11.5794
-42.1980
18.4051
-1.6396
0.4418
-45.3359
-37.0547
-5.8715
4.8292
-35.7555
-40.8031
-14.8585
-18.3441
11.6047
-20.4969
25.5531
10.7676
-27.3547
-15.9187
-37.0727
-25.4957
-6.8988
-25.2781
0.7914
2.3980
-0.6392
-22.9477
11.0043
12.6168
-55.2195
-19.4330
-14.3883
-39.3048
15.3035
19.8594
-3.4311
-12.2572
10.2426
-27.3438
-20.1355
-16.7324
-18.9695
-24.6715
-12.0441
-4.3574
2.4693
-8.1951
-13.1270
-13.7457
21.4850
-16.2371
9.5270
-40.0830
-14.9441
11.8257
-35.2930
-39.1004
-0.6992
13.9305
-17.6488
-27.9422
-1.1891
-4.5098
4.2742
-10.8676
1.4758
19.3898
20.2727
-7.4654
-14.4574
-5.2660
-12.8831
-19.8114
-2.4922
-16.8369
20.7152
-5.4209
-20.6799
23.0781
-5.8367
5.8102
11.2604
15.5373
-16.6352
-22.1305
-7.3132
-3.1761
-6.3688
-11.3298
-6.5652
10.1152
-7.9479
6.0100
-43.1016
-7.0563
-5.2527
6.1348
10.8074
-8.8135
-2.0400
-11.8449
-26.4836
13.0348
14.5973
19.9762
0.7950
-34.6836
-39.5703
-24.0086
15.2074
-18.7441
6.4744
-46.4629
-4.7469
14.1935
-3.4051
24.4742
-7.8547
-46.2090
-21.3104
-35.0984
-14.9945
21.6566
-12.8185
27.3261
-6.8637
17.0254
0.1820
-17.7842
3.6477
-39.0000
-39.9102
0.7068
13.8682
-2.3928
11.9563
-8.3509
-13.6230
-1.0934
-20.9106
6.8928
-9.4750
15.7859
-3.1516
-9.9512
-12.3363
-30.0973
-27.5664
-29.7553
-4.0152
-14.4927
-9.0990
4.5705
-3.2402
1.8315
6.7883
26.7597
-24.1406
-2.8781
-40.7820
-21.9109
-9.0875
-41.9047
40.1688
-12.4510
-30.5160
10.9641
-21.0951
21.6750
0.5142
18.2627
-15.4570
-46.9617
6.4047
-1.6000
-11.6578
17.2223
-12.6263
-25.0758
-6.8879
-12.2516
13.2934
-17.4420
11.3122
-39.8426
5.5070
-12.3273
2.7215
-23.4797
6.8354
-29.8836
-17.6587
-8.5953
-47.4777
-0.8936
17.2359
-6.2897
-10.9238
-32.8059
-34.4117
0.1694
-35.0238
-16.8961
9.5457
-3.6656
18.2812
21.4016
-15.5066
-27.4926
8.1961
-6.6799
10.7449
11.0551
-23.1520
1.8030
-37.3816
-7.4539
-18.5496
-31.0457
-17.7430
-21.2687
-1.7992
-14.6008
-32.2102
20.2953
-8.1187
-13.5631
-6.2951
5.1355
31.8068
-9.8365
5.4094
-49.2789
-16.2324
3.4192
-23.0134
-31.1211
-21.5873
33.0758
-0.3941
11.8157
-17.1664
-11.4789
-31.8515
20.1146
5.8916
-38.8398
-28.2246
-9.3678
-7.8825
-10.8973
-32.4301
28.2500
-25.0016
-8.9398
-14.2312
-14.4321
-11.9631
4.0406
-8.4594
14.7000
-21.1364
15.5367
-8.6672
-0.5210
8.4797
-8.8130
9.4949
-5.7043
22.1184
4.5429
19.9422
-32.9133
-21.0195
-34.6572
-18.3916
7.1089
-46.7414
24.3520
-3.2413
47.5955
-30.0602
-2.6184
6.3574
-19.6418
-8.7727
-32.1043
4.9440
-18.8436
-21.1612
-22.3336
-28.6764
51.2461
9.9755
-30.5664
-33.9930
-14.4617
-47.9437
-36.1184
15.0340
-18.8437
-13.6570
-44.1258
-38.8211
-30.6469
-5.5621
-0.0975
-28.4781
-7.5297
-32.6164
4.0264
-40.1617
-18.5143
-21.0227
12.6781
31.4492
-7.3102
-27.1988
19.0371
8.3816
14.8859
-28.5938
-40.8023
-0.4207
-4.1305
-36.7117
-24.4695
48.2388
-51.0367
-5.5043
-24.0938
24.1559
3.3453
-18.7039
4.7836
-25.5883
33.6879
-26.9453
21.1004
-31.8320
-16.5102
-0.5375
17.6408
-53.7941
4.0551
-19.3154
-27.8023
-31.5648
-5.2714
-22.7086
-15.1867
-8.6551
-13.9822
-27.8446
-12.1469
5.4246
-24.8840
-2.9057
-33.3766
-5.4031
-27.6518
13.1797
13.4023
11.4996
-3.6669
-1.1411
-22.2210
-8.6345
-12.0367
20.8379
0.7336
7.0923
-28.1609
-12.1883
-2.8922
-26.4016
-1.5902
22.9883
-0.2196
-29.1416
25.5262
28.2930
-17.0902
12.8114
-12.1074
23.1056
-12.7301
-13.4384
-36.0359
1.9281
-4.4055
4.0406
-1.9359
-19.7992
-34.6330
9.6590
-40.1334
7.7125
24.3840
-14.5114
-9.1624
-42.5040
28.3316
-14.9953
11.8229
-35.2544
-3.0678
-21.2684
-17.6508
-38.5008
-21.1836
1.3751
3.9014
-11.4312
5.1209
-3.4887
-12.0352
-43.2313
-24.3160
-12.2083
-40.7208
3.4826
-6.5188
-2.4958
-23.7914
-18.7695
-36.2246
34.7077
-14.4668
-26.3238
-20.7351
-28.6852
0.3711
-5.3633
-2.4625
-43.3914
-14.8211
13.2773
-22.9688
-6.2059
-54.5148
0.8938
3.5253
-40.5969
-47.7067
-1.0989
-18.1011
-21.9453
-19.0953
7.5539
-17.9701
25.6219
28.5109
-3.6260
-36.0141
-11.2453
-4.1240
-8.5375
4.2492
18.7582
11.7164
20.7189
5.4165
-12.0526
2.0469
5.8711
-6.5393
-7.9512
-20.2836
6.2384
-4.1984
-33.0342
10.9875
-1.9381
30.8232
-8.6766
-15.3010
-18.6258
-48.6656
-42.8621
-3.7062
25.9758
-43.4359
-4.3812
-0.8527
6.2867
-8.0380
-25.3438
-2.4734
-38.2617
-31.7854
-5.5031
-9.4797
-6.0307
-32.7443
14.8342
-12.3387
11.5666
-32.5766
-27.3801
-24.9957
9.6500
15.3352
17.3406
-3.0219
-41.4160
-10.8898
-34.6088
11.6344
-4.1753
19.9810
-10.8148
-17.6898
8.2431
-45.0805
21.2828
-0.2458
-39.8377
14.0419
-31.6502
24.8479
9.3156
0.9771
-6.7309
-30.8281
10.6301
-10.9480
-18.1449
8.2445
-11.7871
22.3061
-13.1656
-32.9875
-0.1838
-17.6330
5.1098
-9.1242
-11.4385
-1.8914
-35.4484
30.0168
-7.4963
-8.7437
-37.2891
11.9451
-14.2773
-19.8944
-1.0737
-15.7436
-34.5691
6.6836
-47.5141
-46.7031
26.1430
-6.5379
-21.7795
-31.6674
-40.0117
6.9795
-2.9818
17.5047
-2.3206
-34.9047
-53.7418
-7.2383
-39.4750
-0.1502
-5.2508
22.3473
0.3351
-17.2310
-7.4395
3.2211
-44.4578
13.0574
5.4361
-1.6174
-25.3699
-19.9773
-6.0184
-43.8984
21.9109
29.3029
-6.1479
-3.3211
-14.9406
-8.3714
-16.7375
0.0406
-25.2055
-46.5031
-39.1730
-11.1488
-10.4391
-15.3704
-8.3398
-22.1687
35.0914
2.9305
18.0246
-52.1898
3.0883
-21.6711
-27.6227
-12.6730
-26.2723
1.7430
16.3578
8.7602
-30.2586
-27.2859
-14.7043
-50.4859
-38.5074
-12.8259
-3.3891
13.6582
7.6565
-62.2406
21.0324
13.7941
-1.1475
6.8979
-0.4343
-46.1250
5.5641
10.8264
11.6137
-10.3317
-13.4235
-3.3447
-16.8219
-17.4990
-15.4082
-7.0714
-46.6020
-0.9441
4.6305
23.1107
-14.3910
10.3973
6.2133
-36.8250
-17.7445
-6.6148
-30.9980
-27.3438
-6.3711
2.6161
-7.9486
18.8367
15.7549
-8.9707
21.9254
34.2998
-35.2414
-10.2809
-40.0141
0.5176
-10.1832
6.6750
21.1527
-0.5000
9.5969
-9.7484
28.7926
20.5906
25.7758
-10.7445
-3.7669
7.2184
17.8816
-16.5803
-2.6188
-7.0750
-47.3602
3.0977
13.5348
-31.5766
26.3484
14.2336
4.9203
-3.7445
-7.8695
-20.4711
-17.9074
-17.3375
-8.3484
-4.2516
-11.6313
13.5080
-48.5980
-6.8150
-20.7516
-40.5676
11.3971
-4.4608
-23.6918
10.8447
-40.2797
-1.4559
-2.2965
-13.6984
-22.2492
7.7310
-3.4419
-14.7141
-9.8250
-38.8033
21.3359
-18.0363
0.8367
16.9836
3.2715
-24.6473
-5.6449
1.3461
-4.9437
15.4117
-9.5133
13.2906
16.1859
-3.2113
-0.4523
-3.8641
-3.9449
-14.6828
20.6844
29.0016
-1.7080
-17.8797
8.9112
-57.2219
-46.2570
7.2326
-5.8578
32.0699
-6.7596
17.9225
16.9473
-8.4209
-10.2078
11.2016
0.1414
17.4750
-0.4963
-29.0785
50.0473
-6.3582
4.4039
-21.4801
10.0910
13.8062
-51.3783
10.0840
1.9969
4.5043
-22.9984
-25.4400
18.9613
1.4551
9.1006
-36.7676
19.4117
3.8656
5.6039
-2.5840
-11.7312
-6.2750
-13.4892
-52.6805
19.3885
-24.0797
-55.2633
-8.3892
40.8480
-9.7063
9.3201
-44.2236
16.7609
-2.9383
-22.2000
-12.9789
-26.6926
37.9133
-1.7780
-53.9711
10.2484
2.8650
-24.0639
30.1750
12.9863
-5.2994
44.5070
-18.7906
-8.7433
0.3004
19.7090
3.8551
-11.7523
-51.9808
26.5812
-28.5516
-19.9656
-13.5918
12.7195
26.5953
0.5965
25.7125
0.4260
-51.2930
-17.5449
-52.6391
-26.9537
21.6887
-27.9891
7.4379
-0.6361
11.8856
-22.2102
13.3059
20.3031
-4.6156
-38.5634
-9.5195
-18.2946
2.4534
-46.3375
10.8824
-18.9207
7.5641
9.9797
5.6960
1.4321
-9.3183
-23.7730
-30.0408
-37.3672
1.4742
3.8594
-47.3559
-14.3867
21.8129
-15.4273
-39.8961
-10.2747
-22.0621
-23.3099
0.3870
-27.4158
-13.4680
27.6570
-6.8320
35.2262
-7.0609
3.7660
-43.6039
-12.8917
-31.6543
-18.5111
-30.0089
26.0031
-5.8068
-42.3078
-16.0090
-4.0854
0.3244
-31.6172
-37.5289
-20.4125
11.6262
3.2750
1.3742
19.6988
-9.2239
3.1645
2.8449
-38.5656
-45.5289
-7.6380
-26.5676
4.5158
-18.6008
22.6465
13.7166
-1.8578
-33.4496
-3.5482
30.2893
-19.6375
-39.6730
-28.9813
32.8867
-8.1415
-5.4887
7.5156
17.2563
-31.1352
-36.4742
-52.8391
-14.4703
20.2766
-18.4409
-3.7164
-47.2766
-0.7180
11.0156
19.7574
-20.4562
-2.9211
-23.8914
-20.9000
-11.7884
19.5051
1.6498
12.6088
-29.1691
28.4095
-35.0773
-6.7715
-37.9680
-28.2926
-34.5656
-10.7105
4.4745
1.6344
11.9314
-21.9207
-10.2092
-43.2840
-1.2695
-0.9180
-19.0738
-37.7816
-21.1418
5.1669
4.8764
-16.3926
-1.1795
6.1687
8.9347
-0.7620
23.5197
26.9348
-12.2888
23.3863
-41.3055
-33.3537
30.1449
-17.4000
2.6223
-11.9258
-22.4172
16.2431
-42.6203
5.2440
-19.6227
-20.8404
10.1388
-3.5917
-29.6941
-31.7004
-9.4956
-33.9648
-25.1129
33.5627
-19.7305
9.9125
-0.7852
-15.0117
-29.2492
-4.0512
-53.0945
-24.8367
-13.5547
-5.8313
-44.4266
-7.3834
2.0425
2.3156
-10.0316
7.1359
17.5711
11.9383
13.6535
16.2141
15.9336
19.7744
-19.1352
3.4330
-36.7355
11.5988
24.2423
-55.0180
-28.3555
-40.4883
-10.1645
5.6871
-14.7334
1.7336
2.2115
1.9492
8.8852
-0.4074
-50.1195
-1.4834
2.7506
-23.1508
16.6707
15.2174
-3.1820
-19.9594
-6.8434
-13.2828
-39.6039
-33.1227
13.6691
-34.4441
31.9039
9.0204
-34.5336
13.0934
4.6742
-0.6136
-22.1738
-17.7797
30.4180
8.7918
-8.7688
22.2070
-25.3580
-50.3375
6.8594
5.2350
-21.3531
11.1590
18.1562
7.6430
1.1547
-16.6867
9.2718
-37.4219
20.3613
-3.5980
-21.8859
19.8126
-25.6999
-41.3906
-40.8891
-21.2158
8.2483
2.3055
-6.3598
-46.3164
-40.9109
-14.2449
17.1645
4.6941
-6.5555
-25.9250
-21.5998
-21.3277
1.2453
6.7439
-36.1281
-0.0656
25.2188
-51.3367
26.0656
-38.3104
-10.6156
-1.9246
29.9996
-3.8047
-26.3734
29.2051
-5.7092
7.9541
-15.5883
-49.2203
-28.9891
-17.0438
41.5652
1.3719
9.0871
-2.8051
-10.9137
-48.3512
26.5680
17.0914
-29.8523
9.1270
-2.4361
-4.0096
-33.7805
-12.1169
-32.1492
-26.6038
14.9477
3.2293
16.8540
-15.4305
4.1709
-24.3941
17.3727
4.8175
16.4422
1.8947
-4.6883
25.4754
-20.5145
-10.5023
14.3992
5.6609
-21.8972
7.0164
-9.5562
-9.9295
25.6766
-9.7477
4.8242
14.3555
5.5531
16.0908
-37.8922
8.5538
-17.5516
-9.0160
-45.3531
-4.5383
27.7180
1.5535
-34.7866
-18.8945
-5.0480
-7.0035
-18.1398
-25.4609
-4.2703
-6.7686
35.5219
0.8766
-11.1111
6.6348
-40.9430
10.6403
-53.6734
7.7379
-4.0284
-30.7781
19.1195
-51.2420
-17.7938
3.6176
30.9285
-14.3617
11.0227
52.5609
11.1309
-30.4949
11.5262
-31.6654
1.3219
-8.5668
-36.3320
15.7711
-2.9447
11.4734
3.1083
-7.6113
11.6062
-17.3055
-48.5328
18.1871
-26.9676
-3.3376
-6.3211
17.9027
7.0105
-28.2707
-29.8221
22.5453
7.8605
-24.1750
21.9770
-8.6436
-33.7344
27.2621
37.9488
10.2198
-48.0281
-33.5578
-10.8258
-11.8793
9.0673
-17.9596
-3.3695
-13.6477
-2.2281
4.3984
0.2840
8.7377
-3.8720
3.7786
33.1055
23.8918
-56.6297
-11.0531
-17.8527
0.8007
-36.1063
13.9520
10.3547
5.7694
-47.1016
2.8406
3.2410
-31.0008
-36.6340
2.2710
-36.4984
-34.5773
-6.8387
1.0371
-21.3229
-26.0255
-17.9523
3.0490
4.2598
-16.8668
-56.0281
2.8980
-2.2898
-24.2746
-39.6992
-25.5523
34.0926
8.8148
-11.3843
-18.4055
-33.2623
14.2463
-27.2414
1.8914
16.0484
7.8465
-45.8508
18.3783
10.7129
0.8211
-3.8168
-35.3145
23.9227
3.7875
15.8129
-14.5410
30.4000
-0.4354
-36.3563
-27.3605
-4.4879
-24.8406
-35.8102
-33.0104
20.9595
-15.9008
-21.6508
21.4512
-16.7105
-46.7957
-23.3654
14.9914
8.7109
-13.9426
18.4380
-34.2344
-58.6227
5.9314
-20.1211
-41.3711
-8.4052
-27.8064
5.3043
-25.3354
-2.0664
9.5754
-3.3757
0.5402
-0.9145
15.1916
-55.4086
10.9332
-44.7984
-34.3508
9.5543
-22.6387
41.7492
-42.1086
-4.6937
3.4376
0.2354
-15.2082
3.8563
-17.1404
-4.3378
-7.1347
26.8797
11.3094
-19.5281
-15.1160
-54.5883
-5.4336
22.9992
-19.7707
-12.5471
-21.4234
-37.1477
0.5059
-29.0578
-26.9590
21.6770
-26.7273
-0.7678
-46.7828
-26.9344
2.9422
-12.7359
-42.3871
-36.1195
8.9400
-30.0000
-15.3766
-52.8227
20.5457
-43.3234
-25.8660
48.0898
11.2276
-22.6301
-9.5329
5.5762
34.6941
-2.0211
-6.3102
-4.0695
-8.1596
-45.1164
-24.3234
-20.3469
-40.4648
-47.5656
-17.7482
3.0680
12.1076
-22.5609
8.6848
-9.3672
0.7488
-37.0223
-11.9386
5.1984
-7.8344
-27.3012
14.7488
-16.6277
-27.3232
-23.7164
20.7402
-43.6828
27.7680
28.0195
15.3471
32.8040
-28.5656
6.4909
-2.7590
-28.9891
-23.3798
18.4906
-9.1766
-24.8869
30.7734
-3.5542
-32.2098
-27.4586
1.8854
-28.2613
26.8490
5.1880
-30.1082
7.0890
-45.5609
-5.0391
-33.8691
3.5580
-9.9227
-32.3418
-13.2109
-0.2531
-19.2484
-20.4137
-8.4494
28.0285
22.8078
4.4395
22.6875
-9.3426
16.1262
-29.1555
13.6893
17.6883
20.0359
-33.3797
-24.2063
-17.4164
-38.3063
-34.7953
-48.0486
-16.6785
-3.5258
-44.2008
-17.7910
-20.2428
18.2797
1.4277
32.3422
-18.7002
-12.1875
8.1883
9.7760
-0.2140
-19.9271
-3.7226
4.8250
14.4340
18.2355
-14.7893
-14.1301
-33.9492
-3.4824
-10.9812
23.3383
-5.0719
-8.3340
9.8225
11.9773
-0.3074
25.8172
8.9488
-37.3930
-44.9109
24.8242
11.8191
-22.6180
-7.5777
-20.5764
-3.0195
-28.9362
-23.8113
13.4285
-18.5480
-31.0328
-16.0447
19.0469
-17.8563
-32.0902
8.3465
-20.3539
8.8533
17.7000
22.1832
-29.7500
3.7946
-19.2742
16.4289
2.5402
-25.7690
6.5916
8.8041
9.5961
21.6059
-17.1496
-6.8828
-6.3031
-18.3627
-9.3773
5.9602
33.4570
38.9289
0.1522
-37.0163
29.2855
17.8691
-37.9145
-29.2324
9.7531
-6.8383
-37.8937
-53.0508
24.5672
20.9375
8.8629
15.2469
23.4006
-55.5008
-14.7508
36.2660
-7.8992
-23.0473
-2.4343
-55.0859
13.5266
37.7488
24.5764
20.2862
-17.1578
-8.8004
-34.1289
0.3359
-30.9531
-33.7950
-17.8799
-3.2111
-28.1488
12.5203
-43.5297
3.4130
1.6102
-17.1598
-48.2188
26.1391
12.5984
14.2645
-37.2785
2.2609
-9.3129
-32.4258
-8.4957
-16.0258
-13.8695
-17.4251
17.1968
-56.3492
-12.5375
-31.3758
32.1609
13.3055
38.2250
14.5258
27.6109
37.9926
-20.4867
-9.8504
4.9469
-23.1945
-6.6191
-16.9203
-18.0730
-1.5269
7.7004
-22.6359
-51.2336
16.1621
25.7492
28.0184
-3.6404
7.1141
6.3854
-38.2578
-27.8945
-27.6812
24.2680
-16.9582
-16.8177
-26.6797
15.3180
10.0785
-42.8328
8.9638
-40.2516
-5.2449
-8.1691
-5.6380
-8.0896
-4.1320
12.6020
-41.2914
-19.4246
-28.5367
-22.9273
-33.7203
-12.2559
-13.8133
5.9359
2.4105
-11.6129
15.8613
-12.8607
-39.3578
9.2940
-24.5906
-11.8211
12.5715
-6.0191
19.7070
-17.1668
-6.5518
2.9465
10.0860
9.1266
-37.7973
4.6848
0.2240
-4.8602
-54.5547
-30.2202
-5.0862
27.6586
-21.6973
48.7383
-20.6234
-17.7863
4.2797
-3.6597
29.3027
13.0668
-29.4051
10.3660
2.5055
-12.7887
0.6150
-23.3813
4.6254
-20.9303
28.6844
-9.3673
-41.3141
-54.8297
-22.3391
-39.1500
13.4713
-22.4594
-37.5180
-15.6275
-25.6992
-34.5437
23.0242
4.8779
13.4336
-8.0271
18.6562
-2.5426
-16.1100
8.4434
-25.7563
-44.2043
-10.9779
-12.8002
-27.2359
-3.1243
2.4229
-17.3625
-44.1484
-44.9835
5.0625
-19.9797
14.0984
14.8547
25.0102
22.0879
5.4825
-24.4760
9.2176
11.3484
-22.9521
-37.8695
-12.3805
42.1633
0.4250
-40.9562
-25.5895
-20.0273
19.6358
-13.4259
-3.9406
-31.6734
-2.5365
-4.7656
-43.4852
29.8070
11.8109
26.2129
-20.8465
9.3721
-14.5461
-10.3770
-36.6617
-17.7320
-7.2129
1.9125
-3.5118
-24.8242
-53.7023
31.4891
35.8883
13.4547
9.6073
-13.5447
-32.1969
-31.0449
11.1559
-34.7059
20.8982
-13.0148
-7.6104
-0.7000
1.1327
11.0938
0.5502
-1.0311
-4.1842
-4.9289
-8.6173
5.5418
8.1535
7.5508
-11.9871
24.8305
5.3336
-47.4437
-46.4391
1.0652
-15.2699
-0.5771
-0.5984
-31.4430
-31.9246
-2.2723
-9.3205
-22.8672
33.2320
18.6536
-10.0484
-27.9781
-46.8930
-28.4805
-1.2809
-22.1423
-6.9729
-3.0324
5.0871
9.0094
16.2359
14.1945
41.8141
-32.0625
21.7262
-21.2383
-35.5523
0.3773
15.7020
40.5277
17.3072
-33.9699
-20.1961
-14.6750
-17.4809
7.5529
-11.5902
-22.2148
-36.4055
-17.0104
-36.0688
12.9449
10.4082
-21.0104
14.3859
-8.9627
-8.2906
28.9266
-11.1250
-8.3680
-39.0480
31.5766
-3.4291
-8.6201
-10.4602
-22.3992
-0.3000
44.8945
-12.5359
18.7379
-50.0977
-12.9469
29.0957
-0.5813
-42.3617
4.5352
-18.1501
44.7078
32.9105
-12.1696
-33.2203
-11.8301
49.3773
6.8870
2.5357
8.9669
-4.0273
-12.2828
7.1880
1.2326
-7.5108
17.5340
-46.7969
20.6282
-17.1795
-9.3945
16.2055
10.1801
22.1770
20.9469
22.2149
-28.2075
12.4193
4.3605
-8.0486
5.2494
-2.4820
-8.7609
13.3797
15.0594
23.7187
-20.6766
29.3326
33.3877
22.2195
30.5141
21.4547
13.6410
-13.2982
-8.4699
28.8242
7.5689
-12.5117
-42.0633
-15.6934
-38.8875
-2.2625
-9.0734
-42.9586
15.5086
14.9094
28.8293
-23.9961
-39.7288
25.2313
3.0059
6.0855
1.0354
-41.1906
43.7023
24.9789
17.1746
-41.2336
-17.3031
-32.6656
-13.7863
25.5242
12.0250
13.7688
6.0062
9.9867
4.8047
-22.5051
37.3852
30.1758
-8.0609
9.8586
31.7484
40.4705
-14.4969
-46.4344
48.7305
9.2350
18.3961
35.2023
-15.5557
41.3398
38.2965
-5.0648
-15.2430
13.8323
-7.6054
-20.1812
-30.6420
31.0508
-30.1570
21.1010
-13.5219
30.1152
5.1744
-11.0539
-4.0785
-47.3168
-4.9510
-53.9086
-21.8430
-19.2742
-10.1577
42.3563
-20.4336
19.4750
24.9023
-0.7549
20.6094
32.6658
12.4043
17.7000
17.0023
7.2812
11.4840
-28.5008
-42.9609
-2.4367
-4.0381
-7.4960
42.4313
35.3301
31.5273
28.3891
-8.4410
27.9637
-24.2250
-15.9283
11.5453
-29.1785
4.6479
-21.6357
-18.8164
-5.1152
-23.8430
33.8520
-14.7121
-15.2510
-13.6946
6.2041
-48.7445
-32.2445
3.2998
-34.5930
-34.4922
-17.6574
-39.8839
40.8764
-41.2102
-36.1742
-2.7258
-35.7076
21.7944
-30.6121
24.7047
43.2191
9.6926
38.1113
-28.4555
36.4492
41.1742
37.4141
-5.3418
-1.6991
-11.5310
-27.5590
-13.4637
-44.9983
46.5291
12.1699
-34.7906
-20.8924
-22.9047
11.9862
13.9479
51.5916
-28.0625
-8.6488
-44.5645
34.7543
-9.3453
-38.9414
6.0383
-26.1074
45.7959
-16.8643
-34.3906
31.1227
-2.6480
-55.1773
-23.0953
-28.2797
-25.5402
24.2652
-49.8250
-4.0575
-47.3438
-33.5102
14.8977
16.9602
9.1719
31.7782
4.8735
-29.2308
16.6055
25.2141
-26.0914
-11.8723
5.7336
17.1740
-5.3719
-36.1727
-40.8937
-6.1205
-41.0852
15.4961
40.9883
-30.5367
8.1129
43.4375
15.1852
21.4668
17.0824
1.0965
-28.1949
34.5297
17.7813
-12.4312
-16.7310
10.9246
23.7039
7.3568
11.5529
26.4196
4.9703
9.8828
-18.2594
-56.5883
-22.3805
22.2969
4.9863
1.3395
-3.1324
2.3496
4.5781
3.1930
20.9199
-43.1824
55.0850
-30.0500
8.4094
39.7164
-10.1086
-9.6305
18.5617
44.3547
55.9477
9.6223
-27.8973
-1.1820
21.5832
-36.0094
-4.2156
-16.9320
-8.6426
-20.8400
-2.9834
-1.1807
-23.6246
-13.6543
12.2660
-23.6555
28.2484
6.1467
-46.0125
-27.5934
-7.3420
-5.2551
18.9348
-14.1531
-20.3203
-28.1945
-25.6297
49.8523
11.0883
20.4156
37.1820
10.9664
-4.5506
1.1332
-19.8231
-44.1656
14.6687
31.7230
-36.2422
-47.3803
14.1055
10.6906
-26.1402
-23.5348
34.7449
-27.9949
-47.1401
32.7973
-40.6293
23.3438
-26.1777
-13.0973
6.6516
10.1500
-15.3066
-4.1969
-29.0902
38.3859
24.6109
-9.9609
12.9163
-45.1740
5.2443
2.2760
-35.2961
-42.6234
-13.5729
-11.2203
25.3422
23.4004
-47.4418
12.7652
-42.3586
-39.1691
8.4830
-52.6070
-34.8844
-51.6219
-15.7586
43.0805
-10.5312
11.1746
-5.0734
-27.9141
9.7496
-6.4637
-10.8775
-17.3302
24.6504
7.0402
-3.1672
-24.8358
-8.5172
-35.2992
-4.3727
3.6622
-21.9516
-17.4232
-43.2785
-12.5063
-38.9414
-3.1646
5.2420
-38.8575
18.8195
35.4506
12.4072
-34.8187
-37.3312
-11.0918
-48.8543
4.0480
-60.9148
-34.3551
26.4668
24.6422
-31.2641
-11.3306
-43.9938
-12.7500
5.0127
1.7481
-37.9266
-30.3895
5.8187
-4.0184
16.9578
-3.6466
-29.7836
-25.6926
-38.5563
-22.9414
-18.2020
-5.0859
7.6734
-44.4242
30.5773
0.1106
-13.3576
-15.7539
-3.8688
-47.1641
37.0645
-27.8854
-46.1852
-6.1354
-16.9936
-16.6984
60.6854
-25.7488
-2.6566
29.6773
-42.4750
11.2051
1.1148
-1.4937
-5.5152
9.6404
-5.4016
4.8799
-61.1797
43.4633
31.5320
48.3102
-17.7197
-19.1609
23.7094
-4.2936
-24.1809
14.2566
-32.5844
24.7445
12.2082
15.8587
-30.7414
-4.8451
-4.1929
7.6953
2.2740
-40.2453
18.5094
33.7814
-31.4643
47.4156
52.4336
26.0617
42.9799
-56.6875
33.7492
42.9125
26.7162
-50.4070
-32.0844
-59.4984
-22.2398
20.5953
-21.2223
-6.3999
-32.5031
22.0625
21.9359
33.3086
11.2758
-8.5093
-45.9877
8.4020
32.3508
30.9523
-2.2117
-28.2121
-15.0207
16.0867
-14.5670
51.1141
27.9426
18.6051
41.5988
-16.7414
-26.6871
-3.8656
4.3187
-51.8305
-11.6949
-15.4224
7.6652
16.7402
-36.3750
28.1930
-15.7633
-12.7777
-7.5781
-1.7609
-13.8781
-47.0070
33.4137
7.2334
5.4508
10.4789
-1.5689
-17.9193
31.9859
8.5044
-36.9473
9.8258
16.7992
-17.4455
6.9555
-14.9997
43.1613
39.7258
6.9283
9.0105
3.8723
-32.2898
-13.6959
43.6047
38.6754
-8.3746
11.9883
46.6641
21.2250
4.8710
-15.1117
-6.1328
-25.7746
-34.1617
-31.2227
-52.7637
23.8051
6.0229
-26.5891
-3.2076
31.8156
38.4105
33.2983
-1.9225
-21.6051
-0.0590
12.3414
30.5445
11.9738
-22.4717
28.9551
-4.1289
-9.5055
-8.9203
38.3265
-43.2587
11.4838
-15.5870
-26.8750
-22.0797
29.3516
42.1469
4.4734
-8.5480
-4.9184
16.1777
-20.0617
1.7465
-17.0170
-51.9667
32.0496
10.3553
-4.3641
22.5242
8.1363
-14.4104
11.3607
-29.8057
-51.1156
0.8184
-14.3918
-48.9230
-5.8027
-21.7191
-7.6672
44.7953
28.7781
27.8203
20.8002
-10.7701
-40.1172
17.9703
44.1590
15.4766
6.0144
-56.6937
16.2322
-14.7135
-45.6055
-2.3016
40.2586
35.7617
37.9398
14.4340
29.0594
37.7148
30.4391
21.9344
46.1605
-15.1164
-1.2188
-12.2156
1.9191
-32.3902
21.3211
1.7000
-36.8406
18.5922
10.0225
-48.0468
46.4406
23.2277
10.3434
-2.2367
-39.2852
-18.4813
55.5523
-46.8234
-8.7402
-17.6539
-38.7305
-15.6984
-44.7723
34.5904
-8.1061
-38.8020
1.4064
11.4748
-7.2238
-35.8328
-14.0949
4.2389
-46.9391
-28.6145
-14.9967
36.2773
-1.4060
36.6388
-37.3172
-37.8836
21.7203
26.3563
8.3859
24.7537
-13.9453
-27.8283
34.2602
20.9930
-27.8312
-2.5633
27.2764
30.2453
32.7805
40.4313
26.3930
-51.2031
-21.9438
49.8250
-11.2789
-6.9469
-45.0875
-6.4852
-4.3133
28.1664
11.7098
-30.1930
5.4617
7.3895
8.5363
-1.7102
-55.2391
15.3883
7.2635
-24.1297
-26.6445
-8.0555
14.9992
-1.9753
3.2195
56.9844
42.0809
16.9696
5.3469
11.4377
-27.0734
8.7500
29.4965
-21.5777
-9.9094
-13.8697
-38.7664
4.4107
-8.8977
-20.1805
-16.2098
4.0906
12.2961
-22.2961
-49.8291
4.2199
-30.0727
-45.4523
-4.5879
4.2333
-44.9461
49.6492
33.2125
27.9156
15.3072
-4.6414
-35.1148
-0.1313
-16.5281
0.8367
-47.1914
4.3338
8.0603
12.8044
-10.8555
-9.0383
-9.8633
4.0557
-14.4168
-31.6430
31.5633
35.4719
34.0117
35.8930
18.0609
2.9055
7.3138
-40.6383
0.3527
2.2039
-22.6408
7.5901
-41.6945
11.0074
-17.9347
-50.4514
18.4328
23.3773
-0.0769
-17.9027
-10.7773
46.2367
27.9289
35.4516
-17.0262
-5.4980
-48.8224
-6.7676
22.5228
-38.3223
43.6906
8.1344
-17.8851
32.7747
-57.1020
-24.3410
5.1078
10.2371
-15.3846
6.2090
16.1066
-20.4824
15.9156
-8.1558
-0.7172
32.7297
32.6961
27.0601
18.4838
-27.8383
19.1891
-31.5629
27.8906
45.3227
31.8301
-1.5016
-0.2033
-40.7402
-11.7109
-36.6141
-10.9617
3.7263
-16.5668
-16.2102
-43.8227
1.7669
-17.6510
-21.6977
-9.6906
-3.8328
-51.2852
47.8445
52.1531
4.1293
-24.9055
7.3141
17.0547
-39.2371
17.1285
-30.9723
24.0051
-5.0520
-28.9791
-2.5398
-15.0754
-13.5696
15.6719
-9.7262
-8.4570
-46.2680
13.0742
-4.7645
-21.3559
-13.1043
49.5187
30.8070
-7.9570
5.7390
-23.3678
19.4609
-11.8891
5.1930
-14.2839
-7.0805
-10.3918
-4.6363
-5.0477
48.8773
55.8461
5.5547
-18.8461
4.5551
5.7527
-15.4336
23.5402
-8.4736
-20.0562
6.2152
33.4437
-37.9758
-20.0774
11.3783
-6.0238
-5.4484
-31.8225
-19.1411
26.7500
31.3074
7.7861
-17.2840
-36.3773
42.2609
49.3957
15.0766
-5.3988
-10.1590
3.2786
-43.0516
-36.9305
-21.3887
12.5095
8.9875
-27.0063
-10.7945
16.0271
-47.1172
35.4375
58.1937
41.3051
-10.8297
-11.1834
-19.0063
-45.8977
-22.7812
-7.4758
12.9311
-23.6285
-34.4258
-1.9917
-32.5520
-12.1297
-26.7922
-16.1039
6.3531
16.5055
-38.3863
26.1211
42.0086
49.9688
40.2991
-47.7156
-51.5625
-19.9877
-33.3888
-15.4874
2.8166
-1.9166
28.0727
15.3168
-21.0608
-15.5512
-8.3445
31.9813
39.2702
-28.1328
-52.9555
-13.3602
-15.1434
31.2445
26.4656
21.7285
-14.7379
-12.2727
-1.4465
11.7141
-1.8623
-21.5699
3.0117
-6.5270
-17.8262
7.2125
-6.7379
-39.9879
20.6727
-18.6598
15.0430
26.1883
25.6930
34.6035
-36.4031
19.7359
35.0986
9.1922
-12.9451
51.8258
32.8961
56.1297
21.3387
5.6562
-43.4766
1.9555
36.8047
8.7672
-42.1451
-29.3961
30.0555
-21.2346
-14.6844
24.2485
-39.8773
-3.0293
6.5260
-5.8926
-3.2582
-37.9431
6.2467
-14.3023
26.8264
-17.2227
-25.3477
19.0746
9.4125
-11.8646
-12.3391
21.1117
17.3211
15.0984
34.7805
-0.7917
-30.3096
15.0801
-14.6812
-56.6594
30.3882
-33.5912
-9.9777
-34.3586
2.5918
-25.3125
-22.9883
45.8438
-47.7680
4.9229
-47.0648
-31.5814
52.0680
-3.3277
2.8762
-1.1810
-17.6258
13.6477
-7.5436
-3.7121
18.9469
-5.6250
-11.0441
-14.4914
-14.4464
17.7295
-41.9594
-5.5297
-12.0246
-13.1323
1.8130
-8.3107
12.5172
-50.9379
42.4949
-42.4172
-39.2125
6.8414
7.6227
-9.7902
-42.6775
37.9297
6.2588
-18.7236
-13.1762
-4.1531
45.2852
23.6820
42.5016
-0.9270
-33.1047
-11.9578
-9.8756
-31.4324
33.4758
-6.8578
-5.2512
-24.3613
0.6695
14.5398
-41.8793
3.4049
-3.9118
-18.6139
-10.1656
7.4242
-4.2084
14.9863
2.7781
-11.0016
-7.9672
-13.4977
-57.3125
37.8773
42.8281
39.4535
14.6555
-52.0027
-9.7549
-31.8172
52.4031
-0.6045
-26.6125
-12.0711
3.2793
-7.5324
-46.4578
-50.5602
-15.5937
11.7295
-7.5107
-32.3219
-30.0578
18.1797
-11.7617
-3.9203
-48.4719
20.2371
-19.3781
-6.8867
2.6826
-24.4625
-37.9711
-11.4681
-16.9074
28.3758
40.0609
54.0430
33.8551
5.3848
2.4266
-30.3850
24.3895
-15.1797
-6.7996
-25.9740
2.2406
-34.9957
7.6501
-37.7508
-15.6672
50.3137
11.3923
4.3543
-48.2672
-49.7953
-55.7687
18.0471
-36.7219
17.3114
-49.0195
11.3494
-43.0469
-6.9727
-12.2063
-54.5016
41.7812
9.0555
-16.8188
19.6098
-24.5473
51.3211
33.5008
-37.0711
-18.1508
-15.4318
7.6660
6.5094
32.5977
12.9820
-15.3654
23.5801
-6.3375
44.1859
0.8308
4.7266
23.9137
6.6953
5.8926
32.1320
9.7199
3.6207
-48.3867
8.9547
48.8867
3.7200
7.0312
-32.9792
-18.0875
17.7586
9.9430
-28.9367
25.3219
39.0363
-35.1016
-14.0353
-37.6953
-9.0844
-23.0395
-2.7707
27.3461
53.7844
39.7094
10.2297
-28.9914
-22.6820
12.9227
32.9789
6.1709
8.3969
-56.3711
6.0039
37.5266
30.2352
18.7336
18.7188
-24.7598
42.0980
22.3789
56.9594
41.8383
28.6387
-48.3148
6.4540
-12.3742
-18.4180
-32.7234
-20.3836
46.7617
-33.5918
-4.2492
-4.7941
-30.1930
-3.7621
-6.6145
-19.7861
11.3672
24.0473
-5.7027
-5.0422
-22.2883
-27.8211
-23.3687
-46.1312
-0.5340
-33.3883
2.2371
-13.2966
-27.5336
8.4719
-6.6973
-46.1350
-14.7133
36.6688
-1.4035
-7.9832
-14.4428
30.5492
-47.6000
-19.1414
39.9764
-3.8594
-17.1633
-5.0324
-13.8086
-4.5666
44.5625
14.8883
33.9422
20.5371
-40.3531
9.3969
-12.5665
-37.3586
21.5906
35.9094
38.2180
10.3898
20.7156
46.1773
53.2533
-56.3469
19.9617
1.8744
-1.7204
40.7047
-6.1049
-9.5520
-35.0965
25.9379
19.1576
30.4883
12.3836
43.9461
32.7867
30.8719
45.8387
-34.4039
-53.5344
-7.6994
14.2922
32.5379
-57.0086
-24.9379
44.1703
-16.4758
3.5300
-26.8867
55.2551
-27.0102
-39.4383
-5.8410
1.3117
-37.5695
39.8375
55.3086
-43.3703
-39.1605
-15.4959
-9.2000
9.4055
-4.6117
47.9252
-51.4070
-22.4719
-9.3875
-23.2172
23.8211
15.2767
-44.0301
-20.6980
-3.7478
-28.9213
-3.5430
13.3888
-20.1854
-12.7208
-1.9510
-18.5610
4.8726
-38.4281
33.1109
49.7255
-13.2269
-21.3477
10.9994
1.8898
30.1688
-7.2996
-24.8895
0.3266
-7.8852
21.3383
-5.5023
23.4031
27.7422
20.9312
24.1844
-14.0043
1.3328
-4.7115
0.1797
15.1658
-16.9555
44.4336
9.9449
5.0254
-2.7220
-22.6641
55.6352
30.1824
-0.4609
3.2766
-10.3232
52.2430
-4.4313
-5.9205
-12.0005
-8.4436
-22.5521
43.9770
22.4793
-13.6414
-12.7785
0.2434
-13.0633
-53.3297
21.8244
-20.1781
-32.7633
5.0383
-50.2195
-1.7276
-15.8150
38.3608
-46.7305
0.7363
-21.9992
-35.3148
39.1914
-46.4156
-5.0938
-5.9805
-60.3109
-20.4383
-9.8871
-24.9281
-26.7141
2.5537
-26.1375
-33.7281
31.1528
-26.7496
2.0938
-54.1258
-35.5602
13.6101
8.8094
46.2680
42.4289
2.0305
-44.1148
-0.3176
-18.8154
24.7203
3.5336
0.9273
5.9176
-37.1043
22.1803
-14.6156
16.5987
-28.4305
22.1949
22.5477
13.1030
-5.1941
2.6643
-6.7882
-41.0797
31.5430
-34.4227
-21.3533
-4.1070
-21.6441
-19.1156
16.5414
-53.9547
3.1077
5.1867
-47.2945
24.3062
48.1141
48.5641
33.6336
56.8133
14.9805
2.6828
-14.5648
-16.8070
7.9598
-15.5170
30.9266
24.8494
26.4781
40.2227
33.8316
3.3430
-52.4453
56.6156
-35.2359
-3.7797
-34.9492
-1.3309
-38.6794
-16.8660
-49.1098
-5.4906
23.5644
-11.2855
2.7008
-21.1049
-11.1777
8.0040
-25.4410
25.6391
-16.9750
-1.1898
1.6688
5.8494
-21.9930
9.0852
11.2330
-11.6359
33.3937
43.9395
2.1057
-9.0957
22.8953
-18.2180
-0.5266
-26.2066
3.0629
-38.2445
7.5813
20.1250
58.5898
21.1680
25.6117
-24.2522
45.8320
35.0422
2.5241
-24.2828
12.0633
-45.0517
-7.9261
4.2238
-4.9075
-47.5089
31.4391
6.8445
-33.3109
21.7734
12.3500
45.6501
-52.3648
-11.9570
25.0859
11.9031
41.3809
-8.5570
-18.8391
-18.2039
27.9156
25.0625
14.9438
14.4875
24.7828
-16.9824
5.7927
9.8580
-8.0875
9.4924
-2.6727
0.9588
-0.7910
-12.5065
7.0250
-19.7906
5.9133
3.6445
-3.6617
19.9703
47.4383
41.1930
32.6742
-10.2523
-48.0641
-1.8094
15.7018
-11.0176
-45.2031
0.3207
-28.5129
8.3035
-45.8032
-13.1404
-48.0393
27.9641
10.3055
6.0406
-2.3348
9.6242
-28.8656
-8.9129
-11.1328
-52.5926
3.0730
-33.4217
-5.0891
-19.9605
-36.5828
38.1531
28.2398
19.6536
-38.0078
-2.2977
-2.7090
-3.7820
-4.2970
-15.3414
-23.7156
37.3750
-22.8867
-4.3211
-17.2166
-20.0164
51.9609
15.6375
-21.3984
-51.5008
22.0891
33.7793
-43.5085
17.1205
-21.9992
-11.4859
8.3269
0.0688
-36.3422
-54.3859
7.0320
-40.1987
-18.5831
-15.9621
17.9805
10.4734
20.7735
-13.1867
15.2234
25.3870
-52.3484
-18.6658
-22.9195
21.9680
-3.4117
-26.4273
30.8594
11.2808
-53.8781
-38.7875
12.1740
-1.6449
-32.2906
-49.1336
24.4910
-11.6285
-12.6492
15.5265
-4.2039
18.8459
-6.3172
-50.7766
-10.2748
-29.7133
37.5898
-7.8766
-24.2406
17.7023
-58.8852
22.0047
-6.3535
-21.3585
52.7414
11.9118
54.7320
13.9336
28.3176
7.4582
25.2465
6.5617
-23.3491
-7.8866
12.2836
29.5449
-30.1453
6.5141
16.9492
-13.9422
-48.3141
51.4547
26.1652
14.3492
-8.3150
2.5980
18.1375
-15.2855
31.8918
-53.4824
-3.4151
-50.5664
50.0594
29.8945
23.8598
15.4516
51.4516
-37.6855
-2.4329
25.5745
-55.9203
8.2819
-35.3539
-11.8422
21.4465
-31.3430
-19.3393
48.3820
-0.1451
40.1754
-24.2238
13.3687
-15.0973
7.4176
-50.5312
0.6098
9.1547
54.4148
36.7781
52.1535
-33.6131
-11.3163
-13.2023
-4.2426
20.3068
-24.7109
-7.5836
12.6531
39.0062
46.0867
9.9797
-30.2219
-34.2414
20.9273
47.1828
47.2395
-32.1602
-13.5000
15.6930
26.9266
5.2953
3.1363
-17.0156
34.0648
28.9535
13.8203
55.1820
68.2904
-49.3359
4.2836
24.4219
8.9837
-45.5094
-16.6135
16.7595
-48.8805
-39.5336
-56.8805
0.1322
-35.4852
13.8297
-5.7008
17.6013
-59.5242
-38.8320
3.9162
-32.7699
25.2602
13.2847
-13.5336
-1.7225
-13.6910
-4.8201
-21.5669
10.3551
11.0813
49.7109
49.0016
49.1152
-46.2789
-20.9102
-44.3526
-14.6762
25.8078
-3.7168
-28.1406
-20.0297
-19.3012
34.7781
31.0852
36.3820
51.9188
19.7232
-6.1188
53.4730
-22.1691
47.1594
47.3969
-15.3172
-32.5633
-45.9743
35.6227
-51.9461
23.4672
49.8125
-9.0943
-19.9445
10.9649
-56.1227
-13.4109
13.7504
27.4578
-2.9566
-43.7519
-19.2273
-38.6123
35.2035
-34.0820
6.7184
19.7086
-10.7829
39.4313
57.0727
24.9320
19.4449
45.9930
21.6172
-3.5367
-52.7453
-5.6516
10.6938
40.2582
18.8392
-56.7785
1.7090
24.5383
-9.1022
-1.7172
-45.8320
-7.7695
-21.7188
4.4781
-40.9773
45.9000
59.9125
50.2996
-36.2438
-1.2271
8.2645
8.6742
26.9248
-20.6418
-9.3223
21.1426
-40.2129
57.6945
22.5451
-18.9320
-23.0156
-0.2035
-24.5187
-45.0203
18.2279
-49.4152
2.9282
-8.3467
8.7937
25.8391
17.7809
-6.2262
6.8211
-11.9035
3.7986
-0.1852
-20.3055
-7.6371
50.1008
60.6738
49.6414
2.2512
-4.3950
-34.3461
19.7641
-9.1625
38.9773
44.9437
15.3504
-7.8383
55.9273
10.2344
30.7141
-9.8539
17.4961
-18.4398
50.7824
-1.0824
13.4973
4.7461
1.7836
-20.0383
-9.5339
-20.3902
-43.3641
-15.5711
11.7869
31.5656
29.5000
56.7875
-17.2746
48.7477
37.8672
53.9559
-35.1039
51.9375
-32.9031
-2.8426
-5.5476
-8.5378
-3.6547
-38.8797
14.6537
9.3051
-2.2847
-16.4461
-22.1338
-21.5480
-8.7656
-18.9337
-42.3594
-11.9875
-0.2092
21.1225
3.1434
-12.0012
20.3537
2.8357
-4.3492
-50.2078
-6.0016
24.2211
-18.7352
6.2695
-46.7453
21.7613
8.6887
5.9883
-28.6516
-21.0941
19.5115
-44.4100
48.0719
64.8867
53.3350
-14.8844
37.5563
-22.0258
-63.0047
-5.7706
-11.6586
38.4057
-39.7945
49.6227
53.2126
28.8376
-42.9437
-12.8109
56.9855
-16.3458
-11.5996
2.3920
-0.0494
-17.5381
-40.5070
9.2510
-23.7234
43.5613
-20.8547
35.3734
11.2953
-41.1422
0.8076
-43.1937
5.8430
-31.8945
11.7043
-16.0621
42.1840
-20.7078
-47.2586
-46.1356
39.3164
26.3695
53.2447
1.5218
6.2109
5.8074
39.2938
53.2828
8.1094
-48.3195
-45.3057
24.8000
53.9711
12.2336
-45.6773
-13.5393
10.7820
12.7727
0.2430
-28.4746
45.2516
58.4484
46.8922
42.3758
49.2289
37.5883
-39.1751
22.9953
48.7031
13.7430
54.0664
10.2984
16.0441
3.8920
-43.1083
39.4641
49.2604
-11.1805
-4.4723
-6.2875
6.7551
-44.4656
27.1047
43.4211
24.9758
54.5938
53.5727
22.6422
24.4867
22.2082
21.0692
-36.7836
36.1355
-20.7613
-24.1771
-23.6664
-16.9711
1.8045
7.0117
31.1346
-54.5953
-52.5062
-53.5984
-56.7664
18.8445
49.4953
59.6164
32.3635
-3.6318
-36.2797
-12.2922
-37.5609
-37.2664
-1.6008
-18.9329
30.2781
52.1230
-48.4695
-6.4602
48.4500
37.2695
22.3195
-11.5117
-32.7906
-16.4320
48.1754
-3.3141
53.6195
13.2153
-1.4596
-53.2422
56.1469
55.4766
28.1273
37.5078
4.6450
-13.0918
5.8156
10.3387
12.3883
15.8844
-5.5936
-27.2141
-15.2021
-23.3875
9.3780
3.2547
9.8219
53.0563
51.4047
11.2305
-13.0184
-8.2768
-36.7855
34.4148
14.8773
57.6070
52.1625
59.9672
9.2382
-9.7727
51.6211
46.8148
42.2799
13.6859
-50.6813
18.4156
-9.2949
22.0492
-33.5799
43.2404
-54.4352
3.8391
-21.3712
51.5414
41.4164
40.7750
45.9281
-7.4094
-16.4320
-24.8406
31.7477
15.0430
-12.5240
12.3188
36.9398
20.6262
-1.8582
-4.1692
-25.8234
35.2801
10.9230
-52.5523
-42.6867
-30.7922
35.4948
-52.3516
-5.1125
-4.0635
-2.4797
-55.0965
-19.7953
-61.3312
29.5301
-22.8393
-19.1012
-40.1898
51.7391
2.5180
0.7344
40.7836
39.5023
11.9750
-3.3563
39.4719
38.4211
45.0070
13.2344
-0.6992
-48.0539
-29.8326
25.9016
9.4387
-2.0234
-0.8625
-2.3598
-0.2267
8.6055
0.3187
-0.3074
-12.4359
-9.0294
50.4641
63.4188
42.6914
41.7023
33.1773
41.6750
50.9781
46.7367
-1.3737
-21.6605
-12.2427
-2.5969
5.6789
22.1437
62.4512
-14.9836
-17.0180
45.8191
48.8641
37.4742
23.6633
47.9547
17.0520
-31.2633
15.0355
17.6488
-8.0410
-13.7750
-18.5791
-32.8953
14.7152
11.8109
-11.1813
-14.5770
-13.9865
-35.1189
36.4074
-12.3395
-35.2367
-19.1000
9.5656
17.8637
-52.1673
41.0883
58.4422
12.7828
21.5297
-18.1379
-11.4766
-30.1156
-30.0422
-54.2000
12.1148
42.7102
-15.3535
-47.7426
5.4163
37.0773
52.7109
-16.7938
-7.4370
-34.2004
17.8641
-30.0887
49.3641
35.7947
-40.1684
33.1148
-31.5633
38.8625
19.0977
9.6133
-19.4273
-28.0551
-0.7484
-19.7047
18.8906
-50.5930
37.8672
4.4297
47.5687
27.8082
19.3650
1.1688
41.5636
-15.4164
9.9633
30.0047
21.2209
11.8715
-0.7563
8.5828
13.1969
57.2156
32.6586
-5.3957
-26.7391
-6.8871
29.1452
7.1395
-61.3133
-57.3367
27.8602
3.3050
-12.4605
-2.3914
-58.6250
13.6375
-23.4008
50.9543
-3.7015
-34.5008
-6.5656
38.1508
-6.1586
-51.5672
4.6771
40.7242
56.0852
37.0855
32.8555
-2.5746
5.5453
36.0398
-11.9727
-27.2828
4.0553
-17.0195
-3.9154
16.8980
-6.5363
4.3323
-41.0914
51.5148
51.4016
50.3234
52.6641
57.5348
42.9016
-47.2062
-0.5129
-8.6543
-19.9605
-12.1484
-26.3773
-15.5953
57.3680
53.3906
14.3896
-4.5539
15.4371
23.7898
-47.8098
-0.4119
27.0730
-17.0672
-44.5652
30.3852
38.9352
-22.5641
-62.0844
-28.7984
28.7508
55.4070
45.2102
42.3648
-2.9986
-18.5426
-13.2475
11.4273
34.8945
-20.3906
-53.2852
50.5406
42.3258
35.4781
57.6414
39.8922
-22.9153
-21.2199
20.7465
-9.9516
1.1437
28.4711
32.1539
-10.9094
-3.3971
-5.0613
0.9772
-42.6648
53.9758
-26.8641
-37.9918
-8.3342
-45.7383
16.8381
-36.4426
-19.8172
53.8148
32.7750
51.2820
40.7766
31.0543
-13.4781
-12.5059
-12.0258
39.9375
34.6609
45.5023
56.3547
26.9965
-5.6082
-17.7172
-7.7156
-60.2242
-30.1000
-20.2961
42.8770
-53.2930
29.5012
-46.5766
-64.2109
-19.1896
26.6490
-63.1602
-19.6789
24.2281
-2.3625
41.3480
35.1176
-38.9477
-54.1289
-0.3090
15.5477
40.0473
0.5502
9.8778
-51.8566
9.6135
-29.9027
10.0010
-55.0168
34.3348
9.1258
1.9469
1.0438
32.2742
46.8004
-11.3883
53.3695
-8.5348
-26.2938
56.9562
19.4414
18.5570
-23.4953
7.7633
42.7465
-54.6287
-4.1098
-42.4625
-15.7032
-35.2242
-36.9354
24.8168
-24.5961
-46.5770
49.2961
49.3289
-29.0617
-30.8180
20.7703
52.0531
50.4562
3.4195
5.5828
18.0969
0.4762
-36.0068
-20.2969
-19.2852
38.3750
-0.6922
59.1859
34.3674
-27.0766
-12.2000
50.6672
39.6047
-3.4133
35.3711
-18.5522
-1.8539
-1.5953
1.2516
-36.9305
17.7242
34.6900
-22.4609
3.9271
-12.8875
57.5398
19.7687
-20.9609
-10.6704
0.7257
-5.0098
-4.3199
24.2242
10.0809
41.7289
55.4148
27.6305
62.7820
8.1754
52.0219
41.8469
42.3578
47.1410
15.4359
54.8227
25.8634
-29.1797
-0.5025
-4.2889
-4.1242
-14.1398
13.0328
-50.6746
28.7137
-7.6695
-44.4559
32.9379
8.0809
-0.6836
0.7953
-44.3031
-3.1410
-61.5453
31.2062
-12.0375
21.4330
-29.8957
4.9844
42.3125
-30.9207
37.7500
41.9617
25.9688
17.6641
-18.6336
32.6410
-39.0914
45.3547
57.6906
49.0938
25.8131
8.6824
-3.9156
12.4750
-33.3954
26.1148
-60.7480
5.7012
10.7441
-15.6984
-9.8449
-31.3500
-21.3902
-14.8682
20.8444
-52.8063
-37.0914
-26.6613
2.4836
31.4008
6.6908
14.5359
-28.4160
-5.6297
-36.9176
-1.1953
7.5312
-33.0070
-37.1914
-54.0187
9.9902
18.1629
0.9219
-10.3383
2.6227
6.2418
0.7615
8.9338
-23.7707
11.2266
-7.0613
62.9266
54.1211
-0.5219
-8.1817
53.6609
27.7164
-51.5574
14.0305
-9.2098
-21.4754
50.1898
60.5938
56.8016
50.9922
56.9313
48.0992
48.7566
-23.4455
31.4931
-57.9887
-16.7758
49.6086
53.6625
33.3063
15.2377
-18.2799
30.7227
23.9309
-21.8355
3.8772
13.7521
-37.5492
-11.1457
-25.2242
5.6255
-19.2550
-4.8113
6.8008
-19.7367
-3.4246
11.3727
52.5594
55.8289
50.7715
22.7266
38.5203
52.8398
32.9262
49.4016
22.5453
57.2531
57.3250
41.1813
58.9773
12.3918
-4.0988
-35.0201
29.2141
53.5633
47.7320
4.0355
14.0453
-23.0992
-47.0125
-12.4207
-28.4660
-34.8076
14.4470
-45.1547
-21.2104
-35.3098
-15.8395
-32.1395
-30.0023
-3.8928
-21.6186
-7.3316
-3.2678
-9.4258
39.8395
-11.2578
-2.6594
29.1031
-13.5004
42.6969
56.4320
-1.7457
19.6922
35.3852
5.2406
-12.3012
4.9905
-26.4172
23.4191
18.1762
-28.4070
49.3215
-6.3443
-10.5325
-5.4488
-11.4259
-14.2215
-21.4062
-16.5785
-3.5070
23.4602
-9.9629
5.3070
-54.0184
-2.8375
56.8359
54.2438
32.7968
-52.8484
-47.6578
36.8172
-6.8162
-37.6055
48.2367
-0.5887
21.3370
12.1737
-10.9082
-4.7156
57.5922
-0.6325
-11.5301
-25.5539
45.8609
45.5105
-31.0355
36.1836
23.5242
-8.1969
-51.8375
13.6641
-5.3711
-35.1000
35.7164
53.4672
53.8117
-22.4822
17.6246
-0.8000
40.7773
60.9938
46.3789
3.9518
21.4680
17.8057
-17.0203
8.8188
1.0884
-24.3945
48.2766
35.9410
56.2727
38.9984
-50.2707
44.9344
-2.7496
27.7406
19.4354
-52.6336
35.8965
-55.3898
-38.1156
-19.8050
-12.0433
-47.5555
-10.1284
2.9740
3.8094
44.5094
-0.9977
-4.7758
-8.3988
54.1852
55.8500
38.1012
5.6480
-18.4789
-47.8432
47.4047
55.6180
53.6211
59.9672
21.5133
9.6719
60.6523
23.2188
32.2039
50.8430
47.7414
56.9969
-47.6789
1.4875
-4.5990
-28.3156
-9.7879
32.9469
-6.4303
-18.4305
13.9002
-48.8477
14.1875
-3.7734
-28.8949
-9.8672
49.4263
-36.2125
-43.2641
-30.4242
9.9517
-14.8242
4.1381
-19.2641
39.9688
58.6422
59.0949
5.0820
53.9039
58.5828
61.3678
-26.4813
31.0245
-57.0988
39.5984
35.3711
-30.8383
-27.6031
-46.0383
57.9320
57.9844
27.9070
12.5898
-13.9082
-60.9211
-49.8680
-4.8594
60.0945
35.5805
45.2164
51.1977
41.5316
21.4941
14.7251
5.9695
35.2781
59.2484
14.6946
-41.8555
-18.0063
3.3797
59.0477
16.3934
6.3751
6.9797
-46.4816
-8.3953
-54.6242
-14.8874
-14.4469
-46.9117
51.2492
65.2016
16.4296
-5.5148
-58.9523
-37.3492
59.2531
47.3016
-12.7016
-7.9828
-54.6023
-33.6188
5.8026
-6.6375
6.8076
13.4828
-55.7281
8.4836
1.0848
5.5457
-24.3297
4.4960
8.3047
-47.5477
25.2531
55.6305
-54.6160
26.9125
15.4586
13.7783
-30.5820
4.6163
-1.9383
11.1484
39.8461
-13.6672
-34.2734
5.0469
26.2789
33.7852
54.9363
-20.4982
10.8945
47.5664
-5.9460
45.8980
-38.9898
51.0430
20.5149
8.4516
21.2098
-38.9102
-51.0848
-9.1559
-8.5406
62.3125
44.3484
61.0375
49.5758
-28.8335
45.9648
38.9848
-4.8824
14.4109
-7.6596
4.9825
-23.0625
58.6266
2.8681
-4.2227
-27.4594
-61.8273
11.8780
-45.3422
3.9750
41.4297
20.9277
3.7816
8.1965
-50.3484
-1.0482
-4.3848
41.6875
47.8086
-5.0813
19.7063
-41.8703
1.1771
13.7203
-33.5844
-6.9852
-46.3504
-44.8438
54.5664
55.6320
-24.6590
41.9688
-11.6379
25.4158
-25.9801
-0.8195
16.4422
48.5496
-1.3492
7.2668
-12.7914
8.7570
-9.3672
4.5805
-29.6408
-0.1462
-46.1680
27.2969
30.8742
-38.3906
54.9359
46.1641
56.4391
57.3953
54.0933
12.1738
-0.3795
16.9473
3.6589
-5.5182
-35.0290
25.8873
-20.0578
51.8641
1.6719
-5.6729
-6.3875
24.0187
-21.3965
39.2986
-46.6970
56.6375
42.9711
53.8656
66.1883
10.9766
25.5516
61.3162
-34.3891
-22.8758
-10.3226
-17.0703
-40.4887
52.7412
2.1000
1.7080
-0.0369
-46.6766
6.7409
-42.4977
14.5871
-15.6391
-60.9961
53.2266
58.7250
25.4707
56.2359
59.1188
54.7062
55.0211
53.2250
47.2273
39.3602
54.3016
32.2816
0.7156
-7.1053
15.2800
-20.1313
-15.1531
41.6992
26.0844
22.4781
-18.0797
59.1086
56.5469
58.6406
36.7016
-31.8637
19.7098
-5.4195
-31.4648
56.2570
61.8398
-12.6627
-3.0406
61.5500
57.1746
55.3164
44.2859
63.7453
53.0875
47.6555
23.0816
45.7320
24.9141
30.7413
-22.1901
18.7055
15.3957
-66.0164
-13.4055
-27.1637
0.1023
20.2340
49.2313
46.8953
13.8302
-10.5406
-9.4864
-15.1629
9.9691
-19.9645
54.8617
57.8711
56.2039
59.5383
44.4844
46.1359
32.1953
-33.2486
1.9711
33.6961
-4.5703
14.2422
43.3383
57.8750
48.3930
-44.5289
10.6039
-19.1078
-49.1699
20.4553
-14.5955
1.1977
-18.6955
27.3028
-62.4172
-2.2313
31.7637
3.5893
-27.3031
18.9906
5.1730
11.2883
-42.6625
2.8594
54.6051
-7.9148
55.1922
12.2945
-19.6078
14.3537
32.1375
40.7828
7.7359
-32.0391
-42.0191
-2.4875
61.4188
51.4977
-25.2453
-31.4680
42.4641
34.8797
53.3289
9.0973
-28.1852
-27.4461
-46.4799
3.3433
-28.3570
-51.7160
33.8875
14.2688
-35.2117
36.5914
37.4539
34.3102
63.6367
-6.8813
-12.5789
-2.7548
-23.5250
49.8484
31.9937
-6.8438
32.4242
-1.7062
-45.4945
-1.2574
-8.1430
-0.6246
12.2367
-36.5742
50.9141
55.4250
46.8828
42.5086
52.2508
46.6289
-7.4868
-19.8531
29.9176
-13.0531
-18.8004
37.3117
30.1665
31.9222
10.4289
-2.5498
15.3145
6.1754
-67.7781
48.0469
25.6031
55.4305
59.6359
-1.6617
-15.6969
44.1547
57.0914
50.7086
58.9766
24.9328
-54.7758
37.0414
-6.9590
-37.0206
20.4701
-22.6656
51.7242
1.0918
16.3437
-40.4020
14.4762
-15.2465
-18.1461
-10.2656
-0.0812
-52.6809
-27.9844
-47.8906
-16.9496
32.0277
1.4463
-23.8414
44.2102
45.7008
51.9734
2.2184
-30.4598
7.1285
-13.1602
-35.2547
15.8480
29.1418
-14.6907
-33.9715
39.0527
-20.8590
0.2633
-8.9548
-34.3320
39.7000
47.4145
18.1656
-32.6137
48.2773
57.0133
52.1463
5.4678
15.2555
11.3582
-19.3770
37.7500
56.0539
55.4375
25.1504
22.7961
1.5406
-6.4363
29.7633
23.2625
5.1030
26.1824
2.3047
-57.4723
3.8609
25.0286
-47.3750
56.3125
1.5232
-51.7939
52.2422
54.2125
17.8742
24.1055
29.4746
-9.5547
-26.4906
52.1297
57.1969
40.3000
-6.3430
43.9828
7.5734
-10.5431
-8.4556
9.2203
-10.2332
16.0311
-4.3787
-53.3612
41.5223
-12.8795
26.1061
9.1727
9.7895
-56.2086
0.0734
-25.4865
-45.2719
-6.6531
53.1664
6.8854
24.6070
24.4418
-0.1538
-23.1506
25.1133
36.2816
14.5961
-51.3937
-59.6934
-17.1322
47.2953
42.1000
53.9902
45.9555
62.1602
40.6437
18.7836
22.2227
-6.1434
17.8211
-35.1656
2.7391
33.3203
50.7867
39.7797
24.9914
-5.1734
-5.5281
-43.8992
-3.6840
55.7250
52.7469
51.5938
48.3055
41.0883
12.3559
-11.4266
42.7680
8.7410
-6.0529
-17.8789
28.2898
7.2008
64.4109
56.9836
48.1906
62.8844
54.8961
-6.7789
58.5766
60.8789
61.2625
28.3250
45.8172
52.0758
49.6500
28.8625
38.1766
-15.3867
61.6852
54.2469
38.8820
51.5703
10.9930
16.5938
8.7122
18.8441
2.4945
28.7613
17.5017
-24.2117
50.8602
22.3367
-19.9278
11.7531
-29.8034
-1.7695
39.4102
30.1469
39.5754
-6.6090
9.5457
9.9695
-4.8883
-3.7779
23.5021
-54.2301
12.0430
5.8195
-18.2625
-13.3379
-4.5375
51.9125
3.8312
2.7609
3.3189
5.9909
-12.6492
-35.9203
-4.9057
-38.3008
42.5281
62.9258
18.7617
-56.3184
13.3836
10.3910
20.5328
35.2262
-12.3645
-23.2408
45.6430
51.7594
52.7699
7.0766
-57.0258
55.0875
27.2078
13.5847
-45.0429
-25.9440
-33.1063
-4.8191
-10.8977
-56.0656
-18.6541
45.3250
55.2906
46.3156
-11.9156
-0.1020
2.9666
-46.8098
-16.2695
59.7719
61.8422
-43.7434
42.9273
60.1789
60.7477
-9.8572
16.1938
8.6781
-3.9717
-21.7109
26.5664
-60.5670
37.1437
31.7016
25.0968
20.9531
-21.5318
-0.6320
-5.2202
9.0188
-26.6016
35.3689
-10.2063
18.7951
21.0623
-16.2801
34.1704
-31.1879
58.5703
63.0500
47.8219
17.3352
55.6344
41.9098
-49.2641
-4.2961
-38.8164
1.6816
-66.9187
12.7747
-1.6398
-65.6508
-59.2031
-21.4359
-18.3609
-20.6213
62.4488
23.7500
50.2883
44.4742
31.1012
-8.7375
-27.9227
46.6930
52.4445
-4.4605
-36.8331
26.7320
-10.6956
59.9742
6.7426
47.3586
-14.2391
-40.2672
-36.6098
6.7375
14.8160
12.9662
-43.3994
6.7004
-14.4971
1.2912
-28.4844
-48.2734
55.1766
14.1820
-21.3698
-1.8172
-29.5443
19.9777
43.0945
54.1281
24.6906
-29.2404
-25.5844
12.5648
23.3949
14.8289
-0.4014
-19.4281
9.9514
-35.5742
-12.4585
-3.7070
9.2109
15.8031
28.9754
15.4586
2.1672
-55.8094
-48.8945
-53.6633
-37.5273
-17.4582
60.8016
59.9414
9.9711
52.8086
15.4578
-54.6739
44.2539
-4.9387
-6.2193
-9.5383
60.6961
56.4375
27.7055
2.1617
-51.4566
11.8656
63.3539
52.5156
55.1336
59.8125
58.8328
17.9207
-11.7250
19.0094
3.6426
4.0324
14.0367
5.0138
61.0914
47.6773
44.1188
49.8359
61.5633
53.6181
-57.6891
-19.8453
45.4156
51.4250
51.2625
60.0563
58.8508
58.0023
-14.4594
-54.5797
24.0836
17.1719
-18.6643
32.0945
14.3016
7.0699
-29.3906
-46.0000
3.1328
59.1086
59.0609
54.5750
17.3781
-20.0262
-7.3855
-3.4899
13.1250
0.3855
-47.2375
51.0531
56.9570
56.7742
51.1656
49.5617
41.5324
-25.4711
-18.8473
20.5344
50.6250
60.7336
28.1354
41.6816
18.7953
-52.6023
14.6311
-24.9305
-12.4516
30.9008
-12.8258
-16.5198
30.6195
0.8133
-22.8730
52.2117
63.0516
54.9148
50.2297
54.6867
-16.6656
-61.2135
51.4281
64.4570
32.2320
-13.1781
10.2570
20.7445
15.1500
-0.1309
-41.4861
-43.9094
49.1750
-8.9867
-15.4367
-7.7359
-42.1625
51.0344
59.7477
63.0062
37.5641
57.5109
46.3555
15.1752
-13.7812
-38.9359
5.4734
19.0484
44.9320
63.7148
36.1361
-30.8586
5.4445
35.3770
-14.9928
18.5469
0.8256
9.1187
-62.7438
10.4195
-16.8132
4.8688
0.9992
30.2570
-11.9321
2.7012
-31.1854
-45.1631
57.2932
-50.1672
26.4922
-19.3340
19.8738
-52.7348
-1.7930
54.1656
63.6492
63.6852
37.5692
-22.9402
-21.1727
-54.3742
-35.8359
-46.9844
9.9605
-34.9180
-44.2500
30.1338
-10.8926
7.5402
-39.0609
49.0555
39.3969
29.7570
49.6641
55.4445
-3.7313
-64.4930
3.2609
13.8820
52.1758
23.6063
20.4656
28.5367
-1.6117
-9.7453
12.1031
-12.8828
-28.3711
16.8109
41.3852
60.1297
63.8875
63.7516
60.6766
61.7883
65.2906
58.1766
20.4875
-32.5938
29.1330
-24.6227
-7.0968
3.0541
31.0564
-37.0930
39.5500
39.4781
57.5719
-10.0520
-28.7453
7.2454
-46.0031
59.5961
30.3523
35.1844
49.9219
6.7766
-38.1586
-16.9617
-8.0344
-53.3187
24.5398
-53.2582
54.2438
43.7877
7.0359
-12.0602
-35.4371
-0.0758
16.1496
5.0707
-15.0449
29.9578
39.4305
53.5670
59.1875
59.2211
44.8727
11.3293
45.6625
62.2469
63.2996
-1.4367
-38.1016
61.4094
52.0113
18.9180
-51.9648
18.1133
62.9719
57.9391
61.6531
-5.7188
-51.2711
48.0727
18.1854
-47.8678
26.2695
-7.0336
34.2133
59.1852
64.7125
56.8012
47.2274
13.3382
-57.6336
-46.5895
11.0074
-13.4225
13.0654
29.2313
10.3932
-0.7676
-5.9008
56.4570
57.1508
59.6000
58.3816
-33.3469
49.2824
21.9773
56.1703
63.4219
54.6148
59.1984
64.1797
33.7117
49.6195
60.3414
59.5156
60.8203
51.9836
-1.4532
45.1820
53.3750
55.4758
57.2344
37.3305
62.1469
37.3646
32.2180
-27.1148
-21.7073
21.4734
-63.1164
48.2828
19.4215
36.9631
-20.1926
60.1273
55.3352
55.9836
13.8930
52.0031
54.3555
24.0852
61.0094
50.9289
62.1930
57.7758
13.6609
-60.2543
51.3937
52.8414
42.9918
25.0868
-40.2789
-48.1148
-23.9398
10.4445
33.9367
56.9492
61.2742
61.6805
47.7887
-45.8023
-56.1669
29.3047
44.1625
-24.4250
-19.7615
21.4320
28.1395
16.0152
16.1939
-35.2162
2.4656
-0.5463
-13.4640
22.3032
-23.5037
59.4328
60.1148
59.8820
63.3820
57.4316
-30.4438
20.0699
11.4985
-0.7633
2.2055
-12.6866
6.9496
15.8215
1.3797
0.4427
10.5477
-58.1895
-17.0570
15.5461
47.3898
59.2742
61.9359
61.0805
49.4023
53.0195
-0.0998
4.4064
10.4707
-6.4012
26.5840
-19.1033
47.5609
14.6187
7.7078
-58.2172
10.5988
35.5375
59.0133
50.8461
59.1813
63.8445
59.3906
41.6727
-26.7547
-60.6539
54.4164
58.9023
61.2609
65.0797
62.8555
48.5242
55.2609
63.2086
58.7812
43.6875
10.7216
-10.7195
-53.8352
59.2703
36.8082
-2.4109
9.5437
40.4227
3.9561
-6.2602
-41.6281
0.6229
-14.5299
7.1973
7.3580
9.3836
17.5347
-8.0281
60.1195
39.2895
13.2469
-46.9293
-13.3828
-18.7789
29.8094
2.2391
44.8504
36.4875
55.0125
31.0812
13.1984
-5.1896
-27.8820
1.5767
-59.2945
-7.5762
-40.4031
-61.0227
58.1359
55.5016
54.7719
8.9619
-42.8781
25.1063
50.1859
58.7367
59.9367
56.4102
62.4531
59.3070
56.8531
35.5828
60.9188
61.2055
51.9875
63.7828
63.6500
60.6484
53.2281
37.1258
3.1199
-5.9395
-49.2710
-41.2094
-8.5914
-3.6027
0.3521
-11.6045
-63.9586
0.2749
43.3383
49.5680
66.4070
-4.4852
45.8477
57.9328
65.8867
22.1773
-7.8422
-15.9496
-33.8375
17.8576
11.3945
-65.2446
58.3883
40.6352
6.5555
17.6254
-36.9051
33.1016
-61.0039
61.4305
54.6684
61.6742
-29.6242
6.4429
-52.9461
25.0635
-12.7395
-1.1594
12.8590
-41.7244
24.1883
1.8665
-1.3398
19.5639
32.9074
-8.1859
-0.9377
4.0313
3.6250
15.2227
-2.8750
-20.5234
50.5500
45.7352
5.2604
-0.7574
2.4023
-8.1867
44.8023
61.5715
-57.9484
9.7375
54.5898
58.1414
60.0242
54.2945
61.7211
37.7945
59.8922
35.1695
-22.5562
-56.8320
-47.9836
-61.4359
7.2758
61.6656
57.8633
52.9344
56.4836
45.9031
-8.6971
-25.0414
-44.5992
4.5719
-39.0961
32.2293
-9.1438
48.3906
51.5543
-3.7477
32.7211
-11.3008
30.1316
11.5457
-31.1617
16.3422
21.4324
16.3215
42.7465
32.1598
0.6141
-59.0430
24.0756
6.4020
12.9103
4.5395
-3.4391
38.1547
63.0238
52.4777
-65.2203
-16.9234
1.3666
-14.4191
-3.3297
-57.1320
50.0195
-18.2320
48.0695
62.7727
61.3625
61.1344
59.8617
61.7070
58.9789
56.5062
49.3859
41.9305
28.6289
6.4534
8.5399
-6.5758
14.1078
15.8313
14.2070
-27.5830
53.0859
49.4437
45.2672
59.8531
54.0850
-13.3361
55.7828
60.9172
19.9227
-15.2133
35.1059
-28.7375
61.0016
60.6891
64.2305
63.1445
61.1852
60.2164
63.9863
-41.7754
49.6750
47.7555
62.2742
61.0109
44.6328
47.4094
57.3594
63.7992
62.8719
30.1113
-59.3719
-20.6738
-19.5648
3.1017
-14.7484
-32.1836
-0.2848
-33.3609
-66.7156
15.1383
1.9781
-40.2602
30.1484
26.7469
21.8844
59.9828
51.8410
50.2539
57.1684
-58.8250
-5.3008
-59.3246
29.5906
4.2249
-29.7000
23.9377
-23.6047
-38.4539
62.0852
45.4711
62.8969
57.3289
57.9688
59.3516
61.5609
57.4258
52.7500
61.4719
63.0457
62.9172
60.1070
2.5988
39.0955
-45.9359
-5.5289
-57.3383
56.4750
66.9449
40.4995
29.1973
3.5942
-12.4463
6.8205
-31.6508
29.4641
2.2738
-4.6590
36.6316
13.4074
12.4820
8.9723
-11.8063
-10.5662
24.3969
0.9990
-46.3379
39.2602
53.3828
41.7734
60.4586
63.4883
35.9000
58.5352
63.7555
60.7836
18.1070
19.8414
0.0945
-30.3047
-39.4737
59.2414
11.7188
63.4578
50.7492
61.8859
62.3469
58.3883
-4.6621
22.0453
27.3312
61.5125
60.3242
53.1230
11.6031
8.0602
-7.6133
10.6223
-8.8211
-15.5152
-51.9813
40.6203
-8.6988
22.4336
-12.9652
-2.4031
23.0852
31.4137
15.5063
-30.9656
-2.3859
-40.0492
38.8867
34.2047
48.1047
40.9109
56.5852
11.6070
-38.6449
13.2773
4.6438
23.9447
3.7994
2.1516
60.4578
64.6953
52.6250
59.1688
38.9266
62.3977
60.2711
59.5465
55.1016
60.5742
54.6352
2.9141
-0.4602
27.8150
-46.5164
26.3068
-15.6031
-1.9697
43.8555
54.4164
60.5719
65.3035
67.3759
-51.6703
20.2703
45.3008
17.2871
-6.3284
59.3953
39.1297
-42.1125
30.3570
20.8374
-5.0785
53.9344
44.2020
20.6227
1.2557
25.2047
63.9090
61.6828
61.3328
61.9023
61.5596
-4.4961
21.3184
51.3000
57.3508
62.9617
63.8727
59.2047
14.6238
-8.7812
58.9555
23.3855
-2.4777
-17.3217
-7.4914
-25.6469
-22.1480
59.2438
46.3910
13.3548
-16.1926
2.9047
32.1840
23.7098
-28.7062
-43.0033
57.6273
52.2555
29.7563
4.3734
17.1619
-18.8687
-0.6078
-9.5395
2.2778
6.2624
-4.3938
-28.1008
32.5258
-2.2918
8.9957
-4.6564
24.2367
24.9117
-6.6820
-37.0797
47.8539
41.4777
15.2477
-3.0219
28.8887
59.7645
58.8813
-58.8961
-9.4804
2.9293
12.7676
5.1293
-2.8201
-9.6377
57.6906
63.7383
62.1008
54.7375
-1.7938
-53.5898
-29.0227
-17.7563
30.4359
16.6910
-62.7926
37.8875
53.2711
63.2578
27.8760
-36.3128
43.9633
-4.3863
-37.1625
6.9665
-56.4891
-56.5590
60.8734
62.3328
58.7344
57.9695
63.6297
63.0609
61.3086
57.3254
38.5539
44.7609
63.2977
59.2266
57.2609
63.2031
51.9547
48.1398
63.6562
62.5367
60.6016
60.7125
45.4688
62.9379
21.2939
19.1680
53.4016
61.9359
49.8477
42.0383
58.3586
10.0672
-32.0020
-63.4227
-19.4289
63.7445
52.1930
59.8500
2.6453
-23.4352
11.9148
48.8021
-29.1352
-11.1848
-14.1664
-57.7641
-47.9266
49.9313
6.0469
3.8629
-19.6825
-40.2500
-14.0131
31.2812
57.8680
57.1977
55.3953
63.1391
41.7391
59.3516
60.0250
58.5391
61.4344
57.1672
57.8102
62.6633
63.0391
63.1078
7.4348
-62.7211
58.7094
25.7914
20.0163
-44.1406
-68.1008
-47.6023
12.9125
11.0602
-35.5738
29.7586
33.4437
7.9047
55.4656
56.7984
25.4977
-7.2406
51.8266
51.7953
25.6156
56.2453
63.4656
57.7820
59.3563
61.5297
62.5055
56.4047
61.5750
60.0602
61.7891
27.4641
59.3695
46.2543
-6.5732
-35.4309
1.4916
-45.9656
12.6770
20.9336
5.9836
4.4845
5.5789
8.6760
33.7137
-5.2572
6.2305
13.3023
5.3973
7.7137
-38.1914
42.7230
49.3375
15.0797
-9.1152
45.8422
48.0757
-22.3070
17.7088
-30.4016
-15.7785
-5.3210
-41.3039
16.7586
7.1547
23.9958
-48.0141
-26.3629
-38.7871
59.1203
62.0422
-45.9820
13.2977
26.1383
64.6531
19.3078
-34.6641
4.4976
-0.7025
-24.7336
22.6555
24.1633
20.1548
13.0891
-13.3359
-65.4039
61.0617
58.7508
25.7273
-15.0750
48.6844
63.9703
38.2789
-30.3804
7.1541
-13.0723
60.2602
43.4238
59.5961
62.5484
59.8500
52.8125
25.3488
-4.2114
38.7117
-0.6700
52.8055
64.8924
-41.9336
18.0527
-30.8742
3.5180
-6.6758
3.9922
1.1810
-33.4824
-0.7422
58.9234
54.2109
65.1273
61.6836
24.2289
-51.1447
2.6219
-2.4217
-5.0062
43.7977
59.1188
56.6602
-4.0500
59.4562
62.8492
59.3633
60.6641
55.4734
64.7551
-29.9187
63.9469
10.6789
4.7508
4.0488
-13.3891
25.4586
32.5008
15.6320
-20.5583
-40.4137
32.6117
-11.4942
-25.0875
55.9437
57.6953
6.3910
-2.8125
-29.4297
-31.2492
-18.7586
-49.5895
60.1594
60.3383
59.3594
60.8906
49.6954
-34.3352
-3.6195
-14.0102
5.3691
0.5031
30.8383
12.4488
53.6109
58.9484
62.4871
33.6469
-43.9797
56.3664
47.5203
17.3734
41.8766
49.7938
36.2164
25.2113
-32.5277
-25.4625
2.2926
-27.3937
16.8117
-4.6674
-17.1148
46.6320
19.3094
19.7720
4.0357
-40.7961
45.5812
24.2078
-14.7570
-59.9367
-54.1742
10.9328
59.4680
60.2594
59.8594
62.2320
