336.7190
151.9436
362.5102
738.5483
557.4816
158.5093
223.7972
85.1212
190.0711
260.1798
411.8783
834.2103
577.1424
287.2060
190.1802
369.6891
598.2481
349.0946
289.2275
111.3723
245.1448
362.2421
179.3537
137.0511
133.0803
240.2008
256.1554
586.5306
665.9669
414.6844
293.5668
301.1575
533.6381
64.3422
262.7644
506.4616
77.7325
110.8283
207.2876
223.1708
449.0148
515.2549
595.0401
624.9703
163.5301
249.3134
80.4361
290.9540
200.6826
356.6991
423.8463
484.3670
339.5997
300.5026
536.9442
413.2283
212.7711
500.3168
470.0927
410.1062
216.7964
613.6124
801.9199
850.6208
654.9058
428.0390
254.2475
717.6326
748.3086
738.9470
715.7367
496.9769
621.5589
799.1695
484.3148
57.5538
106.8038
59.9768
244.4868
309.4825
126.8661
164.3115
258.5061
169.8742
570.6612
756.4631
219.6603
473.2488
757.7399
613.2697
636.4952
461.0360
567.8941
245.1091
212.7146
104.8606
76.2027
347.5771
592.7132
213.0092
247.9503
427.7133
313.4134
155.1110
218.1084
59.6193
84.8087
70.4051
99.3328
171.3401
268.9132
444.4422
534.2197
383.1353
771.7945
564.6695
209.3063
174.2429
81.0088
165.6750
334.1183
88.8909
164.8240
127.9599
275.0696
373.9871
219.1280
296.7807
306.4926
536.4549
62.2961
158.8432
164.5078
503.6131
581.9552
402.9532
640.4365
473.8331
354.3116
598.9210
787.4669
678.9431
679.4260
462.5705
267.3191
251.9948
214.2270
467.2502
244.5772
97.1968
513.8884
548.0247
159.9028
248.0305
240.6250
406.3750
151.3187
95.9076
175.1238
259.6555
277.4899
154.7726
137.6968
85.1114
189.9386
312.6322
278.8394
724.0518
846.8447
520.2758
99.3280
208.0262
353.1363
253.8930
188.7093
449.2192
390.8777
272.5012
351.9053
469.0380
142.7141
295.5483
386.4469
188.3900
350.7436
101.1604
112.3162
215.2839
96.9127
346.0074
552.3554
139.2642
90.5023
123.9976
359.6498
583.7072
121.4621
119.5675
394.8358
454.1913
47.3863
56.2695
136.5291
323.3168
185.1799
348.9023
523.3849
51.8419
139.8195
348.9120
318.8317
87.9741
303.1107
677.9214
452.5194
406.0085
579.9364
292.9721
549.8612
232.9408
180.3367
100.5839
341.6207
752.5239
623.3573
442.6989
266.4758
368.5182
505.7008
80.8196
122.4221
112.9527
177.7670
241.0495
194.0381
143.4808
114.4330
284.9911
392.3066
172.4675
131.5475
327.7862
752.3499
774.0910
489.0877
129.2648
158.9025
537.8364
546.2469
165.5145
244.6173
587.6821
673.9693
618.5582
347.2618
430.7697
300.1063
482.9724
183.9983
452.6669
425.5535
633.8838
579.5765
245.8113
313.5223
250.4631
289.4378
207.6643
329.5321
606.5655
157.4974
198.6722
337.2726
158.6502
527.0079
515.9510
246.1714
390.5594
409.5147
200.7408
185.6638
248.3202
341.7656
494.4754
352.9200
378.8262
197.8047
165.5970
166.5969
422.6036
494.1602
253.2426
408.9229
39.4673
32.6351
67.8642
410.6073
577.6108
470.3257
664.5502
87.1446
112.0609
234.2951
201.4141
330.3894
549.4419
309.9945
583.8957
156.1782
260.2094
489.2701
428.6411
506.6257
246.5103
119.2443
298.7548
384.0980
325.4656
564.8826
94.5145
96.1722
376.2433
616.2945
410.1285
784.4703
852.5325
642.4445
333.0316
754.5861
428.1867
69.1612
122.9837
147.1331
328.4938
588.2375
598.0749
609.3674
427.1151
358.6821
158.4358
270.2996
110.7591
290.2285
601.9583
476.8490
326.4081
333.9257
129.2673
255.7219
257.9810
270.1136
742.3432
604.3658
695.0259
580.1129
298.8226
116.1591
266.9688
465.2877
709.0372
620.8467
603.5962
192.5980
299.4230
400.2713
716.1515
439.0336
216.5278
287.8827
171.4745
409.1544
317.1396
334.2668
592.8313
150.0030
281.3891
633.7541
697.0514
269.6599
344.4094
391.1595
486.0433
266.2191
453.0210
205.7988
591.2551
838.5943
838.3604
736.7074
838.0049
624.2113
332.4343
518.8800
460.4145
282.1619
351.7996
196.3446
708.5092
809.3237
488.0775
193.2308
168.3080
95.6360
184.2442
433.2405
548.1348
58.3305
205.4054
763.9317
691.8075
413.8157
364.5160
261.6879
381.0297
163.7772
194.6849
138.4183
307.2005
602.4352
578.0699
345.2408
188.3826
356.4025
110.8288
117.4682
111.9794
109.8702
45.3726
323.8958
602.4348
301.3129
139.7905
91.0423
163.0820
88.8560
68.1157
72.9092
119.4921
244.0455
69.0264
247.2363
638.5438
283.7275
331.6769
696.6572
367.3959
319.5075
546.0384
551.8552
623.6830
351.7643
302.3394
647.1051
572.9983
436.7983
425.6683
80.5797
107.8242
283.4326
494.6869
299.1407
375.9174
327.9179
479.0463
569.8269
200.2039
445.3570
109.9931
65.1578
118.7321
406.3693
604.5358
234.6416
497.8057
535.5669
562.3758
164.3117
344.2480
807.9527
567.5704
253.7704
100.3023
111.1229
174.8493
107.1917
257.4215
571.0311
289.0829
66.9525
316.3589
645.5616
752.0540
559.5246
132.2312
213.7108
504.0575
362.4917
294.5080
215.0597
50.8082
225.6406
439.8911
185.7918
496.1414
619.1509
706.4690
776.9068
483.9851
283.9378
497.2089
177.7302
348.0745
78.1727
49.8851
85.0943
251.7118
145.9961
36.8837
54.1419
119.8919
179.4447
86.4831
94.7587
297.2904
499.1525
622.6105
823.7062
521.6193
180.0370
610.7117
708.0602
627.2667
253.3392
102.3789
201.2541
397.1120
81.6823
145.8254
178.2087
220.4285
300.1579
189.6790
385.5190
489.2554
618.9413
552.8860
466.2788
703.8173
317.8575
172.9180
207.6021
161.7182
416.6823
641.1611
599.8774
729.8384
797.7790
775.1952
477.5476
368.5108
540.8037
420.0684
584.1267
210.0143
327.0617
405.2595
135.5670
162.8804
217.3176
113.8601
171.7088
388.6107
417.1478
680.7761
399.8861
351.9182
498.8707
204.4451
329.5912
315.2905
765.0947
697.6662
518.0968
191.9635
327.6262
655.7922
448.6636
342.4212
129.6637
106.8980
253.8169
380.9685
783.3977
619.7789
304.0119
556.0657
847.5101
782.5621
886.3720
509.8388
94.7581
144.5748
314.6101
549.4058
195.2662
58.3396
342.6679
628.9648
178.6559
64.8932
139.2242
140.6655
348.7681
511.2832
124.0188
177.1436
420.2948
585.3198
391.4707
849.4514
668.6439
753.2075
537.0414
195.8076
329.4439
507.5695
228.2297
490.4033
368.1017
325.7510
313.3270
611.5156
242.5454
158.8979
61.7489
130.9077
102.8931
99.8029
193.3034
524.6064
585.3606
224.6176
474.8689
1016.9124
714.9977
474.4782
467.1290
808.0379
532.9164
157.7096
350.5793
206.4911
406.8688
534.3693
362.4067
236.8031
112.4369
287.4156
368.1699
181.6759
606.0713
540.8601
198.8653
469.2380
687.7432
424.3652
100.3401
214.7595
313.8953
72.8955
189.8488
407.4183
157.7757
68.4664
153.4961
268.0624
225.7389
139.4418
380.2006
738.2357
567.0907
537.8646
639.8851
187.9065
252.3817
404.6564
820.8091
641.3088
528.4939
432.3775
415.9330
727.4935
526.5568
655.2314
362.2198
306.4212
504.9504
329.5109
233.8092
166.1212
163.6991
203.1575
442.3297
532.4721
609.2423
687.9749
493.4514
339.4781
288.6410
452.0459
422.8614
710.2776
261.0386
121.9237
84.2449
452.3591
899.3613
521.5990
364.8281
973.9735
1022.1307
724.6272
509.1154
569.5567
777.8302
535.7468
279.0388
697.6409
566.3066
175.6465
278.9419
130.7271
404.4839
565.8937
79.3815
164.8712
332.4103
526.4875
209.3157
183.1147
352.7641
291.4598
478.0100
382.5385
824.7159
739.3312
589.1470
399.7118
175.8071
438.7705
320.1488
526.3215
171.3802
308.9905
493.5750
90.0433
372.3027
790.2630
569.5363
577.2724
329.6074
304.5856
439.2749
161.6895
213.7228
378.5136
303.2405
424.1424
210.6379
100.0105
143.6734
148.2119
55.3740
238.7292
349.8978
378.7923
852.2130
939.4592
824.3467
544.2432
517.8616
389.5787
545.6547
305.6443
532.7802
273.0658
118.4335
200.8956
803.2743
975.6416
678.7941
175.4623
207.5220
498.5255
151.0432
242.1132
532.7002
679.1610
247.4136
572.6605
489.1044
27.5161
271.1831
738.4467
782.2255
764.1240
625.0187
359.2758
497.9924
868.4407
545.5483
81.1048
289.8938
696.7915
507.1685
56.7311
87.9367
215.9543
227.9602
282.1339
515.1562
759.0353
681.0565
791.4608
426.2826
105.2628
233.4326
643.8580
506.0708
146.8034
36.9194
56.3694
374.1310
734.3063
434.4088
582.7484
620.9679
270.7273
61.2771
124.8874
332.0200
869.9616
812.8682
490.2122
177.4901
723.4265
856.3721
835.7229
736.4477
690.4614
690.6012
636.2092
521.3988
224.8442
331.1939
185.6649
117.4467
279.4468
569.5204
356.6612
111.6250
294.1689
301.5039
431.4318
237.8662
191.6212
249.0212
723.2580
603.0300
587.7971
754.4127
515.1697
315.4877
857.9415
819.3356
479.7660
108.3521
183.3710
348.1087
523.5474
160.2863
216.0749
411.5101
605.4683
171.0907
274.3317
412.6409
142.4660
152.2895
149.0427
96.6915
133.0411
338.6197
464.3219
264.8654
405.1908
179.1663
451.4415
296.6292
28.1076
105.5257
113.7816
254.4082
488.7415
404.0984
612.4983
653.5171
513.5065
217.0531
75.7145
87.0179
264.2597
414.8382
260.7984
150.6386
383.3696
805.5431
902.1423
914.8480
686.4063
487.2178
560.1913
637.4320
515.9972
143.5862
306.1654
137.9368
199.0566
351.9733
97.6156
290.9843
670.1246
515.0706
78.1960
370.5002
658.0765
439.2900
199.8924
156.5033
309.6545
442.0796
286.1189
166.3473
103.9024
413.2832
670.9003
313.7963
69.0594
117.0420
206.9071
139.2148
353.1220
264.2095
277.4348
542.2046
268.2155
405.1930
464.0242
197.9050
257.8938
181.7350
474.1711
326.2658
196.6188
80.0456
183.9560
668.3976
515.4965
50.1607
202.7452
360.2426
116.8894
67.0871
118.3062
99.0584
355.4983
589.8638
411.9151
583.9248
556.5185
141.7773
221.2455
594.2895
419.2490
385.1336
110.2593
284.2310
276.7115
73.5743
115.6658
308.7813
821.5418
603.5146
114.4701
102.7529
272.6347
263.8808
145.3015
302.3412
564.7911
351.0855
460.2931
912.2285
606.8591
335.0630
485.9163
291.8091
478.5260
210.4491
114.0997
251.7051
201.1629
207.1007
72.6549
245.8862
431.2542
187.3094
586.6944
618.5535
433.0681
169.5449
179.6339
358.3893
86.6575
69.4993
171.7054
115.7565
402.6410
618.2897
609.9706
606.3199
321.8727
195.8821
425.7632
462.1936
324.5451
785.8381
882.0324
614.3219
182.7045
207.3137
251.9903
83.1040
270.6753
549.0356
182.7052
405.3837
587.8620
442.6137
394.3778
97.3796
67.4301
69.1108
66.5875
81.1991
320.0507
291.0436
351.5057
567.2806
163.8958
335.9337
698.7179
663.7946
549.7320
138.9234
207.2831
316.2514
76.6025
338.7769
673.8350
353.3977
172.4065
143.3177
578.0592
810.4547
421.0016
297.6417
526.6100
207.8727
93.1279
351.2646
426.8419
332.6284
561.0857
230.5888
206.7105
559.2321
395.1219
480.9156
440.1783
178.0818
133.0909
164.7575
509.1282
424.9967
584.7065
309.1138
326.8778
589.3921
856.8231
741.8512
521.1208
627.0451
436.6638
316.5420
590.6767
129.8068
241.5013
313.6615
286.5204
839.3060
750.0282
496.0170
63.9862
88.7727
129.8440
362.6762
667.0925
615.2212
325.0059
528.5693
873.9545
832.6411
582.9652
99.6664
135.0396
110.4289
104.5676
181.9914
207.4141
107.1894
146.3913
99.2711
262.5502
328.9048
306.2060
249.5727
183.8348
89.2383
218.3684
534.7217
205.7228
578.5977
707.7717
418.1503
136.0324
187.6976
602.4634
680.7420
448.7074
124.8259
84.0302
100.3257
258.0371
514.8096
131.4652
184.7507
113.1989
338.0916
763.3448
531.1943
193.1362
157.6334
120.6865
252.8475
612.8070
666.8063
759.1101
550.1340
242.9925
418.3896
394.1175
575.6707
150.6655
349.4730
159.7686
73.5437
173.6796
402.4112
479.6257
234.3133
95.2120
323.3907
498.6450
29.1951
55.0094
79.4089
531.6019
512.5825
100.4988
367.9312
718.0054
639.6473
107.6098
64.2479
78.7082
342.7804
628.7838
635.3051
496.1358
97.3697
94.2013
186.4397
296.6891
541.4606
421.3294
479.4922
82.3454
156.2686
147.0665
138.8122
222.0476
243.9222
128.4614
528.2188
823.8016
477.1043
79.3750
293.7163
639.0077
283.6373
244.5416
486.8591
866.1532
561.5754
80.0941
233.7613
243.7564
533.9718
804.4254
807.2552
640.4706
138.1643
220.4664
452.8032
367.7867
683.9694
309.2069
114.7270
401.2333
316.4110
132.5876
171.4035
41.6712
350.3464
554.6632
260.6011
654.9440
376.4770
654.9630
559.6371
359.8750
206.2998
177.3470
458.4288
398.3783
450.0042
482.1192
660.7114
683.6713
561.5357
238.1715
672.0096
700.2014
481.3112
201.4277
125.1100
298.8270
492.5472
51.4763
109.2390
110.1114
193.3754
289.1275
537.4235
388.0543
719.0150
652.1932
653.4089
475.9389
218.6509
267.9897
210.5979
274.8742
295.7174
278.7824
102.1210
270.6360
785.6966
453.4318
126.8559
315.1964
622.2052
407.6624
210.3760
444.7364
388.7675
448.9549
127.2565
220.9089
275.2912
398.1240
173.0559
192.7949
197.4818
245.5910
473.4384
305.4963
645.5684
281.4828
298.2769
584.5345
877.2709
599.9323
339.5871
544.0775
117.2333
238.8179
258.9094
196.3011
203.3474
76.8474
176.8207
310.6975
798.2880
836.6087
834.1656
851.2041
524.2876
191.3430
244.3550
694.9786
827.2941
616.5263
226.4348
528.8684
367.0900
267.2797
462.1164
151.1614
113.1361
202.5928
79.1360
53.2632
309.7872
475.8407
157.3862
253.4576
588.0309
557.1177
573.4551
38.7178
345.1103
776.4425
808.5503
827.1032
495.0748
218.6997
473.0238
65.4408
93.3495
395.8186
691.5360
717.9792
622.2669
111.3660
367.8506
767.1812
524.6666
243.6134
575.4261
924.8738
874.8895
737.4208
862.6647
727.4222
368.1425
545.7847
793.4783
516.0843
122.4583
290.5464
276.3164
169.4530
111.8967
173.8140
323.0736
262.6011
154.0921
201.0608
174.6249
141.5300
315.0109
486.3999
247.8626
151.7232
100.9642
166.9702
295.8553
128.1051
250.6084
508.5974
448.0283
237.9877
111.4767
192.6725
328.3209
254.7500
264.2866
482.8051
648.9461
491.4113
339.8120
526.3575
578.2464
74.5653
136.9513
141.2008
173.0766
181.9594
86.0149
47.8369
151.6833
246.1095
110.8081
126.3697
75.6595
157.5800
73.2693
178.1639
293.1760
412.8617
714.3660
728.3358
662.3074
744.4303
651.6777
636.2055
608.8446
593.0127
439.6038
173.7876
58.5950
97.5158
115.7680
305.7961
586.4318
150.0508
367.5246
376.7696
370.0888
641.1467
440.4117
296.1964
499.2310
351.6361
343.2749
658.0680
223.8127
78.3129
146.4548
290.5068
631.9960
595.2255
334.0820
263.6146
184.1594
50.7734
106.0403
81.7728
87.6563
292.0052
512.1797
87.3075
78.2044
373.9632
782.1244
496.3358
392.9277
546.8589
170.9809
233.4360
84.4533
272.3584
452.8477
492.5737
707.6254
730.6269
559.7280
194.0593
148.7041
423.0426
335.9519
154.8725
143.4020
159.5803
341.9809
301.2605
456.9855
346.5192
656.7014
539.1358
204.1873
511.2611
350.3773
345.8129
502.8173
764.1944
679.9432
551.7254
534.4206
165.0941
484.7246
912.6111
854.7706
836.7963
727.0312
792.4013
755.3878
385.6661
178.3754
267.4767
448.8999
692.3040
862.9941
903.4935
560.5280
209.5380
411.1692
703.5013
495.5867
151.2612
104.9782
86.4571
194.1332
392.7405
129.2322
327.6480
244.9759
214.1764
227.6929
273.9415
223.4780
342.5789
397.8675
101.3289
151.0622
112.3502
288.2487
385.7667
294.4024
582.8182
352.5507
318.7811
619.6438
564.3083
336.9848
111.2388
186.3315
333.7988
273.4016
346.2362
542.8136
40.7758
230.3673
377.0897
463.8830
118.6227
341.0529
703.2660
431.6320
325.3138
469.3488
615.3886
709.2490
337.4780
114.8899
95.9841
128.3526
167.4827
315.7179
851.0803
498.2727
371.3447
385.3485
295.0979
92.2112
102.0511
90.5100
257.7877
355.4077
206.1233
278.1445
496.6560
148.1060
194.1389
185.4699
384.3745
669.3814
737.2947
724.4474
602.5292
450.1986
432.3465
406.0727
208.4211
219.4493
283.9400
487.4638
127.5051
87.1237
113.9703
154.3407
56.0407
110.5991
146.6306
254.8002
444.1378
387.7767
666.6017
710.3271
607.9228
48.9671
53.4709
289.5450
510.0636
235.8627
438.2734
117.0068
47.9966
116.9667
159.4844
197.7250
182.8765
423.0598
243.0202
243.4414
141.3095
352.2082
775.4774
498.6737
151.0071
127.6719
127.5652
208.0301
367.1348
340.6078
388.6239
63.7896
272.0954
406.3627
117.3586
89.3354
318.5303
539.1861
215.6185
193.9500
376.7730
143.0662
115.7326
214.7532
403.1411
153.4590
112.6078
423.9930
662.3655
264.7633
441.7207
344.1310
312.7177
446.1746
223.9839
150.6079
190.8057
232.5201
323.4777
574.8228
170.1852
471.7935
732.8967
563.3418
240.4381
219.7676
641.7274
531.0185
49.1494
203.3967
380.8715
142.6170
419.1254
127.2165
207.0018
216.2605
127.6969
83.9011
108.0440
152.9850
226.6618
677.6734
555.0002
466.1264
147.5156
283.4117
333.7035
210.0303
94.2081
67.8802
82.6552
185.1581
163.7706
349.5463
569.6692
105.5261
115.3938
342.5864
458.7498
160.8370
250.9579
336.3595
296.7367
206.6430
181.3292
127.9853
650.9855
620.2108
68.5880
66.3912
228.3831
384.7911
288.0768
580.5914
587.6537
265.0701
249.2406
435.3793
41.9696
178.9963
251.6082
104.0875
180.2493
318.4390
43.8170
111.7323
198.1684
209.1580
349.8890
481.4138
247.8578
160.2093
387.5496
569.3784
356.0147
149.2920
318.1929
543.0462
241.3893
494.0092
393.5039
409.6679
149.4170
395.5882
698.9800
684.7123
771.1108
927.7321
539.2634
141.2606
142.3337
287.5354
518.2839
443.3320
736.8127
642.9348
293.2303
230.6012
290.7769
506.2807
49.8925
311.6870
601.0742
233.5239
243.4222
384.3368
438.8573
186.2593
224.0251
392.8450
218.9975
113.0802
157.5932
253.8008
250.1238
255.5052
332.1061
181.6924
159.1523
164.7463
388.7399
444.7225
86.7501
108.4315
264.6191
441.9631
135.4711
255.3695
174.5621
143.1904
185.1754
542.9959
439.0059
354.2230
421.5651
138.7672
305.7850
183.6185
359.5310
394.5462
676.8494
299.8805
683.3648
505.6260
207.4219
378.0849
531.8918
66.2559
221.8752
748.3546
650.8440
228.1573
623.6328
643.0505
476.9170
210.1954
65.7649
111.7597
176.7621
125.4649
227.6371
761.8251
781.0442
640.6913
718.7505
533.9561
92.9104
80.7409
135.8913
72.1326
471.0684
626.1653
641.5919
487.9912
153.0580
175.4826
282.9031
193.9447
132.7583
135.8949
118.6413
142.5891
67.2661
138.2038
194.5753
262.6970
405.4469
404.4102
844.4260
510.5886
67.6835
249.5789
712.5071
772.0133
546.7304
298.6258
679.5401
784.5124
584.3632
91.7726
113.8128
65.9104
59.9875
85.1783
114.3971
128.0800
102.3748
165.6909
271.1968
479.7248
144.3073
62.0111
197.8866
243.1035
416.0339
538.4320
230.4665
158.1660
389.0862
434.8886
308.3857
400.3932
255.3053
344.7198
139.8599
270.5285
179.9434
72.9109
256.1129
626.5249
457.5251
190.2455
355.8292
97.9815
310.9143
523.8745
125.5161
470.4186
496.8761
121.1959
576.1729
800.2352
315.4093
87.4163
92.4825
198.6164
312.4184
524.8021
556.0246
569.3960
638.4670
794.2951
695.9274
591.0947
789.6052
634.6126
85.3498
493.5398
787.8723
485.3594
277.1305
535.0403
489.1669
81.4630
203.9888
269.5351
546.0620
416.4927
163.8991
122.6003
277.2110
102.4211
224.0173
182.9748
368.5161
691.5426
582.6201
954.2564
902.1231
611.2252
529.8548
834.8378
621.2475
445.7446
269.4277
82.0386
74.0646
321.2859
501.6722
83.3989
378.0150
736.7985
425.2915
487.4534
339.9988
347.3706
249.6442
193.5963
399.2771
628.8995
748.1193
712.1805
419.9092
423.1822
622.1175
544.6657
601.4714
516.5739
163.5694
154.7991
276.6609
111.7434
116.8721
79.6754
258.4393
677.3060
615.4384
312.2966
499.7070
501.7562
627.2013
166.0274
288.5584
255.1425
333.7342
563.2140
281.6244
531.5026
70.1776
152.2255
130.1278
157.7226
131.0646
366.7566
478.4042
390.0660
563.8710
171.2309
317.0379
307.9417
767.6487
593.3056
329.2612
297.7714
867.5962
699.9561
710.8133
560.0243
90.8517
295.5844
696.0983
680.5481
477.0852
551.3225
808.3072
851.5715
586.4529
399.4982
150.3697
305.3404
470.1205
173.3077
102.6669
209.5431
258.5458
341.6000
503.3893
486.5173
480.8196
529.5638
454.2846
305.1768
196.1949
413.4785
452.8963
105.7166
300.4780
579.2260
383.4409
434.8298
294.9804
315.3993
493.0534
499.5822
388.4800
167.6211
317.5222
205.9609
420.2015
627.8316
488.6016
546.6732
291.3187
466.5555
238.1768
446.9371
53.1965
84.7490
137.6672
365.0769
212.1426
297.9751
553.3096
164.5197
99.6755
55.3854
224.0274
662.3962
641.7020
260.7723
201.3390
565.0957
538.2837
121.1586
126.5596
119.7727
286.9227
636.3268
589.6246
651.3074
652.5245
402.4135
799.4897
496.6406
217.3456
74.6377
107.7562
274.3483
118.4403
262.0029
375.2509
453.6971
648.7735
352.2219
217.5827
257.2382
256.3296
114.4733
263.4553
437.4233
522.9810
309.7362
584.8056
505.0887
320.1186
399.0053
149.0222
95.5689
140.5280
140.5002
280.6387
464.6200
79.4856
95.3280
137.4998
292.4396
788.5970
771.2175
860.9085
838.3824
787.7015
484.2645
115.8508
51.2744
238.6682
557.8080
200.5512
198.1399
361.2823
525.4741
617.8372
148.1299
615.4149
845.6430
734.5141
347.8655
351.3058
417.3295
384.8520
413.5981
384.5373
299.3955
332.5353
790.9673
878.4191
691.2961
751.3050
963.2138
672.1286
636.4893
695.7489
792.0980
428.6136
141.9088
318.9632
354.2582
307.8220
75.2312
74.3156
59.3593
267.5393
277.1607
207.7991
129.9640
166.6611
233.3379
268.4114
72.7711
38.9120
236.0909
548.6875
676.7801
473.1282
380.0179
632.1622
406.5996
119.5970
144.6088
139.3284
136.5930
78.7584
200.8272
275.3094
404.0832
337.9579
382.1495
115.1488
148.9432
377.9950
437.4165
54.5102
105.5358
243.0040
484.1082
611.0928
420.9155
291.5161
114.9152
171.3213
303.6066
305.7149
276.6273
508.0723
369.3796
459.2440
576.2092
177.0924
175.2332
340.0187
671.9317
315.9108
187.9638
248.2632
487.7844
294.6458
722.6489
661.9457
429.5451
316.9699
534.5701
225.2642
266.6882
496.2435
182.7565
346.6693
233.7091
248.0814
284.8397
911.6686
658.5320
47.3520
27.1655
328.2534
645.1326
228.0386
287.9145
814.5358
473.4254
172.5325
218.5064
378.5937
649.3987
327.9869
402.5969
259.6350
664.5281
472.2870
57.3499
208.2130
372.5152
53.9371
164.7884
254.2214
171.7591
326.2122
259.5123
191.2966
362.4689
228.2344
399.7895
530.9595
214.4901
355.7262
287.5350
202.1173
411.8625
455.4483
424.0942
135.5927
367.5644
147.7031
171.0933
431.6251
475.6874
210.6399
307.3103
621.8414
669.7349
715.9344
772.2631
563.8954
359.2394
770.6978
911.3247
559.8584
141.4999
172.3600
112.7307
115.7241
170.5815
294.7669
390.6268
416.1114
430.5088
132.9657
324.0429
789.6310
688.4361
481.6080
400.9067
358.5925
152.0431
123.4321
185.0923
69.3563
159.7750
413.7720
220.6586
215.2121
533.2259
457.9277
350.0525
218.8411
440.4422
236.9936
134.4133
284.9051
776.2518
927.5238
670.6471
384.4003
553.3088
53.2389
193.9400
362.4235
133.2267
290.4699
241.8144
195.8966
208.6583
408.6068
726.2602
476.6232
499.9716
722.9636
370.5959
120.6004
408.9006
487.9567
126.4398
248.8873
252.2614
258.0117
116.6197
173.1402
249.9355
147.3745
330.4177
723.3265
423.4139
233.0730
753.7727
784.4562
675.7240
805.6394
643.2258
394.2566
668.6687
766.3021
791.4278
647.6605
478.3790
142.6655
103.9306
383.1437
637.2311
221.8093
61.3833
71.5226
85.0663
197.8956
530.6750
603.9624
200.1790
598.4504
578.6445
196.8827
197.7284
366.5446
304.0101
419.2243
630.9340
578.8506
480.0450
196.0245
583.3026
792.5875
360.1520
92.5816
127.9142
238.9065
145.2473
325.2471
783.6454
957.8371
1026.3882
789.6674
542.8772
366.2548
349.6305
776.8739
509.6684
135.5093
274.8918
409.4936
380.4805
236.2710
158.2157
160.9799
223.6539
316.6965
111.7271
245.9670
501.8203
515.0042
446.7533
595.9678
464.3146
827.1978
537.3987
150.9622
674.0651
585.7085
176.9401
366.1029
552.8353
369.6682
367.5601
137.1340
509.8352
611.1714
162.6467
166.7457
363.3939
505.2251
182.7581
463.4518
787.7785
756.7583
853.3423
634.7751
356.5357
376.3110
723.8421
529.3590
217.8946
436.9433
403.1933
106.0427
216.0509
200.7892
129.2070
158.0925
96.4652
372.5133
482.2303
44.7533
102.1150
44.9064
110.8967
167.0086
820.8882
938.1839
715.7640
402.0201
179.0806
126.8294
161.8675
169.7554
179.6327
313.2851
76.9734
106.8410
165.4192
174.5568
180.8924
55.9484
302.7531
613.3127
359.2309
95.7636
181.3521
207.8484
725.6069
888.1209
615.5636
107.4130
168.6310
148.6773
351.8139
301.0721
144.7868
562.5140
633.0748
510.8442
849.5621
867.7392
834.0921
473.5599
250.4048
252.3009
484.3527
387.5577
196.4567
152.4857
353.9829
610.6182
389.9106
219.1660
323.4299
641.0194
321.9490
178.4273
265.5451
581.0184
642.8346
628.4271
577.7974
658.7577
501.0745
392.8995
319.2637
464.7852
197.5482
374.1554
333.0046
232.8950
132.8110
41.8776
161.0167
215.1523
61.1448
147.8288
338.7546
527.7294
123.8116
165.0698
42.1542
278.3211
569.1257
368.1935
312.2618
138.4549
110.9802
316.4657
635.2837
354.9807
276.8877
338.4417
869.8894
901.8003
615.9102
258.1033
497.2321
306.2927
132.0272
235.9399
354.3242
855.8836
764.8671
736.4429
629.6620
332.5962
115.5451
247.4817
102.0082
207.0969
388.2341
189.0058
174.3040
214.5195
455.4200
368.5891
336.4409
73.0945
68.7827
109.9864
169.7981
200.4912
271.0221
86.5382
74.4030
99.5066
370.3298
463.0812
81.1445
132.6355
133.3063
388.3262
781.6437
450.1964
323.3974
252.0848
609.2299
494.9082
108.6029
181.2877
172.2169
210.0790
245.2218
472.3916
330.6472
163.6608
118.8746
165.2081
128.3751
79.3711
354.3078
497.5206
233.1852
121.3823
548.3159
941.3397
630.3999
125.8479
258.8582
373.2895
95.5725
55.8700
96.6750
240.9353
169.4798
367.2558
678.9727
1019.9492
757.7900
472.9405
280.8131
662.1034
939.5906
545.2013
167.9094
297.6436
531.7362
153.7563
205.5111
278.3459
436.9628
183.4706
295.6842
239.9094
904.1113
665.8569
177.8778
165.1705
210.8322
357.0438
166.4926
235.0147
470.1901
389.7057
397.2168
779.7357
847.3236
858.4868
517.5814
83.3757
70.7971
241.8069
439.6767
105.8867
338.9918
400.9912
611.9327
703.8928
540.6354
208.2330
135.8962
177.2054
182.4695
499.8464
688.8412
499.2410
851.7532
637.1252
482.5368
652.7300
489.4067
211.9238
134.8916
393.1221
681.1648
224.7278
142.0032
68.8449
77.9558
347.4663
617.6683
668.8068
852.4464
628.9694
150.1788
168.2558
311.5846
326.2879
192.1155
254.6945
480.1936
141.4933
667.6614
557.9510
238.6205
432.7941
123.0837
129.0244
315.5604
588.8181
358.5439
78.2368
337.8549
800.2998
629.8625
383.9932
125.7201
254.1631
285.2665
169.2344
115.7215
55.9775
86.0567
79.2971
73.2123
142.8409
303.9690
69.1934
44.4601
201.0862
161.2417
67.8630
313.5393
551.8148
221.6608
544.7633
704.5714
302.7563
214.5580
437.4512
560.8443
161.2408
471.5164
211.2241
480.0344
411.9923
134.2246
68.7550
216.4480
387.1645
357.4075
108.9675
334.7072
530.1832
259.4842
425.2885
247.0002
792.3518
758.9532
693.2376
607.8892
674.6682
901.0999
629.0902
182.1053
281.1244
315.4235
759.9316
843.2804
704.8394
504.4956
80.9974
143.3893
450.2644
567.4613
250.3852
264.4291
490.9897
597.1373
347.8303
168.1677
114.2488
120.6897
182.9084
282.5923
753.8347
843.3544
507.9611
52.0762
195.3929
396.2825
351.0270
774.6062
564.2417
95.4563
352.0961
513.9382
241.1070
52.0359
91.8893
436.9809
688.0973
731.7912
406.6105
262.5002
396.3727
129.1957
309.4748
96.4040
309.5392
474.7020
84.8704
83.6761
176.5139
382.1862
232.3127
375.5908
348.3289
440.5416
233.6606
239.0576
494.6945
593.1102
244.9987
241.8723
396.9102
164.6082
197.2568
290.7022
196.5565
394.3979
146.1772
318.9481
519.5939
432.5554
683.1324
150.9407
127.4136
95.7911
146.0072
308.0521
468.1709
395.1890
691.7609
592.1715
462.1358
746.1388
529.3387
387.1624
753.3970
613.1500
435.9685
133.0093
214.1081
184.1771
249.8180
488.3241
181.1638
319.9742
571.9708
445.7000
354.8120
143.3391
78.8177
146.5296
221.7387
214.2187
190.3852
116.8704
506.6354
909.7949
623.1545
16.5854
108.7082
284.0147
321.8068
150.9390
394.2432
288.5019
528.2413
398.8216
37.4526
191.4604
459.7522
506.0218
447.9620
427.3928
774.5254
678.5458
602.5756
379.9914
189.2914
419.0467
698.4106
323.4671
576.4057
419.4100
698.5799
565.1177
278.7999
198.9023
307.1789
201.8436
124.8207
243.5594
267.0320
57.2713
79.4495
143.2256
147.0080
52.9921
328.8919
757.7424
892.6472
769.1481
373.3730
309.9886
643.0546
347.0865
331.6123
827.7915
688.6924
535.4157
596.5983
585.0593
546.1830
241.2805
249.8328
138.4461
173.6706
296.2198
396.5887
88.8771
159.1041
174.4025
91.3839
271.8544
578.4433
394.0392
574.8306
522.4701
373.3636
500.3503
117.3711
210.9774
728.6444
554.8377
169.9132
370.4859
132.9052
196.6446
291.9916
147.3303
377.5220
958.7186
675.5751
246.0814
607.6913
620.4212
128.1866
378.5347
460.0521
213.7344
171.6295
221.6115
210.8858
85.3621
133.6038
68.9135
87.0359
242.3360
317.8816
36.5795
135.4395
398.7890
362.4983
291.6054
135.4240
212.1606
449.5941
238.8916
615.4732
854.9334
916.7602
756.2847
596.5534
363.3115
232.8890
143.6806
128.0938
472.4982
733.3043
544.6814
394.4677
161.6594
518.8088
738.0066
685.7676
426.3107
261.9807
193.9044
208.4032
141.4155
216.3148
203.1620
413.5997
403.0302
198.5360
248.2572
448.3362
780.6865
881.5200
526.1411
335.5671
172.4285
182.9528
240.7998
151.1257
631.8569
600.8689
190.9253
184.7443
180.9462
78.4512
200.1149
358.7370
393.1381
271.2047
729.3065
497.1425
187.6362
227.1311
461.0928
407.5382
442.5600
577.1077
84.1794
91.1579
216.7357
247.6407
162.2748
255.9240
221.7107
366.2543
87.2392
310.0173
443.6668
213.2793
477.5925
466.1285
450.4909
181.3426
317.7736
199.2588
310.1924
648.9189
563.9220
718.9517
486.1236
111.0083
271.9387
492.1358
315.9421
95.8185
222.2483
255.2777
770.2256
536.1515
448.5094
453.4190
526.9930
518.2246
118.8707
284.5873
314.5400
84.5346
127.3807
186.0529
506.4118
787.7327
822.3302
731.9898
764.0474
666.8374
686.6286
624.9211
399.3424
567.8492
898.1234
622.0729
205.3391
98.5514
250.4281
415.9208
348.2379
118.8323
100.5873
154.1263
148.9468
256.6432
275.7184
209.4688
382.5779
732.5842
592.5149
391.3257
566.4791
166.3278
202.4386
171.1935
277.4249
377.1462
127.9229
449.0423
700.0375
550.3224
589.8471
525.7745
343.8323
260.0696
89.1019
288.2921
269.2392
377.1036
900.6042
667.9831
367.0544
429.0450
661.0668
296.0780
825.7488
669.0501
308.6776
213.3261
293.3201
343.9500
514.5490
123.0750
343.4292
523.9248
234.8750
460.0116
381.5449
919.2349
518.3772
628.1762
491.0426
100.0946
251.3896
538.6006
344.6002
466.1713
367.9585
400.9982
58.5128
310.5691
683.6546
360.5889
407.0901
90.3009
110.3743
247.9833
407.6464
95.1753
218.9733
432.3162
50.4586
235.0226
555.8468
783.5115
979.2953
868.1757
899.6849
945.9187
797.4237
576.4885
250.0660
97.2936
141.4727
289.2822
651.2673
459.5883
185.6443
174.8603
160.7773
179.3066
226.8064
348.6540
164.2707
186.4399
567.8615
610.5388
745.1699
621.9278
332.7135
501.2130
341.0042
626.2913
840.0493
780.8860
490.6672
89.9260
203.3784
149.8545
340.0486
531.8790
234.9037
458.3307
300.0546
195.0406
377.4585
619.9170
276.9516
665.2590
749.8367
488.1400
337.4408
428.7230
179.4952
481.4152
811.0215
761.6706
476.6883
534.7950
509.5773
48.9242
118.5387
97.0747
412.6499
1086.6303
867.6233
527.5966
221.0134
387.0346
381.2041
496.9580
267.2298
84.3579
258.9369
431.6785
187.3095
223.9014
208.9716
238.6547
286.7735
242.2516
617.7776
464.1315
365.2283
410.6339
615.3652
177.1628
195.2050
229.9078
193.8118
186.1991
178.7086
666.2443
931.0195
495.3232
127.3446
213.9546
498.7301
299.6555
439.7407
287.8332
484.6216
234.8345
265.7064
382.1099
203.3174
116.7275
239.4984
423.5816
375.1799
376.3660
267.4092
117.5565
203.0332
244.8652
447.5287
239.9380
188.4763
279.3425
272.0547
753.9484
628.2386
394.4812
408.5090
112.5631
214.1080
107.4676
352.1641
831.5902
867.5281
910.6357
711.0413
383.4881
160.9407
415.0190
637.1500
295.4606
363.7593
854.7321
902.0561
909.2515
698.5435
450.4345
269.1210
453.4102
218.6693
173.1894
155.2548
368.6682
595.6564
510.0040
434.9875
449.8541
320.2643
286.2984
738.7534
753.0790
642.3379
472.0708
358.3305
197.5070
479.8429
386.4611
41.0213
126.0874
140.0622
152.5560
220.3496
463.3308
608.0439
137.6886
110.5964
262.7477
340.0323
183.6807
490.8311
358.0400
127.6979
247.9075
98.2605
216.1920
301.5099
634.1273
249.4781
208.4365
499.1694
355.7731
567.6937
734.3446
626.5099
280.1857
334.0349
164.0138
448.0788
688.8251
579.2322
362.1904
609.3523
257.3154
174.9741
325.3828
354.9579
625.7537
354.1621
201.9203
340.3437
530.1074
587.7554
874.5758
1028.0250
791.6577
493.9214
230.5296
139.7542
174.1473
178.6813
178.8355
137.3232
282.6823
545.3892
359.5790
631.8271
539.4084
445.2262
292.4221
93.7176
73.7230
429.9394
598.7186
271.0768
412.7007
724.4766
710.7393
534.4391
260.1209
424.6973
141.0546
199.8060
264.8457
506.9016
241.4366
207.6964
365.5355
140.0755
364.8119
786.9560
810.2825
435.3548
303.6654
424.1541
46.2010
62.7527
62.9049
254.3046
166.1472
410.6115
570.3598
173.3824
311.6341
492.7381
431.6228
294.6420
384.1351
342.7151
130.4452
288.7156
307.5121
291.0379
483.3373
388.5692
598.9262
351.0586
279.3262
663.6221
561.3202
513.9715
231.0135
80.3885
212.9484
146.2072
238.3578
244.8737
551.3064
597.5942
156.8816
189.4554
120.0327
282.5446
624.4601
447.7972
180.5308
202.8153
478.7115
845.4924
521.0932
253.8486
330.1262
935.6175
887.5285
734.9177
657.2701
750.2263
576.0734
173.8252
621.8281
618.6882
769.3308
756.2094
660.2139
538.6258
334.8749
790.9235
480.8095
243.9208
626.5949
756.8757
898.1191
929.3568
960.1781
584.2803
225.5243
220.6428
392.8257
188.2345
318.1428
336.7898
552.5412
361.2517
194.0063
178.2390
148.3497
73.7558
356.1875
523.3688
314.0407
497.9733
569.7056
349.4282
153.7443
318.5260
308.1920
354.2373
162.2367
248.0042
432.9539
808.1157
691.7473
310.8871
201.1920
335.4382
470.9543
734.5629
349.8994
493.2203
519.7726
81.5892
105.0716
245.4820
151.3521
256.5297
328.0698
406.0755
580.4342
221.2112
250.7927
352.6964
123.2988
169.0287
205.1716
408.8744
327.1633
480.4227
225.7954
121.0366
106.3177
220.3702
323.9444
72.3089
242.5665
629.5819
675.2726
661.9611
380.4905
569.8062
102.0088
270.9254
345.4126
627.7763
489.4689
97.4027
231.3852
899.8585
972.0367
949.9182
636.8599
535.6636
635.5892
460.4006
188.1823
255.5102
452.3188
478.0359
220.2948
220.4822
461.0546
186.1108
353.8246
487.9618
290.8227
351.5525
374.7627
473.7618
238.6396
335.2496
421.0869
337.4141
126.8160
412.9823
474.4332
528.9380
790.2580
552.9189
655.5367
329.3222
552.6057
122.8089
251.5023
616.8972
543.0331
317.5580
879.2148
693.2652
478.2642
458.6767
568.2912
56.9917
302.1405
475.6344
102.8221
346.1369
461.4412
179.1202
488.3380
341.3892
264.1897
280.1037
581.1189
623.5792
558.6311
251.8027
428.1653
794.3522
837.3251
448.9092
60.6087
314.0316
697.0647
518.4747
585.1389
738.0416
485.1187
489.5360
483.8864
114.3248
176.7096
70.4651
139.6245
576.7577
913.0100
562.1739
225.4255
364.7622
136.8680
170.6504
173.5499
183.6027
259.6256
277.8462
164.1790
262.0242
343.6603
329.4873
68.3429
160.2858
96.4999
120.9957
166.6213
275.6039
190.3035
133.7539
542.7997
841.5480
676.9254
577.6648
833.7892
760.3581
433.8083
96.9956
379.3840
644.6864
193.2334
212.3153
148.0337
396.6556
403.3570
259.1255
481.6488
164.9240
112.9575
167.2829
235.7055
340.7340
607.9129
310.1742
320.3978
234.9832
144.5686
238.7566
186.1968
281.1839
58.1699
171.4414
385.5756
531.4645
378.2931
302.7453
722.6529
642.3880
201.6914
242.1638
338.3479
177.1259
417.8162
160.5258
246.3574
345.8820
471.8267
243.8599
575.5206
927.1632
868.8826
532.9160
66.5928
108.6223
341.2143
812.2200
806.7620
485.6932
192.1959
390.9035
315.1180
697.2947
613.7364
350.4774
318.0266
666.1940
403.4785
162.7353
258.0320
426.5030
378.6333
838.7450
498.4847
131.6196
156.0187
68.3120
104.6898
394.0253
425.5710
173.9657
134.4568
157.7428
252.7167
116.5083
260.9432
131.8904
164.6633
344.1805
225.3429
359.8780
463.8525
1122.7470
871.3329
849.8718
812.7781
746.0476
819.0836
588.7099
137.2854
199.3814
260.2563
595.6260
272.0825
264.7812
76.2785
208.7974
411.8185
601.1127
299.1329
265.0097
691.8830
647.4872
145.3185
216.3209
300.2639
393.2303
569.6774
406.6515
450.7569
107.7334
179.1013
282.1641
321.6471
493.4251
250.0287
764.5654
854.9220
776.9118
642.5777
664.3103
536.0390
326.3354
205.4600
272.1900
193.8747
168.9494
564.1217
587.5197
333.0999
572.7822
333.7916
346.3237
207.3532
372.8955
540.2236
140.5438
79.7099
131.7426
284.0799
288.0226
384.5774
591.9449
655.7178
481.6743
366.6629
611.6051
494.5665
754.2706
765.7884
575.6128
426.7211
569.1432
347.2760
313.4848
105.9626
260.8456
497.6049
635.0875
99.5325
40.5082
136.0666
330.1321
323.7731
274.1833
36.5310
225.5390
457.0616
395.8761
599.5260
521.2603
673.8040
811.6962
875.5794
549.8199
162.9179
354.2645
174.7933
288.7142
389.4467
183.9951
303.2341
323.3923
190.7839
215.7961
307.6746
813.7841
568.5453
176.0739
322.7663
256.2043
522.6521
132.4240
213.7312
175.9969
308.0535
208.2152
484.6249
149.8846
197.0133
295.1286
433.1596
111.1656
191.5126
415.8221
731.5634
814.3038
670.4632
210.8545
130.3553
81.1008
135.9275
579.5380
691.4500
816.4336
977.6870
654.0033
306.9230
491.5751
497.8644
91.6922
160.1630
235.8391
374.9403
533.0442
544.1411
418.0813
510.4957
487.4836
246.0192
340.6074
26.8410
101.1610
341.0820
487.0685
258.1783
408.5689
127.6571
316.5423
554.8762
133.2789
353.7998
591.5834
396.3416
185.2330
336.3954
140.7488
325.2955
284.1912
149.7772
270.8895
388.6820
215.7464
289.6135
558.1574
868.0518
643.5203
429.6659
274.7458
642.0924
571.1879
371.4685
349.4763
226.3365
190.6378
158.9398
223.6002
358.2487
172.9274
182.0053
254.5407
587.2653
415.9962
408.3819
362.2256
338.8371
253.4095
138.4971
249.9853
184.9059
527.7378
860.4640
898.1485
784.3657
685.4090
716.0975
528.6648
132.0499
153.0076
209.6300
532.3391
606.3659
343.7401
373.3788
421.4957
142.1666
251.6417
130.2328
356.4775
542.2581
118.1365
94.9902
145.2137
339.2232
644.8174
414.6864
435.1184
706.5635
754.9477
744.9360
492.5254
168.8395
238.9504
509.0973
358.1007
774.7963
633.5799
484.7962
299.7098
513.5058
544.2983
559.5008
80.5748
94.9039
368.6656
564.9921
45.0699
242.2854
597.9169
727.2301
762.0242
366.2036
203.0015
468.5268
605.9882
388.2001
136.3168
452.5610
671.6622
400.5520
200.8916
84.9772
136.7214
368.9979
811.2679
840.7059
674.1363
390.2393
148.9480
338.8403
970.2988
808.6850
403.9313
223.2140
769.3508
836.3136
799.6326
776.5857
768.8580
687.3944
709.0622
438.5878
41.7671
134.4577
391.6142
523.3024
434.5799
408.7653
227.5515
164.7498
298.0381
261.2526
129.1116
242.1819
250.9601
74.0555
82.0606
256.5156
549.5571
603.6245
350.2038
95.2383
78.1451
289.1905
744.7877
784.0625
494.3593
147.8041
380.2909
893.5566
822.4797
866.0957
809.8661
625.0770
372.4249
275.4817
512.0776
360.4609
585.6073
179.7219
116.3736
179.4290
340.6690
564.2764
185.2669
506.4549
598.6763
359.0781
737.4951
510.4437
205.2675
160.5041
238.4854
474.6191
788.8758
621.3948
277.7773
152.5397
260.4355
514.0708
307.7080
456.7457
89.9411
224.2822
312.2537
316.6166
142.5242
325.2312
73.7409
111.4972
186.8464
392.2895
590.8520
171.7776
65.5935
324.9056
597.3814
482.6550
597.5391
440.9348
294.2875
273.0295
468.4696
661.7316
353.5885
568.2889
93.6331
101.2108
207.0347
399.2767
243.2660
159.0733
223.1832
516.5520
1010.6082
663.3942
368.7078
532.1237
139.3311
229.0744
315.5115
311.2049
620.5823
546.8368
368.1699
393.8757
66.4982
174.8237
208.7104
655.5339
727.0952
501.2460
260.9213
445.2992
215.1786
79.2714
90.6791
107.5860
181.9317
329.3758
350.1508
174.4524
550.5191
516.8027
399.1277
291.0375
127.1194
154.0378
294.6531
548.4291
1062.4584
1045.4444
780.1746
502.5748
150.0039
271.1288
408.8662
324.8066
411.0039
346.1484
450.2712
172.8822
239.9172
82.9542
105.0421
66.6117
62.2458
69.8496
122.0269
304.6730
289.1321
421.7138
1105.9569
973.9765
842.9268
815.4465
658.5988
616.0958
754.7247
444.5845
65.4146
151.0302
245.0001
342.0947
476.4673
254.8776
351.4888
577.7029
789.8492
811.2501
724.3860
216.7746
201.6646
345.1768
404.7433
858.9009
731.7356
446.9409
293.4714
737.7609
636.9441
139.7291
65.7193
153.8021
92.1573
350.1194
561.9734
248.6976
115.7073
203.3157
386.6752
631.1691
421.0935
569.0750
125.1556
175.5214
282.2285
380.2636
346.0745
678.1716
890.7031
814.7325
808.0676
763.4603
407.9214
228.5099
607.2284
393.0416
50.3535
50.0588
206.8009
325.4760
177.5236
401.6006
100.5574
189.4369
221.4928
512.5204
579.9187
195.5278
190.9174
129.3760
203.0103
695.0218
822.2343
592.4481
288.5432
259.3983
579.4865
315.3811
57.1936
213.0878
362.1770
81.5007
283.2868
534.3633
222.1072
269.5876
345.1351
512.7527
351.3999
145.9493
200.5691
464.0682
334.5076
217.8325
492.7180
725.4815
655.6114
258.4040
101.5521
146.8019
221.4883
286.6943
490.6712
201.5085
179.5485
441.4927
806.1298
405.5087
308.1451
426.2966
826.7364
674.1943
558.1475
738.2737
749.4585
817.6271
523.5424
253.6590
258.0523
173.6903
270.4736
573.4513
499.4512
794.2386
653.9867
229.8303
110.1521
192.1947
692.0519
829.8459
558.6345
277.3421
281.3972
344.5224
434.7174
634.5960
508.1765
613.5520
490.4094
395.3858
138.6273
558.7222
703.3398
354.6211
422.2725
156.0824
243.3391
86.3888
266.8441
435.7025
251.5421
504.1573
771.8245
726.2726
194.3998
364.1791
245.6561
48.1776
288.0374
543.6252
335.2382
156.1940
178.2064
181.9501
229.4323
67.1713
127.8896
364.6466
726.6954
767.9987
694.3276
781.1948
691.7510
623.6072
407.9513
138.5569
98.1283
110.8110
466.7689
894.0886
737.6014
800.6218
891.4578
837.2860
833.3060
777.9724
708.4883
587.4942
148.8713
153.0730
303.1373
790.6962
566.0174
385.3234
326.0930
134.7849
409.4853
730.5778
594.5099
206.0715
279.3978
640.5551
268.4108
104.7701
233.4730
267.3760
147.8497
135.1711
75.0577
102.9482
64.3181
360.5746
779.1815
760.4690
920.3980
941.8025
934.9823
893.0631
908.3181
520.7774
98.9980
102.6722
165.0008
184.2561
204.1874
636.4860
632.3103
175.7339
126.3038
67.6118
57.7936
162.2137
282.6278
133.2612
80.7793
80.9983
129.3066
478.4955
869.7183
564.1975
161.0767
268.4143
559.4775
650.5137
542.9090
324.8978
312.2592
174.5522
141.6444
382.7046
538.4157
66.0028
102.1209
230.1147
358.2481
211.4282
205.8376
352.5465
680.1539
471.1653
198.4777
64.1999
429.7685
620.5044
388.4359
557.2497
896.9870
813.9260
454.1128
298.1901
329.5040
54.9341
112.7989
292.1079
316.9447
792.1192
900.0524
920.3897
778.1588
657.0683
538.7887
244.6328
532.6650
359.3198
586.1824
69.5818
174.8189
284.1702
78.2856
110.7571
276.2416
101.7548
262.6796
562.8291
525.4453
276.1450
378.5791
595.7277
400.2227
922.6416
852.3231
406.6235
129.8509
113.7642
30.3099
164.0565
390.6769
215.0586
416.9447
806.8475
929.1000
656.6042
233.1197
151.1214
379.6998
326.1856
498.5076
729.4621
445.1265
80.0111
55.4169
341.0469
591.0395
333.5752
523.8056
749.3198
641.6825
580.9870
666.1213
324.8218
263.7217
360.6856
239.7193
629.3956
511.7276
208.6218
133.4666
267.4573
227.3174
86.3242
173.5014
417.8797
174.5108
360.8029
845.5047
595.9871
279.3441
167.3763
176.1093
368.1751
290.1189
499.9172
155.8617
152.3935
307.8414
443.6833
281.6971
237.5847
181.9085
190.9123
383.8485
855.1783
783.0705
826.1034
699.6708
695.3674
564.9052
578.8476
413.8694
374.6416
527.2467
240.7952
208.5758
550.1878
401.1037
328.8337
496.0338
462.8778
70.4800
259.8219
308.9442
278.2120
574.8659
265.8768
85.9058
137.5394
173.6889
62.1116
48.1845
35.3662
41.1638
48.3245
91.8076
188.6397
211.6254
160.7677
316.3476
394.8615
563.3284
238.8548
799.0026
609.8875
305.9717
348.5407
135.1916
140.7031
185.3211
156.3185
480.4734
403.3270
442.0125
722.0897
823.4586
443.1328
137.6853
442.2668
466.9967
323.5231
355.5549
437.4283
900.4478
577.0032
96.7278
220.9627
284.7026
205.3082
156.7834
128.9720
259.4912
263.4348
180.6095
349.3626
635.3841
540.5621
88.4589
112.8446
406.4188
293.9189
120.8355
123.6641
180.7344
280.4576
243.8450
85.1788
50.8571
135.2593
209.2241
359.8381
584.3797
280.2498
378.0938
322.1167
309.9620
275.8693
614.9932
618.1041
362.6306
90.6368
139.7543
114.5527
90.0153
279.8021
405.5788
396.2597
367.3522
424.5354
474.8272
156.8948
388.0539
413.1435
210.8450
238.4718
177.5241
183.8415
167.0356
349.7571
729.1824
743.3532
548.7525
240.9065
149.4762
612.4493
826.1888
426.0745
256.7819
568.2933
646.4409
515.2795
112.9854
69.9569
248.6979
633.6438
975.5182
598.7218
236.8047
203.7787
130.3210
244.5178
322.5121
165.7202
73.2186
87.7378
112.0532
147.4402
96.1374
370.6683
914.5216
919.3219
702.3088
434.6172
83.5856
50.3849
51.8350
334.4458
552.7101
104.1019
120.8466
58.2877
162.0487
566.4637
511.0116
113.4413
157.8206
309.7938
713.0792
797.4437
643.3710
235.5158
128.0779
226.4803
387.9356
178.3999
105.8469
228.8084
566.4135
242.2983
382.5926
297.5142
304.6833
388.9905
125.7890
130.7998
122.5524
303.8262
591.3494
387.6954
158.7710
309.5589
162.1875
76.0597
208.7210
711.8593
844.2490
469.2995
86.3267
68.9773
218.0125
495.7985
140.3555
80.0464
332.6731
746.1638
379.9314
371.7371
137.9044
275.0316
529.2840
274.2409
516.9839
222.1995
176.3049
387.8609
444.8784
215.8011
416.5467
679.4123
501.1480
590.0264
294.9076
175.4124
287.2787
400.4298
33.4700
83.7198
87.2467
121.1847
388.3002
605.3222
529.3976
245.1990
388.7615
391.2867
168.1289
256.9505
481.4935
88.7355
140.9228
287.2552
151.9172
352.2880
549.1916
208.2306
537.3594
777.5701
601.2580
130.5602
228.9654
277.7702
97.6157
78.5877
302.0871
793.3661
356.8467
145.7689
214.5880
696.1191
476.3869
161.3183
130.2023
161.2568
341.3663
253.6354
73.3261
301.3389
429.3594
281.7131
442.5131
283.6358
274.7026
296.9231
222.8444
229.5663
452.7422
394.0234
452.9114
391.2185
556.9729
748.1214
502.1136
397.1543
541.6101
222.5462
679.2351
635.2540
399.9465
226.6359
516.8277
278.5962
178.4770
195.2755
168.3792
140.5587
148.0698
374.8603
409.7792
257.8938
386.4296
793.5134
609.1928
397.4306
190.4602
93.0811
296.9235
461.2227
144.3176
93.1624
391.1019
591.4665
368.8283
524.5631
708.9792
719.3884
561.4184
288.6942
145.7585
166.1568
417.2765
782.2775
646.9255
641.6821
507.5776
224.6623
516.5684
491.5784
204.5370
147.1024
264.3597
592.6294
534.4382
684.4983
815.5201
610.2131
555.4429
662.3152
475.7284
740.0395
753.3066
665.0759
537.8613
223.6216
363.7801
561.6516
438.5895
698.2576
342.6403
72.1009
331.2117
484.8285
89.1915
344.7551
709.0949
468.6643
326.2507
321.8280
883.2946
633.9016
107.1813
78.8739
114.3517
343.5241
762.8730
579.7748
252.4713
377.8106
403.3038
420.4291
543.3998
425.5307
214.3524
427.8843
230.2707
357.0213
485.8442
575.5083
738.1300
659.7606
490.8286
234.0735
152.6194
183.1493
523.1293
596.8544
237.0849
430.5549
268.0845
266.9642
171.1794
439.2125
728.2268
449.5391
591.3020
680.6278
167.9442
251.8642
351.6741
288.4888
441.6137
680.5520
625.5008
744.3714
605.6296
613.8861
661.6548
270.6451
136.3257
330.7012
789.8710
528.3618
142.8737
195.0559
359.0125
914.6407
910.9794
744.9500
775.0824
551.9876
157.6080
198.6486
363.1184
490.6590
333.9854
267.6212
198.6258
352.7151
714.4602
557.6251
117.7547
307.3080
722.6320
730.3044
513.1370
272.8620
561.2478
350.7862
370.6675
414.2193
262.6886
454.4868
569.7138
88.7720
157.6956
173.9520
462.3626
509.2518
339.7434
609.7094
232.6409
593.3997
333.5924
90.1929
431.3611
668.4150
638.3861
883.1938
946.9259
668.1961
208.3642
238.4500
151.7124
273.0839
473.0384
557.9818
631.2597
376.2339
107.6476
246.2039
396.8692
138.3914
269.3268
533.3600
231.3683
645.4447
745.0123
487.0255
369.9895
765.0904
409.5368
104.5120
249.5428
425.2884
215.5595
625.2696
821.8133
798.5573
906.6729
752.5758
389.5784
101.0112
157.0803
345.5012
186.8688
235.2810
222.2010
75.8507
216.3130
649.1450
680.6667
664.4691
602.1100
487.1671
560.1059
727.2138
840.6636
568.4986
276.8820
683.2434
476.4100
145.3154
105.2441
278.7246
423.0514
133.3405
329.8396
611.3024
226.3979
293.0920
402.1263
185.5541
466.9613
969.6359
822.0568
815.6948
856.6610
565.1952
150.1683
121.1446
287.9995
254.1524
353.9003
367.5270
418.8962
116.7907
440.0858
605.3510
261.2731
330.1652
455.9001
108.9889
558.3525
655.4059
227.0709
234.9582
512.3658
819.5469
824.8473
659.2519
807.0378
862.5347
634.4440
428.6683
330.7597
702.7750
521.4324
516.0119
350.0344
220.7232
257.3635
197.6041
153.1106
292.4025
729.0357
728.0019
391.3304
355.6529
697.2968
621.7502
387.4590
232.3994
195.2992
256.0847
102.1448
172.4581
495.9968
549.9604
258.0425
488.8992
863.9558
785.9113
579.7902
198.3491
365.8998
660.6877
465.6461
216.6943
61.8938
132.6539
351.7946
382.5076
289.0398
385.4807
471.8292
358.7194
264.2805
782.4809
972.0043
937.5064
961.1294
907.7378
854.7207
564.3179
69.4081
152.1264
163.7264
162.5487
369.5353
109.9527
197.4990
365.3007
875.1461
824.9727
545.5240
466.9321
716.0566
337.9336
58.4847
342.1805
504.6539
787.9927
788.0642
725.9540
854.4226
893.1201
1123.0899
927.8846
768.0437
882.0476
934.1650
942.8804
833.7292
878.9540
502.5543
118.1687
165.0925
335.7091
821.9563
491.3416
250.8315
723.0825
788.9262
669.0532
344.0896
422.3405
444.9584
490.1971
203.2363
303.2740
516.4684
164.3060
437.6033
621.6012
599.1245
452.7079
322.8257
480.8060
436.4800
268.1039
208.3035
268.8684
660.3259
687.1871
635.7383
502.1503
948.1631
708.2575
356.8539
159.6059
440.4379
797.0972
725.9452
512.7707
120.3127
127.9150
445.1290
629.5535
402.3809
544.6303
149.1909
74.1772
290.7374
591.6325
220.6199
586.2675
604.7089
250.3578
595.2334
461.5472
662.3411
605.1603
393.1169
223.8338
301.1432
691.8822
793.2198
734.5062
687.8776
550.2657
231.7774
288.8079
144.9742
125.3924
140.9488
391.8605
435.7278
215.3910
80.1460
453.0631
929.4305
702.1537
483.1614
351.1768
797.2932
779.1335
445.6942
130.1648
474.5116
772.7543
443.8950
115.2501
202.4844
428.2952
560.9694
280.0818
37.4433
105.0532
106.4786
182.7122
524.1887
600.5249
726.3140
761.9184
526.8252
759.3880
703.6926
338.6921
173.8487
443.5456
806.4943
635.9621
513.1562
578.0143
299.5070
398.3188
287.0065
568.4501
645.4458
726.6828
630.6605
418.1884
888.8678
534.2768
483.2423
466.0468
347.1659
846.9448
653.4429
455.1165
296.6094
314.4796
459.9582
550.0912
955.1736
891.7470
672.4829
208.8735
77.8158
350.5318
411.8395
423.2928
385.2216
250.8993
459.0116
298.9792
696.4009
617.1727
492.2562
412.6815
368.4537
587.3944
249.6705
91.7011
180.0390
279.9512
616.6070
758.9823
444.8482
313.9477
166.5786
233.8992
305.5153
262.6182
696.5164
595.1870
216.2240
271.6797
154.9179
118.9767
112.4938
142.6423
74.0624
344.5006
712.2563
425.3355
407.8531
615.9391
455.1749
345.1770
605.0715
398.7940
310.7017
320.4852
75.4200
115.9488
349.7809
858.5722
517.4270
133.2575
487.9799
529.6257
435.8392
743.1551
434.6134
743.7182
981.3782
1032.4408
922.2278
994.2271
865.8146
743.1901
413.3259
509.6178
867.0598
619.0474
403.5116
122.6085
142.3431
271.0449
506.2379
482.8883
30.7775
281.5150
805.6977
688.3546
446.0901
181.5998
247.7059
464.7956
255.8454
94.8199
407.6015
671.8042
335.6801
320.6267
1033.0120
1004.9841
856.1886
778.4919
725.4192
535.7394
511.8398
527.5951
249.8155
270.7880
482.6079
568.3154
543.7710
285.1611
56.5130
86.4300
295.4239
170.9113
69.9671
112.1226
286.0280
862.0676
701.7877
468.4558
307.5627
412.5371
168.4442
238.5710
690.7661
581.3663
372.0338
332.3709
197.3174
103.8132
238.9665
527.5840
165.1750
380.5885
255.3424
197.5900
403.0472
203.3011
535.5465
826.2994
725.4288
745.0775
680.2184
695.2479
607.2515
537.8192
568.9473
81.1857
251.4462
265.3011
172.9732
85.6111
72.4124
131.4495
76.3470
132.8545
162.0644
228.0160
463.8485
190.2501
579.1250
962.8116
821.7924
404.0956
155.3894
98.7096
124.3576
592.5112
950.8729
876.1232
726.0806
427.0531
289.1326
724.2685
794.8558
459.4411
497.1869
803.2303
552.5513
452.3636
474.2494
166.8001
304.0741
608.1186
286.2498
473.8547
232.4685
177.7811
452.7440
143.5551
282.6546
315.4706
735.6484
697.3771
892.3050
961.7609
1064.4998
976.7975
918.2250
859.8268
885.1589
838.3600
515.8176
171.8555
207.2889
73.1758
144.3616
426.7609
343.6733
368.6966
499.5859
461.2385
594.1348
614.3660
639.8556
465.9605
250.7224
393.1480
258.4426
450.5874
275.8699
58.8457
105.3042
201.2344
265.9605
141.3774
119.9018
208.7278
353.3754
730.5321
599.8955
146.9399
277.4359
654.0018
453.9216
160.2848
268.4169
501.3530
296.1606
248.0213
272.8922
107.2980
208.4289
163.8218
157.3933
635.1278
745.1254
483.3789
407.7669
694.4745
846.7800
905.6436
577.7798
273.8399
694.4643
583.1003
515.3119
814.0871
715.9006
989.9646
847.9349
863.3386
1086.7998
1114.0856
966.4723
856.0521
540.8118
129.4163
122.8195
387.4516
607.0140
498.5939
173.7831
265.5797
136.5264
408.8447
490.3719
50.9752
315.9926
731.5344
785.3918
690.4898
772.6210
947.0420
503.5409
205.3155
352.1093
464.2524
852.8698
462.2896
404.6782
636.7758
504.5146
962.1281
679.7152
462.1914
488.6295
536.4148
977.2778
1001.1291
926.2128
636.8502
234.0214
331.8417
1052.4659
961.2924
720.4474
761.1491
554.2758
325.5818
925.3007
877.4427
859.9313
836.6886
636.0880
848.4645
922.3419
903.8604
647.9222
459.3811
335.1509
149.4402
228.9239
238.7475
457.7677
686.7058
646.4320
381.4408
482.0600
893.5036
822.4229
822.2329
681.3508
608.7766
589.1850
472.3429
284.6607
216.0751
482.6463
652.5852
329.0340
31.6569
197.5286
398.6688
702.7874
609.9572
669.1901
579.4781
256.5758
143.2188
348.5949
496.7913
271.3226
478.1816
415.6589
139.8440
249.3196
461.2436
187.7025
142.9798
425.5313
894.7326
906.2779
918.6906
586.4736
165.3845
110.5615
329.2089
839.4458
642.5601
436.6463
583.4853
70.4223
254.1717
359.7831
76.4352
208.3627
532.3989
279.4802
592.8700
338.7003
455.1096
510.4909
535.7285
537.6180
328.0889
531.6103
482.1958
322.0197
438.7752
609.0126
333.8984
238.2504
247.6132
175.9484
98.0077
72.3079
281.7644
585.2918
349.2160
115.7469
104.1882
433.3376
549.9275
386.8114
782.3788
643.2503
270.4948
428.7406
655.0576
435.7051
174.0535
348.0469
289.3676
572.1310
95.9534
133.3676
284.6623
178.7027
625.0914
555.6148
97.9335
246.7703
334.9461
912.3293
897.0626
715.6890
376.6182
34.7645
65.4883
161.1228
287.3092
320.1207
420.8244
511.1496
242.4704
375.6810
175.3501
111.2727
51.8014
286.0818
553.9857
43.1400
315.9546
524.0207
542.8698
216.7027
62.7034
346.8445
790.6045
858.5725
701.7025
706.4798
532.1200
100.2360
96.3871
182.9631
89.2790
235.5020
785.6621
938.6059
1014.8543
921.1354
903.5915
937.3521
928.4397
793.8883
416.8186
117.4799
185.0509
455.6404
328.3419
513.5316
493.6498
194.5621
174.6154
299.4478
52.7594
245.3409
347.3415
368.8792
573.6164
372.3276
264.5309
68.8811
317.7860
719.1180
639.5788
619.6401
367.0071
51.5345
331.4553
693.9265
255.9840
204.1113
497.7107
637.8009
348.9816
513.1109
130.7170
158.8199
201.6721
363.2060
471.7413
174.4577
221.8852
235.5630
368.3178
112.6798
238.9269
520.4567
668.8664
435.7684
70.1296
187.1781
241.1757
301.1851
575.7950
456.5668
493.4637
825.7650
736.9866
741.7437
596.1228
382.8338
336.9744
326.7351
776.4430
836.2371
645.3820
367.7777
632.5587
1113.6744
793.6215
595.7053
861.7709
876.3950
797.9624
727.9499
720.9940
707.3754
697.4396
590.5528
174.6714
239.5858
55.6133
89.3843
282.7039
377.0787
282.9204
515.8144
702.7864
571.6933
460.3278
694.2026
673.8014
600.7721
331.7172
537.9849
276.6503
370.7001
702.7236
341.2428
113.7424
207.7963
183.4791
318.6984
131.2000
252.3939
321.0802
302.4715
404.8330
767.3736
683.3089
715.1030
513.4242
49.4755
94.9659
410.0157
432.9639
337.1064
456.4028
395.0510
212.8741
414.3675
895.6343
984.0730
992.7176
993.1801
957.4197
765.4114
711.1026
774.6449
544.4303
280.1232
541.0982
269.9810
437.1160
55.8640
114.8863
181.8732
113.1334
120.4661
490.0997
553.0432
232.7342
130.0164
188.0642
360.0171
543.1577
818.7969
468.5601
220.1818
186.5330
847.8970
974.4250
874.7531
741.4092
434.4124
73.8115
164.7461
173.7193
368.0610
504.9649
105.1483
42.9949
315.6959
855.2326
766.0977
487.3348
116.5755
143.5826
325.4283
305.1664
501.4567
231.3568
342.1980
242.0185
303.8701
174.5297
224.8800
319.4571
339.0410
278.9215
841.9507
617.4517
153.9668
164.6609
356.0548
610.8676
245.6628
402.9388
385.4050
122.3125
325.2103
531.0710
464.1357
554.6174
385.4561
351.7696
467.9185
167.1475
207.8475
265.1099
238.5539
120.5717
528.4014
748.1418
462.0955
309.3457
631.0513
256.0321
248.3652
630.2844
609.2688
62.6776
109.1823
291.3381
848.6458
629.6249
219.9552
350.9136
448.7712
122.5417
396.7216
465.6442
249.9504
262.8432
660.7408
621.0082
280.4373
259.7039
661.0685
848.2641
1051.9928
891.7294
591.7258
364.0733
305.3024
641.8183
300.8287
506.0157
623.9463
738.3497
545.8943
70.9777
164.6039
250.3975
185.2447
458.5119
337.0405
269.8555
517.3175
285.0678
278.0008
398.2352
837.5294
1021.9684
944.7495
591.0939
270.4222
550.6039
376.6327
555.6756
355.8486
769.7745
760.6829
867.4716
648.8659
640.6169
698.8335
246.5447
355.1741
746.6469
789.6829
626.2717
222.5310
622.0283
668.2682
481.5824
537.5104
484.9135
118.8345
402.7883
368.6493
122.3465
281.7475
471.7597
797.0608
834.6045
808.1876
704.5574
653.6142
655.1352
914.8603
610.2558
276.7218
279.4749
578.2473
207.9217
84.1931
92.0963
211.8602
424.2164
352.9471
505.9395
75.2868
142.7047
212.4640
379.0057
486.9185
130.9126
402.2360
707.8430
763.7811
507.9348
346.0499
697.3259
674.8810
464.4213
200.2658
160.6448
89.2249
85.6376
362.7078
667.4293
352.3377
448.3882
477.1244
811.2458
722.7435
478.6141
219.0394
562.4949
792.9496
628.3071
492.1749
747.2163
775.2718
761.5759
592.4282
393.5818
638.6843
800.1255
529.2885
404.8029
556.7308
954.5409
742.4763
344.3740
319.9353
145.3198
247.5716
345.6386
294.2900
653.3932
467.7103
68.7714
177.8722
441.3448
521.3226
149.8482
375.5617
402.4447
624.3583
819.3512
629.3611
195.4320
150.1645
144.0311
325.2370
580.6036
43.8112
52.7751
77.0938
238.7956
302.4321
589.5200
337.6496
77.3129
222.5187
210.2078
214.6835
132.6616
443.9697
416.8575
209.0158
237.5397
477.7884
147.5492
219.3933
696.6132
610.9206
207.9605
262.6788
677.7771
612.0019
630.9232
560.8007
329.9683
482.6926
352.2280
268.7201
597.7835
421.5220
126.6993
547.8368
676.6086
147.7248
260.0308
338.7898
161.1558
154.0027
430.4836
523.2800
178.9540
115.6432
126.2904
145.5453
138.3094
234.7198
469.5955
112.7011
444.4493
550.3882
260.1674
90.5379
171.6187
549.7181
746.3569
562.3822
370.1552
246.5131
41.0597
143.3717
414.8801
458.5365
479.8474
115.3215
174.0095
288.9442
247.9689
437.3546
156.5830
240.6151
386.5867
278.4920
80.3028
294.7955
440.8097
131.8483
118.8686
304.2724
814.3384
783.0401
713.1202
672.8852
258.9736
652.2737
490.6389
291.6141
539.6115
322.5901
215.0144
302.4224
642.1037
762.1035
713.7120
414.7268
89.8748
74.6855
46.0474
426.3760
666.6696
505.0785
945.9070
748.0502
693.8566
761.7977
668.1251
150.5739
136.7877
277.8277
114.7261
257.8553
459.7161
435.1906
330.6894
618.2496
647.5531
213.0397
372.8691
545.2104
622.3054
258.2493
386.8260
149.9282
244.0204
325.5746
606.5249
366.3792
229.3886
599.7340
522.7682
218.7138
89.8076
154.3350
188.1653
309.2407
951.4092
942.3454
665.4718
321.2595
440.5607
975.2390
876.7435
878.6925
789.7698
628.3511
612.8670
654.7188
511.4260
104.1964
144.4650
360.1800
746.0223
626.2239
594.4493
693.0803
521.8154
143.0539
299.2823
132.3500
209.8325
229.2670
241.3008
150.2408
237.7472
264.6043
381.7581
402.5093
513.3252
854.5658
439.5989
262.9859
624.7333
285.0270
210.5693
416.3074
386.3895
425.4696
294.2809
458.8350
379.8623
633.3883
882.2923
622.5408
443.2264
594.7545
217.7246
199.0825
358.1469
905.6964
906.8065
573.9700
76.5192
172.5845
176.0304
613.3151
513.2752
555.4220
856.6759
831.6457
633.1809
519.6653
605.3083
805.8531
569.2304
138.7526
280.7091
315.9517
751.7477
767.2688
702.0307
711.6512
792.3673
611.9613
506.8945
272.1672
427.3097
344.3062
238.4466
214.9898
442.1834
691.8568
573.9669
514.6119
263.4816
69.2075
312.1575
703.9335
465.4120
275.0382
94.1347
307.8755
595.5025
507.4937
474.4032
377.3488
419.3984
121.9327
372.5425
422.8389
210.9183
596.9024
763.9301
490.5986
285.4750
118.6133
398.5123
575.7162
146.0196
191.5680
270.3762
370.4361
242.6761
197.3471
342.6490
339.3568
273.2476
72.2957
69.4675
72.0516
50.6164
349.8795
872.9447
753.8143
254.6656
148.2775
428.9913
602.0559
277.6702
305.8663
339.7947
200.1397
124.1209
301.2670
235.2632
127.9815
83.2776
88.9782
163.8869
191.2494
319.4840
906.0617
895.6103
1044.5137
952.2131
989.7284
762.7662
650.5681
737.5577
541.6812
428.6495
469.4855
515.6856
606.2793
287.2572
322.9611
280.6036
226.4087
133.0629
143.2059
212.2890
420.5300
560.0787
556.6414
447.0383
53.6960
82.7315
190.4385
224.7039
203.9306
303.6669
314.3187
359.8715
314.4583
441.4727
151.6343
702.7390
730.3702
326.5138
363.1418
163.6726
233.2723
550.8216
702.8404
594.3137
633.8910
410.8782
351.2426
637.4141
102.5824
302.4717
519.2337
644.3215
639.3106
234.7800
136.9249
749.3458
836.0333
516.9224
256.9466
121.1573
208.8764
87.0341
290.6827
969.9766
781.4208
430.9957
273.3182
396.7289
465.0507
536.7399
789.1859
567.5118
393.4029
261.7180
864.4025
929.1735
748.9577
525.9820
188.8643
256.7413
510.0165
335.6217
128.5644
90.6962
212.7632
258.9813
127.0983
238.6481
281.3108
485.6177
791.6942
489.8038
82.1959
201.2012
558.3386
538.0580
409.1490
125.6297
349.6838
628.0640
443.0407
271.0982
787.0736
564.5531
253.7054
772.4684
784.2370
503.3217
93.3282
382.2725
592.1383
463.3837
636.1885
659.9545
846.8251
356.1831
47.1477
61.6083
122.8115
282.6374
166.2738
126.2484
257.3535
325.2735
425.5859
206.5589
89.4283
36.7776
89.1413
442.0947
556.1296
110.9733
219.7053
532.3297
669.8487
137.9525
129.3492
131.4174
308.8029
723.2652
270.9133
54.8493
218.9496
505.4515
830.9450
749.5940
388.9986
80.3561
195.8890
191.5067
318.9148
874.9033
863.5038
506.2472
143.9030
379.3292
343.3537
184.5021
644.8075
635.8555
150.3575
226.1193
164.4866
309.3442
463.3907
397.6981
203.9479
514.0872
720.6419
586.1238
124.3157
297.1690
473.3620
90.6645
201.4042
392.2597
311.0388
590.6464
515.1561
623.4191
334.3158
199.6855
463.9211
198.3400
182.4814
220.5096
89.7267
219.4097
474.3315
285.5701
372.4917
198.0664
173.4435
79.4321
109.4884
159.1466
605.2218
743.7155
627.5728
689.7623
725.3870
455.5327
346.8804
705.4583
534.6406
404.5367
912.6657
689.9306
597.7507
475.4974
261.1777
462.0985
187.1361
179.5927
81.3965
410.3254
716.3867
376.8900
134.8232
140.5722
426.0446
888.6258
817.4272
601.9879
264.5061
348.4602
212.0463
172.7855
185.1671
315.1399
456.2585
436.6543
760.6021
487.9564
148.4142
201.2484
155.8679
140.9737
264.8143
180.7448
138.6956
296.6228
386.5198
714.8140
779.9833
913.7816
677.4994
360.1928
114.7316
75.7610
273.8626
407.3083
489.6235
158.9233
299.8166
460.5631
364.3616
986.2096
575.0740
81.8762
272.1054
509.0850
395.1481
113.5073
268.5897
581.9897
996.2495
646.9847
196.5817
144.6357
67.2585
195.4013
189.1092
115.0412
265.3608
275.8630
366.3334
499.7420
342.8474
473.1439
67.7641
91.5652
167.6973
405.1785
213.0145
313.8845
508.3080
194.8635
716.3320
740.0542
996.7689
1073.7937
1019.4218
964.2717
568.5325
216.4063
127.9323
747.0968
866.0295
560.1087
307.8810
546.0092
405.8622
559.0959
566.3767
642.5579
304.4231
156.2843
162.6892
61.0517
106.1270
369.9241
719.1268
535.8093
183.1657
98.5008
262.8529
627.2093
338.0797
62.5874
141.4993
157.4403
403.9138
777.0541
432.8282
174.6648
446.3416
309.3180
118.9461
117.3805
150.1461
110.0339
158.1454
204.7502
321.5914
356.9226
328.5899
578.5750
189.1579
210.2158
349.7403
217.0499
219.0255
447.7345
641.1552
611.9025
306.6265
550.8570
451.5511
970.0676
895.3706
639.7281
107.5965
79.2121
101.5610
210.1590
484.2876
347.8558
343.3861
82.8423
93.0485
145.2492
98.8037
88.4810
172.2042
463.0661
498.7704
720.9930
494.6799
463.4130
911.8607
1074.6225
1080.5539
995.7179
666.1315
204.7994
48.5075
53.8425
181.3487
128.9835
46.7788
225.0985
505.9906
656.5134
606.0238
636.6544
670.1191
431.2047
309.8063
374.6752
154.8682
126.9072
203.3551
146.3200
255.8222
527.2789
272.3553
441.0169
103.0224
248.3485
733.4247
974.8043
619.8090
572.5843
464.9357
613.1756
534.3414
96.0911
268.0210
429.5413
564.5093
432.0731
93.6051
151.7530
232.2955
132.0330
81.1620
131.2975
367.4428
722.3827
612.5994
397.3422
226.4458
288.0049
176.5228
247.8608
240.2254
344.1312
837.4113
636.0972
265.1386
189.6908
248.7205
355.6712
696.0960
776.5787
702.8149
393.0512
592.3707
482.3820
77.1593
412.0824
736.1989
629.6766
846.8535
714.1097
605.7079
732.9104
652.0548
799.1408
766.0344
570.0698
688.1556
664.3570
201.0080
464.8318
532.8902
177.6027
296.7032
206.5600
444.8097
204.2064
96.4353
232.6903
336.4568
463.1952
917.1699
663.6403
106.8191
161.9441
319.8292
470.6463
266.4390
168.3721
162.5775
27.7374
55.3657
275.5931
402.1569
410.2744
83.5811
59.7508
328.7471
845.9086
658.9954
329.5772
263.4012
467.7027
394.3404
693.5307
443.9808
61.0379
431.6202
735.3505
560.3121
434.2153
196.1080
497.8872
731.6669
777.3189
282.7827
67.9212
431.2832
548.8251
163.3431
231.8085
293.5979
51.2195
294.8526
456.3852
91.1702
117.4626
132.0233
390.9191
385.4597
593.4316
826.5872
677.1473
577.4695
283.6277
379.2773
425.6583
287.2740
504.0604
479.5566
402.4540
148.0696
132.8182
131.3236
181.8045
341.9320
202.1411
264.9911
386.5927
144.2765
168.0617
340.9734
452.4248
560.3835
326.8206
454.5694
551.2936
416.0905
74.5218
181.2981
631.5393
744.2136
503.5512
876.3570
589.2537
498.6091
515.4750
477.8429
803.9015
609.5248
398.0060
610.0116
677.4932
492.6146
387.3034
896.2389
500.3193
250.7135
915.6557
642.0322
354.1916
365.7793
539.9919
237.9728
237.1298
40.1758
84.8700
256.8256
574.2671
355.2885
94.7496
99.3054
89.7130
131.7409
229.7548
592.1938
297.4251
116.6701
251.4629
404.3998
382.5374
523.2590
229.9152
279.4661
258.8659
431.4602
354.0138
364.9806
330.8202
668.1248
391.8328
295.6885
208.4740
195.0370
657.1198
572.9539
253.4440
463.6965
168.2382
409.2665
239.3159
752.0297
882.2647
806.1442
884.3188
638.8205
606.3060
634.9807
543.8023
431.8793
551.3684
708.0832
547.8876
446.2682
109.0775
302.5683
758.1648
738.7103
589.0337
356.0920
477.8597
670.6168
698.9237
246.1778
425.9254
457.6412
313.4038
135.9797
202.4620
238.7077
174.9920
365.8223
232.0186
741.2579
970.0258
930.9799
860.1389
866.9891
583.4872
118.8490
165.7002
98.8006
115.6196
139.9735
191.3262
209.2888
201.1432
212.6703
305.8646
879.5475
708.7330
540.7804
573.1554
686.1799
787.1147
765.1360
952.9702
621.1083
252.9383
581.3851
810.2264
666.4740
436.3757
274.6381
446.4269
95.6001
362.2131
838.8707
807.0132
602.5506
481.0875
194.8397
295.9106
692.8835
960.2154
918.4258
930.1022
1179.6928
1031.5511
623.8886
324.5895
548.2891
201.4058
350.6028
657.3532
818.8617
495.8337
221.9364
271.1427
779.5373
651.5116
83.4410
234.2803
434.4023
426.1556
888.8471
619.9239
369.4382
169.9940
396.3572
136.4246
118.7253
247.5627
374.7407
188.4246
298.1609
114.0780
160.6431
131.4616
106.5694
126.0284
136.5741
116.3482
214.1943
362.6270
410.9152
114.7939
364.1179
649.7554
245.4744
189.6777
581.0078
761.1939
600.5300
500.6578
482.5024
876.1336
1021.0783
800.3442
703.8652
543.0856
437.3561
858.9452
678.1106
533.6307
778.6747
691.1399
203.6827
236.5035
52.9525
153.2764
231.5514
431.6843
967.1568
768.1313
533.7514
101.9826
70.5867
173.4988
293.8286
391.4667
838.6507
639.7613
306.7928
154.2953
124.4039
396.5649
475.7445
110.3035
154.2707
558.4451
607.7033
97.4605
217.4895
287.1528
387.6522
630.5858
221.9338
450.7370
255.1580
658.9802
674.5107
614.6872
223.4764
233.5689
197.4071
122.7387
207.3215
371.3107
172.4974
258.7077
161.7060
90.8173
66.3736
153.7747
214.5971
303.4801
363.7425
731.2298
816.9915
675.7538
306.3363
436.7502
189.5820
329.1809
558.0838
892.2731
1077.6454
1087.7874
669.4396
194.4664
698.6899
677.2174
475.8433
135.4748
80.4166
179.8322
130.7031
102.3995
95.4206
255.1637
218.0746
108.6427
260.9132
280.4825
532.7703
268.1307
53.5174
55.3692
93.5260
185.4520
522.9883
838.7740
472.0508
51.8676
25.7564
140.7086
525.2975
518.0025
187.3343
532.0702
611.7326
553.0998
1062.4758
1002.4670
777.4729
744.3794
950.7112
569.1159
493.6222
692.7187
411.1719
708.9301
584.0027
742.6086
568.9741
310.6951
536.3431
157.1003
456.6777
578.7481
26.4342
284.2326
685.9876
570.4194
601.0837
454.5994
648.3037
432.9666
319.6733
344.5215
982.9272
956.3539
603.2157
488.4791
754.8711
460.6622
260.6463
724.2571
556.8885
76.7898
121.4305
116.3551
47.9483
102.3149
382.2707
631.7957
544.5641
352.5145
178.7769
357.7486
664.2632
179.2989
263.1229
786.8320
630.3518
789.6992
797.5574
505.2421
219.4489
389.8599
533.2755
1010.5227
827.6660
394.8031
332.7674
185.3556
377.3979
459.5044
304.3726
282.8592
416.5651
363.3162
79.7485
71.8795
201.7485
213.5154
614.1884
953.0378
928.5797
860.5911
583.2802
426.8893
248.9010
832.6375
943.4072
612.7459
325.2662
549.6384
454.2787
850.1366
850.6981
797.9209
558.7759
107.9887
186.3363
438.5585
723.5713
517.4751
273.3113
350.8863
251.1566
459.4781
435.2096
409.7491
481.8766
162.1677
175.7719
256.9547
314.0928
610.0765
233.3206
346.1467
550.7109
373.7372
415.3155
400.9017
700.5775
805.8874
1016.4576
716.4999
595.1045
1009.8486
910.6006
758.4447
717.0960
449.2406
297.3597
694.9451
747.8786
461.0266
396.9476
635.7673
763.5058
541.7099
83.8941
57.1689
341.3604
775.6274
572.3610
159.0543
451.7465
434.3797
358.8703
626.8861
333.0473
157.3582
323.8202
234.8773
78.7205
154.1334
101.3309
462.6864
772.7733
583.3220
495.7149
605.3928
246.5531
92.6601
171.1153
116.0393
396.4005
759.4664
761.2679
757.4120
399.9452
120.4970
522.4954
848.7815
782.4443
845.0142
740.9328
445.7740
33.7352
75.6319
404.7986
986.4731
864.2968
810.6639
787.7444
709.5314
823.2389
822.3337
932.2149
886.6027
576.7976
93.0549
412.9348
653.2821
192.6468
181.7475
141.6774
205.8021
381.1938
492.1543
293.7398
504.0495
293.2443
627.2171
798.4775
731.4260
811.8521
581.0304
275.2526
357.0252
353.3883
793.0073
789.1425
749.5093
583.2428
270.1020
401.4658
290.4050
726.7209
489.5260
800.9801
1065.3445
668.9366
65.8453
179.2064
324.5992
150.9484
338.2102
496.7723
284.7045
367.4035
170.4857
454.9484
396.7048
314.6074
214.4912
125.5024
193.6073
191.5042
314.3600
515.0873
163.9768
199.1466
441.7477
470.9741
146.4434
160.1701
94.9852
286.7713
427.0001
329.0719
370.9837
274.5587
286.9512
673.6420
707.5583
736.7215
561.8310
274.2471
106.2015
154.1713
78.3437
164.9612
354.2931
225.0390
416.7884
435.4652
735.7987
460.9048
367.6788
893.3665
824.6801
589.5714
513.2345
196.2493
230.5887
376.5741
371.2224
606.0827
821.4401
526.2700
443.8349
161.5301
203.7987
704.2025
881.2762
791.4579
675.0517
195.7668
142.4174
557.8531
448.8915
268.7530
713.7944
828.0552
571.6239
197.9046
574.9214
785.8063
894.3511
822.6811
539.4658
208.6814
372.3570
961.0095
780.5585
594.1053
524.2238
699.3028
481.4244
91.8776
192.2448
530.1246
578.2381
218.3553
181.2945
161.9199
298.8282
617.2254
727.5118
586.2029
524.4848
786.0745
781.5597
637.9285
679.8556
847.6374
616.9361
441.6673
474.0205
475.0727
549.5942
328.9760
409.6721
466.1790
432.5621
591.4165
182.7510
337.5655
152.0593
171.5772
289.9010
575.8514
500.3064
676.3497
583.2169
269.4033
259.2892
516.3867
555.0463
502.3827
743.3481
540.4725
197.7983
524.1602
399.2029
428.7883
786.7250
329.4096
527.7512
285.8320
330.4812
663.7564
640.0370
572.3827
68.0556
257.3003
375.2353
271.6700
647.5783
387.2712
120.8203
138.9158
162.4941
378.0655
549.4168
428.0894
798.9410
985.1151
699.1287
732.7876
655.4257
350.3776
263.2626
259.4591
603.1615
581.9949
133.3359
153.2494
86.2974
144.0536
186.7704
263.4747
483.0251
852.3481
642.4660
359.9273
103.4835
82.4830
127.2864
344.9452
941.9368
581.2377
273.3092
453.9404
370.9196
439.4734
213.7027
89.8172
260.9870
374.3522
217.0509
213.6905
864.4614
952.8922
650.1970
83.2703
368.9966
833.4240
720.9227
234.8140
251.8270
631.0277
582.4186
88.1106
213.7277
612.6003
620.7809
497.8278
558.8844
380.0406
158.2495
465.2327
677.1703
339.7563
179.7689
190.6203
212.8698
332.3995
580.4768
660.9280
334.6155
722.0033
886.9288
617.1487
310.3766
391.2065
183.3934
139.9304
424.4342
501.2865
440.9409
538.3681
298.5117
550.9432
296.9227
558.9853
227.6315
236.3646
268.0728
417.0088
804.6159
407.2605
380.0362
565.7322
238.8615
359.0117
432.6884
440.6999
256.3243
252.5968
165.0128
355.2909
608.7260
457.9946
209.4630
97.5552
261.3492
375.8068
161.2368
252.7216
165.6167
201.5988
272.5071
400.6203
392.1023
596.3607
301.6190
539.8739
220.6963
444.1993
89.4356
138.7411
403.2725
641.8213
456.9459
335.4815
564.0507
376.2994
635.0841
239.0899
51.2604
38.4826
107.4994
155.3526
67.7895
209.3056
540.9261
185.8376
174.5194
264.3103
156.9699
279.9986
523.1501
903.8508
793.3048
537.4926
286.2170
191.7775
138.4977
371.3743
663.0208
278.8367
271.3613
628.1511
305.7001
76.9221
95.4636
61.3974
274.1341
782.9273
1004.5404
904.9364
594.7771
414.5181
528.1238
201.0979
162.8561
211.0839
192.8823
244.5344
779.3566
911.5938
881.2520
869.6813
468.6186
106.8730
44.8171
404.0795
628.2862
240.2466
346.1153
152.1796
193.8684
402.2883
461.7004
370.2295
451.4940
201.6039
27.5006
312.1136
761.1340
801.2778
725.9844
703.3177
783.5929
641.7851
463.2612
629.1361
827.6784
828.2493
791.5762
812.3068
612.5208
425.7776
175.0811
260.7748
357.1131
815.9409
718.1789
700.2842
478.0597
410.7980
355.4584
328.4997
436.3219
514.0716
342.4330
158.1795
211.9779
365.7740
649.1723
563.7104
399.3079
55.8656
116.0876
215.8458
150.2282
199.4154
296.4730
425.9446
799.2884
824.0738
825.9622
695.5431
542.2714
530.3072
508.1298
401.3890
84.8096
124.5288
272.9901
381.9138
123.2240
153.3331
202.2081
129.9866
419.0492
563.7327
159.3457
260.2849
520.8439
340.8725
594.5663
932.2984
786.1767
287.0256
343.9844
480.4828
168.4786
571.3210
713.7334
700.6884
235.1971
158.6300
192.4945
566.6887
593.2483
100.3413
355.4381
514.4151
275.9286
322.7383
455.8263
130.9908
565.7197
598.6813
111.4515
320.4395
678.4655
840.1827
708.5320
696.9612
334.4284
256.4799
484.1071
523.9575
459.5452
235.6745
369.5152
325.3557
125.0332
260.5668
589.9170
916.6629
775.7591
470.7627
67.4382
172.5961
349.3217
667.1862
451.6279
146.1687
199.4338
342.5019
993.3940
1024.1637
1003.5047
890.8378
789.6119
674.0994
236.0975
69.0792
194.8155
409.5163
270.1273
164.2508
320.9587
817.3663
707.7966
488.4857
303.0843
117.9470
275.6830
360.4291
193.5751
362.3649
778.2873
589.7910
219.8440
651.5980
816.1611
899.9775
947.5701
888.3988
878.8583
712.7716
402.4894
276.7094
637.2734
416.4583
476.8570
525.6907
229.1593
274.2514
307.5357
82.1940
239.1133
274.2948
317.8016
368.5987
239.8727
318.9575
174.8696
309.2859
403.9089
508.5098
843.9121
551.3380
134.8678
227.6815
96.8570
257.4295
478.9715
558.7096
359.4738
88.5397
271.4844
390.7505
357.5998
355.0006
169.1847
361.7176
589.0378
520.5874
920.1486
979.4859
855.6553
522.5361
275.7904
591.2385
445.3964
643.7045
427.4121
380.4756
465.6610
346.0362
164.4489
129.0184
87.6192
467.4246
491.8111
157.2326
127.8797
281.3527
382.1730
427.5992
378.3286
259.1669
427.9887
549.0047
58.4163
107.7701
113.2795
311.8540
512.2678
146.8763
532.6034
1049.2889
826.9959
566.8922
433.2902
391.0325
416.8128
131.5936
89.8784
262.3253
541.0430
383.2224
118.9607
227.9364
524.1713
487.9883
434.9223
79.2728
68.1765
431.6568
525.0496
134.8729
316.3921
169.8209
367.1280
233.0013
835.2041
814.6872
784.5432
492.6083
198.2057
415.5068
346.4943
709.9520
441.3606
432.0094
661.5350
880.2644
864.5415
675.3425
709.9284
592.8606
274.9282
363.9604
570.5466
914.9856
724.1102
549.5971
201.3947
443.2774
666.4296
566.4428
371.3707
814.8076
720.9565
966.0839
880.7404
927.5534
828.1247
879.6855
791.3033
558.0243
406.6640
420.4085
628.1880
462.9633
281.7732
454.2088
191.8732
406.7257
651.0427
871.8052
695.8034
820.7105
911.6933
944.1250
566.2786
278.2515
431.6142
714.0860
272.6812
343.9414
829.0682
738.9489
547.9538
518.6411
724.1605
839.1463
431.7855
68.6286
61.8584
107.4836
233.2641
490.5494
377.0497
158.5985
171.8165
225.1972
141.5175
420.7951
837.8765
488.5284
243.0667
470.4208
478.1514
413.2794
271.4363
152.7629
328.4240
221.5625
94.7589
168.8199
251.0060
312.8715
44.4648
55.1082
46.2505
383.4568
868.1570
971.3792
804.1421
366.6439
200.6836
168.1035
172.1666
47.6999
221.8116
478.6541
248.7162
385.3615
1028.7198
976.2766
1057.8817
815.2706
722.9972
702.3970
229.5248
164.9841
108.9958
304.8813
743.4562
939.9428
815.8164
448.9577
230.2421
57.5604
125.7551
67.9993
71.9946
203.5827
488.5012
860.3453
588.4451
210.1275
337.3817
865.2131
594.3721
323.7756
362.9092
375.7789
557.2602
752.5540
634.7467
507.5210
265.3582
558.2735
808.7258
579.7014
262.9881
42.5866
142.9901
255.3750
213.5087
112.8291
61.4777
127.1379
228.4467
302.8022
259.8436
300.7447
181.5587
452.7840
362.8830
67.1388
53.3638
103.3468
211.1578
263.3526
438.5393
562.3992
131.2203
124.8645
243.3981
177.7125
398.8059
290.4175
674.6166
405.1412
399.5433
520.2396
187.6504
385.7354
592.3346
100.0740
217.9728
525.2761
207.7368
371.3564
573.7232
288.5875
328.2133
953.9564
778.2382
759.5935
733.2836
468.2248
608.3947
1149.4581
1087.6164
1067.1193
930.4579
765.1993
579.3336
538.9085
460.8819
92.9121
73.0705
346.2823
680.0255
334.4903
784.2602
768.2327
638.7289
714.6679
672.8518
206.3840
186.4363
222.2466
190.5153
386.8872
66.2849
90.5422
329.0163
657.4177
941.3231
691.5194
386.5325
487.2819
73.4088
422.8122
856.1524
863.4732
836.1009
846.1760
716.1725
357.7828
227.5674
629.8765
399.2706
190.0739
375.5334
673.1082
602.5135
317.4749
358.2247
570.6881
116.2002
179.1718
895.3912
965.3012
672.2508
286.9714
273.1563
786.8934
787.5998
879.7829
706.3546
373.5704
250.6144
262.8659
76.5132
86.3937
205.2274
413.9452
407.0736
1040.3427
634.9813
173.3561
122.5211
89.0413
216.3742
362.7922
724.3982
568.3697
139.3354
308.5252
314.1829
377.0731
216.2778
141.1779
115.8397
330.9566
849.5896
835.4257
521.5768
473.7207
294.2310
217.9485
348.3000
231.3880
240.4378
329.3169
676.3561
636.8800
887.9622
432.6410
313.5401
138.3648
137.9144
245.6385
282.3647
191.6839
66.2186
48.2658
134.6130
267.5459
264.0293
464.2731
366.6673
115.8879
145.6511
174.9959
334.5804
60.1501
134.4176
233.2663
94.4536
303.9765
572.5921
534.1614
576.6244
658.6460
340.8054
180.8462
91.7992
174.6549
258.8480
156.7437
173.2913
130.8243
103.2865
192.6983
287.5093
185.4839
446.1570
511.1176
439.3199
686.5139
660.2826
625.2725
444.2965
752.7753
460.3372
103.4820
131.3608
481.4129
621.2192
110.5858
258.4459
524.5406
461.6406
717.4933
377.2737
172.6190
185.7524
410.8719
568.4530
364.7790
235.5763
311.0331
543.6072
576.0953
487.0775
172.3851
172.9969
239.3920
230.1911
504.4825
491.8149
562.0520
199.5850
152.9955
122.4738
134.6614
58.7470
95.7646
165.0749
670.1365
903.5242
581.2612
93.1854
263.4372
648.1788
957.0756
1041.6355
858.4139
794.3710
519.9730
171.4700
164.3872
124.8384
105.8313
168.4941
619.6661
724.4363
465.5973
448.7526
913.2575
916.9295
786.8383
1037.1767
839.7688
629.6866
707.6364
1022.3172
1074.2950
491.5471
226.2288
352.3647
201.3559
419.3936
89.7967
123.0028
303.7283
879.6845
535.2280
77.4082
117.8471
59.0442
117.4259
125.3969
318.2564
781.0421
486.8750
413.7520
203.4504
109.4800
401.4936
704.4026
717.8640
498.1852
48.8450
147.6465
304.3922
240.5144
255.8044
561.2681
512.8086
239.8852
407.4840
184.4360
363.3202
308.5008
340.6016
422.9913
74.9716
308.6992
592.6638
309.9345
169.3517
252.2525
328.8050
583.1489
455.0002
92.0058
224.5010
596.3550
460.4151
228.1850
395.3454
520.2911
98.4106
241.8559
654.3195
1009.6496
801.2872
580.0604
387.4105
282.8981
662.5904
370.2557
310.4380
251.9450
393.6491
526.3353
468.4888
310.1975
94.4539
150.8380
278.7435
182.3329
515.5182
945.9673
1028.8008
1005.4117
859.0902
555.5951
191.7976
267.6828
503.3938
530.0602
389.4954
344.7314
345.5094
340.2401
103.6452
213.2827
689.2869
617.0381
221.8268
369.4285
832.3760
374.9525
140.1590
484.5056
760.6574
845.2202
494.7024
90.8484
55.2516
85.0261
242.2314
517.9505
579.3589
694.8806
342.4200
357.9387
153.6205
612.8048
522.8772
66.4155
221.3055
123.9790
179.7060
376.0633
641.2140
494.6093
257.5097
209.2821
715.4032
1004.3131
959.1222
855.3544
518.2503
458.0128
601.5071
696.1725
793.0435
744.2559
349.9471
202.2372
284.9701
479.3060
755.7019
249.1606
241.6629
668.0371
581.0793
107.7755
146.6295
138.8438
158.6016
358.2722
93.5278
223.1782
558.0070
648.3581
359.2883
67.8157
84.6290
69.6239
440.7409
783.8049
491.3830
698.3308
742.3200
429.2120
569.9737
246.1263
225.0767
550.9132
109.6796
145.0723
133.0583
318.1687
945.7744
647.9001
583.7270
953.7091
626.4784
334.5418
896.9243
909.0666
853.3407
867.5501
742.2322
972.9923
1052.0151
1014.5328
803.6549
509.7252
252.0619
746.7166
591.0308
340.4670
381.8696
950.9724
653.0044
303.2973
771.5543
771.8494
754.7987
875.8381
584.7427
290.5052
971.0109
917.2286
1068.6074
1033.0297
808.7031
961.5765
934.6006
949.9491
772.8988
875.8503
969.8684
605.5760
203.2514
129.3994
260.5875
500.3830
586.0714
461.2587
150.0561
180.1527
294.8567
370.8446
87.6984
214.9271
472.3936
455.0235
817.2301
746.0595
481.7872
368.1714
194.1769
420.4553
560.1179
533.3534
709.3574
534.5084
689.4853
609.8079
407.1054
297.6014
533.0906
328.7161
438.5104
200.9441
337.3650
692.6513
496.6209
260.6786
144.4691
181.6685
406.1242
583.5895
456.0365
280.5988
762.4196
723.5814
427.6787
124.4931
342.2454
412.4024
317.5147
681.2713
372.2818
248.9672
366.7932
375.3775
964.8932
889.7350
882.1160
522.2950
356.1591
948.2890
1055.8476
1203.7228
1032.2999
1029.3492
678.4226
126.4289
243.9089
578.2655
749.8313
387.5509
416.8142
533.6835
55.3630
258.1838
547.3172
210.7090
525.7754
824.6954
523.0744
548.1056
198.3820
367.8983
214.4174
328.3970
191.0206
376.0269
711.8569
605.0051
160.1268
352.9733
124.4974
338.5203
250.8437
258.2875
112.1787
178.6131
272.6169
527.5332
321.2424
441.7350
427.0950
148.7240
270.5621
706.3551
614.1235
431.7563
192.6139
413.9490
165.9972
493.4062
721.6873
809.3175
643.6263
815.0931
550.8815
137.8045
337.3499
210.9673
73.0901
258.7994
123.1816
302.5525
947.3808
1029.3473
944.7804
578.5922
237.1100
246.3571
108.3368
104.4107
162.2644
57.5470
145.5669
439.4899
472.5681
338.3874
655.2475
695.6234
279.0335
170.4236
474.7656
540.6309
412.8017
329.3210
308.7599
522.0224
723.9583
382.4296
465.8542
753.1637
570.1866
515.8256
429.7886
511.9311
531.5284
185.8087
361.5027
437.7977
91.2850
429.8729
854.7246
1025.7032
927.0224
1044.4661
1166.7146
889.0215
560.5277
431.6658
459.9095
823.7716
712.0605
771.8909
653.0374
570.4248
823.5614
800.4495
843.9981
766.9916
751.0905
927.0152
823.4030
566.9594
283.1201
148.9835
275.1358
191.3167
270.4462
429.4495
285.8482
383.3144
297.6428
497.5325
277.4324
122.3576
192.5409
233.9011
180.5894
343.1821
847.7983
638.6772
229.9503
361.6744
797.8128
920.4909
705.6265
294.2555
795.9249
610.2915
125.9774
186.4399
186.9276
293.4355
150.4968
166.4483
147.1539
278.9833
417.3942
54.7527
389.6097
714.2327
351.5744
223.6280
198.7136
736.6713
809.6273
658.8570
484.5786
191.3971
350.6435
771.7901
517.8445
269.9139
534.5758
678.5093
795.3441
930.7067
763.6058
752.0036
750.2369
706.6686
566.7723
474.3462
596.4954
96.6311
82.1035
115.9561
267.5925
734.6965
593.6918
451.2914
558.0777
329.2722
181.8115
533.6100
762.5450
486.5869
328.3093
472.7332
79.4649
436.8883
692.4221
497.2396
186.6748
406.3528
991.0655
702.6612
201.9306
179.0994
153.5357
152.5487
422.5754
757.8535
738.8732
683.8040
450.8407
539.2887
250.9533
689.7065
635.2201
216.2265
78.4530
130.3544
235.4222
313.5100
377.3032
108.6641
168.0090
375.0937
198.2351
383.3960
74.5495
131.2118
383.2838
574.7446
288.9322
372.3361
478.1097
626.6929
459.4915
759.2372
576.4405
290.7360
797.8708
435.9740
371.4193
785.5182
380.4224
260.1372
260.5859
203.9181
455.9726
534.7218
808.3831
1015.6133
962.6666
943.0048
933.3247
1020.9990
967.0828
1048.2501
793.2535
704.9705
831.9186
829.5556
726.6378
673.7819
826.7087
606.2038
281.0786
590.2423
243.5070
152.4387
192.4563
695.7029
540.4643
276.7767
498.3132
53.0172
177.2281
379.6908
58.1755
72.2864
313.4432
357.6044
228.1780
376.1976
284.2733
510.1894
165.5583
246.6431
448.6219
426.0509
123.2031
335.0683
232.9070
129.2021
304.8657
445.2616
639.2789
1017.9367
919.2991
607.5422
246.9035
302.6154
483.4772
1004.6867
1021.9618
947.2173
1045.1194
853.2332
677.8132
576.6672
365.8343
566.2916
255.3564
196.0535
397.8249
571.2428
498.4415
89.4849
118.0821
284.1647
780.9561
921.8546
850.7958
679.4548
568.5325
1054.9307
1017.4357
610.7100
162.3443
228.3054
531.3182
596.8751
657.1176
774.1367
528.5819
521.8046
298.2071
521.0584
348.1684
722.2312
692.2525
543.6097
372.4333
265.7151
426.4691
286.0730
350.9174
839.9668
791.8140
917.5874
696.9762
329.5318
288.4024
692.1232
377.7106
77.3403
306.9831
864.1192
1009.5532
1011.7605
1021.9042
624.7454
273.7999
496.2491
347.7767
868.1002
591.6927
481.7236
462.4744
292.9903
252.6879
272.3383
795.0151
724.7658
396.2761
259.4912
124.2829
181.4531
303.0041
714.1663
867.9259
739.4986
628.5386
718.1497
418.4866
183.0213
170.3779
207.0450
390.1603
457.0680
629.2357
440.1248
762.7654
425.5436
76.7010
101.2449
139.3360
555.6729
1056.7784
920.9449
954.0542
521.3954
354.5476
524.5324
312.8583
135.2611
387.7824
310.5573
416.7785
456.0849
326.6960
651.8774
837.8217
688.4854
721.3583
801.3737
779.7613
488.8734
138.4693
473.7757
673.3837
434.9584
225.7404
276.4021
581.3049
434.6712
364.6220
96.2230
426.8895
620.3924
196.7618
125.0758
155.7295
103.6207
55.4032
103.7484
82.5699
207.1739
148.0924
124.7354
327.8807
468.4438
282.6397
424.9946
117.8565
150.3106
234.5521
394.3589
308.2367
480.7351
378.9950
553.3152
340.4451
209.8462
224.7721
125.3736
331.0011
912.9650
965.8507
898.8516
895.7146
881.0605
1059.8103
1029.1271
1096.9248
1153.0308
715.5190
435.2855
533.8948
459.4795
474.5405
275.8343
922.8268
831.3883
324.5276
118.7364
321.3996
541.0512
43.5822
360.2902
681.5008
729.4974
478.4417
248.1835
630.8328
721.4048
1054.8060
1224.2809
1079.5648
902.6293
619.1027
514.2138
853.6369
926.9769
873.2591
920.7523
728.4359
697.5208
420.0068
426.4912
99.0137
258.9736
700.6268
823.0438
870.9645
751.1176
631.6747
150.1284
286.2927
389.4096
275.9621
74.0252
66.3271
113.6492
278.2092
442.2400
213.9653
266.9415
168.0947
254.6578
223.5549
287.9448
115.3228
110.5498
152.1114
271.4959
338.6822
54.8319
111.5463
241.0594
244.2300
71.8295
165.8192
78.9254
405.6267
901.8737
778.9570
562.6933
399.6879
444.8204
817.2442
491.8472
514.9047
596.4261
426.4001
66.7625
421.3298
640.9270
224.7285
584.1957
602.5653
269.8146
276.5539
297.2685
120.5162
308.5732
562.2380
485.7023
284.6328
501.4075
323.9037
366.7763
365.0327
534.3593
442.4717
68.2482
245.4031
238.8095
308.2428
649.2360
231.9667
207.7024
510.1142
814.0781
499.5823
267.9058
911.0029
670.3681
339.6481
244.1184
641.9115
635.9056
167.0602
251.3993
229.1774
285.0238
557.1658
228.2516
148.0892
319.1079
477.2771
450.3750
392.0856
280.2849
251.3999
668.8109
792.6120
610.1266
242.7368
122.8596
375.5581
958.7417
827.2175
672.5695
457.1869
232.7936
386.3121
367.9237
510.9633
580.6460
667.4306
485.8294
366.7747
262.6779
569.4888
228.1187
128.5009
246.1090
478.7218
225.7195
438.2045
889.3456
590.7043
143.8419
253.4571
307.4256
128.4482
260.2575
445.6526
437.8290
823.9006
976.6880
993.2180
806.9019
497.1167
325.9928
352.0655
179.6411
291.7996
386.7297
612.7896
131.3756
187.7108
507.4842
887.0793
749.4321
397.0764
344.3006
524.9268
432.8345
613.4666
532.1712
772.3551
608.6488
583.8346
587.7695
197.0883
553.9830
583.0171
336.7498
748.5635
830.7991
738.9129
371.0429
79.2663
84.9171
79.6780
145.9537
391.6471
685.2924
492.2947
134.8302
137.3310
266.9159
296.4757
299.4951
792.6732
906.0668
1085.6126
1170.0654
1229.1193
1236.1923
1029.7658
648.8592
616.8804
876.3000
570.4561
210.6424
585.2854
615.0057
75.3576
82.6816
424.0470
906.5517
529.7085
292.0236
834.9113
564.5854
111.2851
102.2839
232.0296
237.2675
281.7077
97.3044
143.6498
290.0895
191.8288
169.2270
337.7242
414.7324
149.5745
252.2943
304.5655
94.5325
223.9863
250.0050
375.6626
789.8659
611.8767
682.8595
723.4279
567.4720
843.6800
609.1499
257.3540
366.8862
293.6256
60.6105
179.7716
280.9454
405.5385
472.7602
501.6602
461.8874
486.1451
170.3067
229.0841
496.7327
280.2771
956.6066
977.3000
919.7429
625.9648
91.1826
206.9730
535.7521
787.3435
609.7133
571.6987
545.0800
36.5282
144.6218
819.9403
1127.5276
940.8412
1018.4758
1042.5296
970.3190
886.6296
541.8412
427.0847
501.7343
217.2486
350.3096
111.8374
330.9020
333.3357
112.2285
155.9978
317.6201
271.8372
397.2856
679.7030
202.0029
77.0546
181.7995
573.1792
614.6487
423.5118
770.8963
412.8611
248.9519
102.5749
190.9883
438.5536
841.4956
473.9986
47.6794
41.4557
65.9461
212.9786
411.1957
259.5765
308.1058
206.2941
428.5547
854.2386
710.6355
593.9622
624.0797
445.4146
775.9807
611.9058
385.1407
224.8498
692.7667
769.1782
487.7544
303.8704
743.1895
478.4613
114.6933
449.5860
991.9755
756.4425
354.5682
212.1354
242.1903
316.1099
463.2247
886.3355
954.4850
1156.7898
1108.9180
865.8900
628.7723
418.8031
303.4723
535.7750
655.9711
841.1537
559.6960
160.0731
344.2904
408.6118
502.9055
133.3697
531.7554
898.7385
510.5088
203.9408
346.2074
245.6120
399.7479
48.3116
44.5147
323.7463
993.7737
843.1738
781.9119
561.0490
351.3586
715.4002
712.4038
744.4055
536.6507
107.6188
179.5631
184.7940
137.5891
323.3086
281.7708
152.1174
416.9067
450.7387
474.8209
515.9225
349.3487
313.6594
354.6442
766.9484
840.9333
904.8150
795.3892
488.4757
291.8265
533.7211
162.8436
310.0171
100.5541
192.1918
242.3824
198.0326
526.6826
226.9836
270.9846
190.6934
186.8121
359.7120
749.6542
567.8822
707.0917
604.5138
103.9053
255.9670
614.3857
642.0165
345.1158
210.8536
72.6215
171.8961
352.2033
664.4101
549.0640
553.4119
321.0716
405.2591
591.2853
696.4360
889.3195
857.5046
869.7970
756.6205
940.1858
887.7750
755.6922
405.2223
120.8135
255.4283
566.2824
142.4844
160.8184
248.2194
394.2500
563.9586
99.2339
118.0847
171.3163
175.7883
321.1806
409.5955
321.0234
468.1497
114.6423
476.2848
654.4729
353.6095
418.2776
129.3279
313.4126
255.4379
279.5188
251.2369
60.9718
260.2193
721.2888
589.5376
154.2103
435.8114
569.1307
570.2159
795.5873
537.4378
111.1557
343.5099
713.2090
760.0159
878.7579
710.0814
668.5967
725.0346
451.5339
605.4973
607.4230
349.2030
268.6089
738.2189
1021.0011
842.0649
794.4570
1077.7346
1041.6788
596.9831
95.9266
207.1375
559.5107
412.2512
331.6324
188.4705
234.4296
329.8354
477.5204
383.7388
917.6591
520.6974
356.6817
699.5871
794.2371
902.0023
616.4667
379.1928
388.0991
230.6964
511.1886
803.7283
514.7289
190.7297
253.1918
986.8336
987.2964
659.1932
403.6280
134.7918
76.5142
40.5902
151.1979
475.1253
536.4351
111.5094
215.7730
525.0209
676.8413
173.3360
95.3108
152.3139
248.6038
125.0133
228.7436
719.9127
765.1158
951.0068
1130.7811
1070.2991
1019.2528
1061.0712
610.6868
105.7096
288.0455
705.7892
827.3582
644.4279
431.9586
806.2311
853.1426
892.0612
622.6922
183.0203
269.1994
440.7253
342.9258
563.7265
195.7238
589.7783
1011.8265
843.0354
550.3531
379.8309
508.4906
624.1902
607.5075
547.4609
426.8275
741.9787
939.4613
811.8380
526.1869
401.5326
541.4754
313.2405
488.9966
357.5898
522.4848
361.8536
453.5099
492.1737
1100.4509
1025.2346
878.6118
872.2382
1013.9696
1016.7627
949.7659
623.3277
382.5673
706.4349
858.6735
465.4914
174.0267
211.1193
281.3140
605.9071
454.7654
137.2456
327.5692
735.2427
887.1041
706.0056
577.3812
608.5910
451.4641
78.1658
37.3686
120.4121
88.2227
255.1752
244.4827
423.8860
756.3159
677.3774
693.6266
378.7887
788.5051
728.2241
372.1991
503.4679
572.1381
266.6459
262.1597
341.8552
392.5527
198.4596
143.2273
244.3264
512.0137
785.5784
636.0054
668.1036
661.5002
732.5607
367.2863
250.5528
152.2131
239.2530
386.7749
58.1211
135.4809
244.9916
249.8376
298.5762
154.7738
132.2608
169.5466
304.0332
304.5586
123.7901
181.9075
426.3887
503.7436
74.1228
176.4138
435.4012
596.2351
181.9030
160.1417
126.7219
226.8952
469.3679
101.4314
92.1297
131.1964
110.2580
248.6235
566.5551
254.7725
134.8134
269.4199
272.5207
53.9070
212.4302
423.9098
181.5289
363.8687
419.8122
294.0899
319.2530
416.9371
360.5913
253.9947
109.7420
114.6539
78.2434
259.4335
450.1527
735.6341
497.8549
489.7036
894.7021
821.6474
478.6757
337.1308
80.6595
172.6386
195.0779
211.1107
660.2515
775.6934
749.0418
810.5269
745.3674
972.8207
989.9595
994.4088
737.4092
828.6140
590.9421
98.3921
65.6621
53.2209
349.2320
806.6411
732.8891
560.4661
469.3769
265.4370
918.3888
758.3459
591.7765
918.8257
724.8310
327.2176
178.2317
505.5378
784.8902
599.4657
420.2305
128.2799
204.1107
134.3761
172.5550
280.7139
362.7815
41.5728
183.6697
299.3836
389.7193
805.1528
985.0053
578.2884
238.1254
546.9325
602.5527
627.5718
645.6856
733.4919
459.5505
566.0184
445.3638
195.0641
357.1078
673.7482
748.4033
883.1537
1079.8449
911.8941
915.9065
865.2651
557.1842
161.9172
126.0758
115.7877
95.3292
302.4015
603.5870
698.9645
332.1210
114.6665
103.2492
78.6634
222.4172
417.8223
177.6555
208.6767
312.1056
941.6830
1144.5189
967.2528
842.0755
715.1093
511.5442
439.7263
641.8458
358.0603
140.1905
189.0088
