-37.5277
-0.6041
23.8789
17.7727
-11.2920
-25.6953
7.3324
-8.2703
-33.7848
-41.5084
26.8195
26.4059
-24.5617
-23.9805
25.3947
-39.6344
-38.5391
-22.3289
-33.7285
-1.7277
18.3805
-10.7155
-27.0559
-25.2844
-18.8953
-6.7671
-43.0500
-32.5086
-45.3859
-9.0508
-32.8727
-6.3531
-8.1402
-18.4937
-0.3523
-18.7911
-14.9025
-16.5953
-22.8363
-27.7922
-47.8211
-39.3305
-49.0945
-16.5994
-10.7227
-14.1218
-20.5156
-45.6201
-2.1906
1.1933
12.8922
5.4980
-22.3508
5.5902
1.5031
-11.3629
-42.0133
-42.6133
-26.6750
-12.8129
-43.7055
46.1789
1.4070
26.1238
-3.2895
-2.4084
12.4648
15.6609
12.3742
13.9648
7.9422
-5.6633
32.5410
19.7555
6.1702
-10.4236
-24.0877
-13.0672
-37.2570
-13.1873
-20.8156
1.5667
-24.8969
-25.6664
-58.9281
-48.1785
-20.9469
-26.8656
-51.2602
11.3008
30.7902
13.3148
-34.8520
-31.1633
-26.9824
-1.7299
-24.0047
-49.3539
-9.8961
-35.9789
-43.6016
-44.0258
-16.1215
-4.8191
-8.7088
-11.5045
-17.1924
-14.7430
-17.4736
-20.7855
-13.6367
31.9207
-9.4645
10.4234
25.2520
-29.0836
-35.6824
-11.0430
-7.2989
-20.6199
-16.4343
2.7590
-28.0453
-0.8368
-33.4109
-41.5754
-4.5458
2.8365
7.1875
-26.5105
-17.3109
-35.3963
5.9316
25.3516
4.1148
15.8586
-3.3355
14.8684
14.3195
40.5312
9.7336
13.8562
-39.0609
-6.3164
-27.6609
-18.2407
13.7613
10.9557
-9.6496
-11.0320
34.9527
-25.4309
-34.4273
-40.4762
-9.4840
-17.7707
-28.7029
5.0696
-30.3996
-5.8326
-5.1260
21.4492
8.2324
-19.3441
-27.7266
-1.0789
-43.7945
-49.1109
-40.2133
1.4240
10.2891
-16.7914
-40.8000
-6.8902
-29.8031
-38.0703
-11.5912
-45.7744
9.1148
-13.7656
-8.0203
-54.2398
-39.3191
-3.6402
-16.3238
-16.8713
-16.3491
-33.1082
3.5594
-40.0953
-8.8664
-19.3848
-23.4078
-18.8385
-33.2953
-19.6407
-25.6321
4.6422
-24.9344
-16.2422
-1.9250
-12.4039
-16.9813
15.7123
-10.8541
17.4121
-11.9949
-11.8059
3.8137
4.6016
-6.2373
-11.8687
14.2953
18.1238
-13.6924
19.0047
-46.7877
11.9914
-24.1726
-44.7418
-1.0457
-16.9855
5.0219
12.2004
-49.5539
-38.2094
-14.4563
27.7641
2.1910
-25.0649
-17.9027
-27.4664
-35.7820
-37.4158
-11.7202
-0.9021
6.2865
-27.6969
-32.2457
-25.6760
2.9949
14.2109
22.6117
10.3293
10.5339
-24.1184
0.6750
12.3648
-13.9018
-21.1660
13.7434
11.9602
17.9203
-26.9174
4.1904
-28.6078
3.2105
-27.2441
-3.6742
-25.6625
19.7749
-30.5555
-10.5793
-44.3516
16.6547
-42.2016
-28.3039
-30.5949
18.2781
-2.7373
-2.7625
9.4566
-4.0328
-38.1152
31.2566
-1.7685
23.8920
-16.6523
-33.0301
2.5643
-36.1406
-28.9781
-7.7512
5.5380
-34.9828
-7.4317
-27.4375
-22.4918
-16.6551
9.9832
-15.1178
13.0328
-10.5858
-5.4586
4.5104
0.3499
-59.4031
-15.4293
-46.4398
-15.0332
-22.4650
-27.1289
4.3168
-11.8627
19.3023
-16.7515
27.2910
-21.1414
-25.3641
-15.1418
2.1250
12.6770
0.2104
-0.8219
-24.7742
-29.9523
-19.1113
-36.5578
-27.7223
-13.4137
-2.8484
22.2547
-1.3047
0.1867
27.3633
31.5453
-35.3305
4.8230
25.5059
-1.7342
-20.0543
-19.2566
-30.6945
9.5324
17.9062
8.4645
5.4016
-14.5500
-37.7625
-17.9477
-18.8544
-0.7231
-8.1031
20.1106
-43.5930
-5.8668
-27.5096
-17.8789
-18.5375
-10.6893
7.8773
3.3598
0.4738
9.4531
0.3375
-0.8695
-8.6473
-25.9867
-43.8961
-19.6148
-39.0820
-16.8121
9.3223
-33.5840
20.7156
-6.5070
-5.4143
7.5158
-19.7516
3.5426
-33.8820
-34.8256
15.0992
-4.6632
-34.4784
20.8887
-33.1367
-33.7035
-27.5867
-27.0109
-32.9422
-2.1636
5.0730
-5.9638
-6.7953
6.9211
25.8906
31.7523
18.7812
24.5719
-6.8143
17.3928
-41.2781
18.5262
1.1187
-3.7076
-6.6715
24.0594
21.9517
-21.5539
-6.4938
-17.3840
-7.9141
-25.6195
-54.6375
-9.3143
-5.9727
-33.3086
-45.4203
-18.3258
-47.6477
-14.9328
-35.9188
-29.8262
-22.5133
-26.2957
-21.2012
5.4055
-15.5086
-6.1820
-13.1178
-36.2242
-6.5164
-6.3646
-12.2543
-10.9686
-7.4619
-6.9161
17.2262
-1.6599
1.3003
-13.0882
1.4603
-19.3432
-21.4953
-9.7133
-14.6719
-13.1797
-18.1890
10.6308
-6.9156
-51.7086
-18.9200
28.3828
12.3054
-34.0137
21.4992
10.4359
18.5379
17.3369
-24.7785
14.8699
-1.0676
18.8345
17.5635
-7.2922
-16.1355
-21.1281
-23.3828
-41.7266
-19.0742
6.8965
-20.4945
26.5820
-5.5036
-20.0531
-33.3184
-19.0863
-7.4391
-33.4668
-17.1766
-21.9451
-41.6680
-28.0297
-32.2687
-22.4299
-44.0318
9.6930
35.2965
-5.6738
-23.2595
-19.0063
-6.9703
-22.9355
1.8688
6.1711
3.4391
-21.6088
-15.5953
-30.8414
-9.2570
20.5828
-0.9650
8.1328
3.6652
-33.3703
4.2349
-30.5566
12.7845
-15.0471
-33.7000
-1.6352
-3.1488
28.0879
14.2879
28.1047
14.6066
9.1621
-39.2680
-21.0469
4.3348
-14.7593
-15.9346
-5.8113
3.9307
-22.8230
-7.6253
-16.8297
-8.6249
15.0338
-13.4645
-18.2277
-10.2072
-37.4930
-41.0948
60.3773
21.0141
-36.3434
11.0059
26.5430
15.3016
18.3930
-4.6578
-22.8402
12.6184
10.0928
-4.2350
-32.5961
-6.2145
-30.7453
3.9902
-39.3555
-26.7344
-18.2336
-44.6555
-5.0645
12.9695
14.4779
-9.5078
-32.5187
-17.4312
5.5355
6.7875
-4.9602
-0.0035
2.7109
10.3211
24.2164
-13.0779
-1.4562
0.8775
-23.6203
9.4311
-3.7383
22.5723
-17.6512
-35.6513
16.0230
13.1714
-6.0182
-20.7625
-9.4539
18.6602
9.9391
4.0164
-40.1945
-13.1555
20.5506
-22.5617
7.8215
19.6164
7.2676
-23.4078
-24.7478
13.4926
4.7266
-23.2227
-17.8863
-26.0087
-7.4750
-40.3402
5.3375
1.9695
11.8879
5.0563
15.5852
27.1699
18.8273
49.2734
0.5628
-3.8463
-29.7393
19.5000
-5.9762
-1.4597
-16.9127
27.7598
-4.8104
-9.1765
-11.8637
-18.5492
-15.4914
-27.5977
2.4767
-2.0629
-24.0430
1.3242
-11.9055
16.4211
29.7391
-41.3367
-46.5086
-20.4992
-30.9422
8.9637
-14.5582
16.4955
-34.5570
-23.4094
-34.0770
7.5152
-20.0422
-17.5766
-20.0994
-11.3719
-22.0328
-14.9676
10.1505
-16.5723
7.1426
-15.7170
-10.3904
43.5820
35.2391
-42.4922
-27.7195
11.6766
22.4316
-0.5889
-16.2631
-33.0938
7.4699
17.7324
13.5906
-5.5844
-17.1121
-15.8406
-48.9844
-2.9309
9.3113
21.7062
1.1598
-38.7469
-47.8867
-38.6750
-3.6266
-6.8078
-43.2625
2.9927
-7.4293
8.1693
-14.0805
-10.3719
-2.1298
-12.5641
-5.4100
-23.4223
-14.9758
13.4930
-6.2316
-28.6625
-43.9211
-22.3730
-31.2031
6.6902
-53.5984
-30.6445
-33.1469
-36.7234
-6.7296
13.1676
21.1133
3.4117
7.6414
-6.4967
7.2723
-15.1051
-1.9008
-8.4382
-40.1098
0.0396
14.9537
-16.9648
-0.0141
-6.0703
17.7301
7.0262
-21.7285
14.5801
-13.2531
-53.5687
-31.8266
-19.4656
-5.8949
-9.4051
30.0672
30.6137
20.8008
24.1883
41.4492
39.0266
5.6687
-28.1133
42.0973
17.5594
4.3063
16.7798
-46.1164
1.6545
-29.7203
-18.0828
-28.4738
13.1008
-13.8825
-14.1982
16.7656
16.5398
-16.6090
2.9138
-28.5883
-26.9676
6.8865
-37.2078
-2.7918
34.9629
23.4781
-5.6961
-7.0650
-6.3160
-16.9336
0.2465
-23.8377
-36.7547
8.1020
-5.3149
-15.4430
5.5297
26.4758
-9.2168
14.4523
2.6316
12.4436
-1.6775
17.9174
-25.7656
-41.4523
5.6592
-27.0742
6.0646
-13.5434
-27.2930
-2.0449
-14.6379
-33.7469
-23.4082
-27.0859
-37.5734
-34.3961
-52.3438
-48.9586
-16.0266
-40.9234
-17.2760
-34.5203
-41.9520
-16.6562
-5.4628
-11.8242
38.2914
30.6961
-23.2008
-14.8604
2.7895
-24.9545
-1.8406
-29.7758
-44.8867
-28.3660
1.6039
6.4840
-8.2735
-5.0324
-47.5977
-47.6656
16.4016
9.4391
7.1285
17.3743
-42.4773
-37.9883
-13.5230
-20.9836
18.9434
17.1674
-15.3996
-13.3102
-24.3465
17.0926
0.7402
-23.6109
20.9828
15.7648
7.4578
34.7773
-21.1839
-31.3465
4.7312
0.5000
-12.4833
-7.2916
0.3078
6.7613
-48.0344
-40.3461
-37.4234
-24.1203
-28.3625
-25.8521
-9.1344
-24.7371
13.8719
35.6617
12.5473
-10.7719
-0.6508
19.7563
20.3641
19.6543
16.7500
9.0430
19.8285
0.8922
-13.6974
-14.9574
13.1631
-20.7215
-24.3895
-28.0352
-28.6797
-20.9824
-14.6422
-15.1844
-21.5828
-47.7668
-22.6746
-23.7108
6.2078
4.8457
15.2383
37.5941
23.5590
8.4913
16.4883
33.7840
38.6258
-19.9357
12.0734
-42.9133
-24.5016
-1.6329
-32.0516
-7.0918
-18.5484
-44.1768
-13.0035
5.3152
-19.0533
-17.1749
-18.6291
3.4878
1.9945
-2.4876
-29.4813
-32.1547
0.6742
3.0107
14.6956
-43.1914
-8.7580
-0.5223
-29.6227
-8.0799
-25.6063
-16.8975
20.8273
14.2613
18.8598
-28.0680
-29.1437
-5.6010
-7.0969
-38.4469
-37.6836
-13.1949
-34.8880
29.3836
31.6500
31.0371
35.2531
-3.2639
9.2156
-4.1727
-0.6773
-4.5974
-29.4941
-6.0062
-2.8912
-38.1219
-16.1751
-20.1973
11.7543
21.9695
-2.2074
5.7199
-41.8750
-25.5773
-41.7281
-23.1737
-19.2999
10.9430
-17.5977
3.9429
-3.7337
-24.2563
1.3227
3.2715
-13.0131
-18.5016
2.5064
-27.8247
1.2461
-25.0016
3.5275
-42.2633
-3.7562
-31.8016
-20.8797
-11.7105
-9.4066
-17.2738
-10.2828
17.0129
-31.5375
1.8950
-12.3438
24.8953
9.4305
-7.0207
-5.8889
-37.5977
2.8197
-25.5162
3.6455
-28.0480
-0.8938
23.2508
-0.7716
-24.6727
-39.1117
-45.9496
-10.4918
-28.9172
-42.0766
-34.7625
-21.5778
-1.0723
-47.4109
-23.7739
-24.8469
-24.4820
10.4742
27.8969
4.0160
-17.0070
-2.7660
2.5074
-6.8816
-6.5813
-0.4664
0.7746
-31.2969
6.8754
32.6141
1.1684
7.4930
-15.9500
7.0785
-28.3746
-11.0017
-29.7898
-39.9711
-4.1234
-9.5285
-22.1054
14.1926
-28.7922
-2.6141
-15.4648
22.0102
-23.0508
-5.1906
-39.8719
-11.0184
-12.0500
-3.9555
-32.4543
10.4557
33.3319
-47.5469
-35.9266
-47.6609
-15.2602
-32.1832
19.1375
-2.1887
1.4070
15.3484
26.5355
-15.9816
-26.8098
-16.5576
-14.9549
-10.0944
22.1691
-21.9641
8.8048
-47.2734
-19.1063
-30.7938
-9.6824
3.1613
-17.3367
-22.3980
-22.6643
16.1404
-45.9270
-1.1427
-35.6281
9.6404
-8.4061
22.2480
-4.6195
10.4871
-16.2953
-17.6412
0.4926
-7.6094
-3.4214
-48.6398
-44.8828
-13.9820
-27.4123
-9.8117
-44.8531
-25.5789
-15.9890
5.8594
-0.4168
-3.7638
-10.9017
-45.1711
-12.8787
-42.0828
15.6014
-0.8465
-0.8805
7.7574
0.3477
6.4141
-12.4992
12.0725
-10.6857
-20.6430
12.3324
-1.9273
-14.4883
10.8951
7.4523
-37.3633
-36.4891
-28.7586
-15.6125
-51.4367
20.0047
-49.6828
-19.2719
6.6793
-48.5812
-17.4654
10.2477
24.2895
12.5090
-2.0965
-20.8480
-3.3171
-14.4191
19.8547
21.1355
18.0367
-10.3090
9.6313
29.7984
9.5234
-21.5023
-2.6266
-17.1023
-1.2414
-10.3949
-4.7562
-17.9111
-23.8410
4.5023
-5.7996
-35.5148
-0.1543
-21.8742
-28.2109
-13.3420
-21.2012
-13.6883
-34.9832
1.7309
21.4559
8.4611
-3.3992
-30.2365
-0.6500
12.9242
24.0438
-12.0168
-19.9658
-10.7008
-6.3848
14.9812
-21.6008
-13.4862
-16.7297
7.7590
15.5152
32.4633
-10.1715
-24.8871
-41.1168
-8.8433
-12.4340
4.2273
-5.9469
23.3301
1.1440
-5.2063
-26.7887
29.8305
-22.3586
-19.3477
-5.6621
-5.9797
-20.5586
-27.4766
-43.8773
-35.2922
-23.9535
-15.8378
15.3246
-12.3644
2.5662
-3.9457
-25.6445
30.4816
-9.9086
-10.0100
6.7863
-44.8469
-17.1781
1.9375
-7.1352
-15.3852
29.2363
-4.8117
-7.6883
-24.9645
-25.1470
1.1043
-13.4201
26.2402
-21.8711
8.8246
-5.4632
-14.3676
2.3043
-32.5676
-2.5896
-22.6453
-19.8859
-15.9180
38.9773
14.9324
1.2562
-18.4250
1.4086
20.4465
-21.4320
-1.2410
26.6906
41.7273
-11.6602
-19.0901
-44.2449
-4.9672
8.7594
14.0602
18.3348
-35.4352
-13.5594
10.8492
-4.4804
-48.4477
-32.9227
-20.6756
7.0723
-17.7455
-20.3096
-31.4758
-8.7639
10.3273
9.3273
-13.3109
-29.9258
-49.0453
11.5926
-49.8961
-6.5852
-40.4750
-1.1010
6.9223
-13.0055
-17.4555
-43.4445
-2.9430
2.6008
-4.4727
4.4936
-3.7523
11.1156
2.6316
-6.0502
-5.2948
-19.7459
-32.3531
-4.8594
-5.9820
-15.4674
-13.1711
-21.5889
18.1805
15.7469
2.7969
16.6689
15.0125
-2.3570
-13.0148
-0.6116
-28.8844
-38.7012
-30.7910
-3.9797
-19.7304
-34.9363
-2.3297
29.2609
-9.8625
-30.2991
15.1891
-33.6156
-19.4967
-25.7367
-30.4813
-22.7687
-36.5842
-0.3125
-20.4492
-25.4070
-46.7059
-9.3537
-34.9953
9.1322
-6.9984
-5.8921
-33.6406
-18.9453
-7.8205
-43.4219
2.5086
37.5840
3.5122
15.6840
-0.3293
-19.2320
-31.6086
5.7883
-2.8492
-10.6709
7.8248
-39.6172
10.4367
31.6625
26.5977
29.9000
15.8336
9.3699
17.4003
9.6273
11.9812
21.4352
-5.5445
11.4898
-19.1379
-10.2619
7.4352
3.4347
-18.9242
-4.1130
-34.2879
-1.1972
-7.8680
14.9520
-3.7291
-29.7961
13.1520
14.2809
14.3000
-13.1537
-4.7997
23.6867
20.9230
21.7898
27.2465
-5.7537
5.6559
-1.8418
-2.6130
-2.9801
32.7656
11.5852
-41.7438
-27.0277
-16.0033
20.1582
20.2820
-11.2342
-2.0305
-0.5258
42.4133
20.0391
9.0086
36.8594
6.8646
-23.8430
-35.1352
-34.9906
4.6725
-22.2980
-33.1961
-26.0148
-8.1230
-10.8938
-9.3624
-29.3008
2.6916
-25.8531
-32.2625
-15.6332
-20.4234
-35.2906
-17.4574
-51.8160
-14.7832
1.3692
-8.4066
-14.3391
4.4987
-2.5320
27.2715
9.0947
-19.3274
-5.4842
13.4236
-14.1957
11.6768
-15.2227
33.7695
7.3766
-6.7289
-5.0094
10.9930
0.0940
-11.1412
-2.0684
-24.2422
-17.3383
0.5496
-7.8199
1.5758
-27.1273
-39.8092
-2.1549
-26.3703
-6.3820
1.9008
-12.9545
-23.7414
-22.2801
20.9254
3.8277
24.1684
8.2234
19.2219
1.5211
1.4680
8.8684
10.5754
5.9783
-20.4402
-7.3715
-24.1863
-16.5475
16.9484
-7.9360
-15.7906
6.5949
-19.5261
19.5039
16.7336
-24.4367
-28.5281
26.7605
-4.5292
37.7734
8.1084
-10.3920
-20.0069
-3.3693
15.5367
28.2102
4.1000
-37.3305
-21.7992
-8.6395
-1.8570
-30.7510
-0.3707
-20.2140
-45.7797
-17.1440
-6.5268
-27.9463
36.0453
22.7430
2.8258
8.0703
-16.2640
-34.2687
-0.0973
-21.2557
15.1152
2.4021
25.5418
10.3789
4.4625
11.4020
-8.1586
-21.8273
-38.6285
-20.7375
6.5005
-11.2336
8.1438
7.7912
-44.3781
-22.9258
-30.6734
22.0590
-16.3842
-3.1727
4.1695
-10.9574
8.3105
20.4062
8.0969
12.5207
18.8734
-5.3997
-31.3164
26.5078
34.3375
24.6914
22.1758
-51.0945
-41.0922
-27.6078
-20.4445
-15.1871
-2.3797
6.5102
27.9223
29.1273
42.3152
0.7105
11.2785
-1.9570
22.1934
-24.7055
-17.2828
-13.7086
-7.7883
0.9359
-8.3295
-19.4109
-45.1914
-5.5594
-12.7312
-23.1953
-8.0812
11.1500
-2.2984
-6.4676
-14.6949
-28.8337
-7.0129
23.8309
-16.7687
10.8660
9.0467
-43.2134
9.1215
4.4652
1.6945
-5.7627
-3.2418
8.3500
1.1211
-20.6629
16.5305
4.4383
2.0406
-51.1832
13.5777
-26.8980
-24.8687
18.6883
17.9113
-30.8555
24.9965
-5.7469
12.9234
13.7023
-7.9019
-13.2621
-17.4838
-7.7071
-1.8894
5.5094
25.4262
3.6223
15.3379
1.8713
-17.3398
-8.9738
-7.7206
14.2736
-30.5391
-35.8844
-3.5305
-33.8352
-24.2516
-15.0809
-5.8076
-11.8637
24.1125
-3.1887
43.4258
8.8504
2.3992
-4.8207
10.2824
-23.8621
-26.3164
-8.0113
12.7578
-4.4851
-6.2145
-3.0530
2.4611
-6.3569
0.9498
2.1801
-19.8672
13.5164
0.0680
-0.9797
17.3625
27.6699
-19.2160
3.6063
-7.1854
-36.7547
2.8746
-29.2742
-11.1014
-13.7305
-22.4809
2.7971
7.3299
-23.6420
-0.5246
-27.4664
-21.6078
-38.5332
-17.0445
20.6570
4.2738
-14.5305
-1.2125
11.0453
-25.1918
5.0918
7.7363
15.5980
-8.0500
2.3590
-38.9570
5.5820
-19.4033
-29.4723
11.2383
-0.8203
11.1502
-20.6727
-16.1500
-18.9006
-26.1781
11.2105
-17.2156
-18.7262
-12.2789
-52.1375
-10.8793
-23.1437
-35.7922
-21.3766
-41.6852
-23.9344
-35.2902
-14.3668
-33.3859
-8.8630
-30.1828
-23.4033
-28.4937
-48.4492
-31.7789
-19.4773
-20.2518
-34.6969
-36.4062
-5.2854
-10.2365
13.1910
-8.3975
-8.4992
-12.5598
0.3957
-43.8816
-20.6488
-13.0707
-6.3584
-14.5012
-4.5449
-27.8609
-41.8398
-33.5828
-22.1133
-0.4602
-16.0500
-28.9152
-13.1632
2.5210
-0.2020
-10.7242
-37.7508
-14.5340
-39.0820
-18.9162
-26.8035
-5.6441
17.2035
2.6697
0.7170
-15.2031
-7.5172
-13.7215
-6.3484
-2.9031
-19.0289
27.4727
-10.3402
-14.2680
-12.5487
19.0324
-13.2418
-35.0422
-30.2492
-36.1656
-8.3449
1.8707
-13.2078
-5.8512
-40.5266
-4.5958
-0.6068
1.8613
-5.8777
-11.6488
-25.4246
-35.6180
14.5164
15.4312
-4.8035
-20.2953
-7.8500
-29.3758
-36.6430
-18.2939
-17.8265
14.7633
-17.3268
-27.7078
-34.9258
-49.9711
1.6437
-29.1000
27.4164
12.4250
-16.3078
28.7625
34.1234
3.0125
4.2500
-33.0082
22.0688
-8.2852
-51.0039
-27.7461
-33.9836
-17.1699
-10.1730
3.8039
-11.0982
-15.3660
-55.6742
-33.4484
-4.8379
-25.0145
13.2297
-30.5275
16.8006
12.0711
9.7125
-10.7381
-9.3102
10.5891
-25.3430
-21.0648
9.5254
-19.4094
-6.3195
7.2161
-18.0258
-1.6762
-11.1024
12.3977
-14.2262
-32.9750
-15.9295
7.5634
-22.7620
-19.8836
2.9285
-39.0914
-47.7250
-8.7414
37.4180
-9.8231
1.3092
3.4116
9.2164
-29.8840
-45.0516
-39.5208
-34.2359
-31.5000
-18.6008
-24.2586
12.1523
3.0133
2.2167
-4.1648
23.4773
11.8598
7.6289
20.3164
12.9402
-2.3074
-4.9769
-17.3127
-30.4820
-6.0697
-27.4228
-23.4102
30.7742
13.9641
10.8555
6.2984
-6.8925
-12.7977
-18.1984
-20.4796
-4.7906
-56.4477
19.5172
25.8035
5.0514
-30.7035
-3.5332
-30.5508
-20.4855
-17.7745
18.3317
-30.6492
-5.9336
-20.9737
12.2038
-25.0403
8.0648
-0.8023
-48.1992
-49.6125
5.0428
-16.8319
-29.0086
-44.0719
-36.3563
-20.4549
18.5750
-8.7820
14.8664
-20.6969
-20.0086
-24.8004
-12.6418
-9.2176
-10.9779
-19.5680
-13.5723
-2.4406
-25.4500
15.5203
3.0778
-13.4060
-4.1949
-40.9613
-5.2904
-31.6617
-31.8164
-21.5377
-11.1527
7.3547
-12.5698
-6.2812
-4.0691
6.3125
5.7006
-1.0223
14.1005
-19.8578
-17.4152
-36.5844
-37.8484
-12.0361
-14.0039
-1.0426
-8.4684
-38.1219
-31.3719
-5.5613
18.4863
-21.8564
-11.2430
-52.5984
-54.1516
-13.5726
-13.5000
-15.0090
-24.1094
-16.3297
-32.6312
22.8375
-14.9625
8.1500
19.5195
1.8984
-36.2734
-37.7750
-23.6406
-8.3391
32.7313
1.5703
-10.5646
7.1391
16.3500
-27.0675
-3.9574
-34.2939
3.4570
3.0605
0.4107
-2.4859
-17.1797
-28.5529
-2.8604
5.9760
5.7658
21.0598
-20.8945
10.5219
37.5891
25.4703
-16.6973
22.9523
12.2336
-1.5602
-40.0148
-11.1108
-9.6789
-10.3961
-40.7172
8.2299
-24.2516
-23.3617
-35.3469
-0.5305
-21.6898
-40.8031
-9.1681
-22.8465
-15.0066
-4.7547
-2.3789
4.7273
-20.0660
-5.8877
10.1828
-1.5766
2.0039
-5.6328
-37.6508
-10.2668
16.4285
-10.0700
-1.4365
-6.9085
-7.4641
-25.3312
-43.5312
-0.8474
24.4285
-0.3488
-46.1937
-21.2125
-4.1102
-38.0328
-27.4691
-37.4125
-31.7077
13.9129
-15.3020
-15.0626
-34.9090
-17.5526
-20.4613
1.5836
-53.8148
-4.6496
-48.0320
-13.9109
-31.5438
-34.3514
17.1938
17.6959
4.8078
-23.0331
3.6445
38.6703
-3.4125
26.3746
-28.4768
-4.1900
-5.3602
10.3281
11.2574
16.2371
-8.0539
27.0555
31.1277
-22.5398
-40.6990
-21.9094
2.0676
7.7811
-19.0769
-11.8254
-9.2992
-13.0863
8.1027
13.5211
-26.9438
-41.8945
-43.9406
-35.2156
-10.9914
12.4887
2.2633
-17.5551
-15.2953
10.6547
-27.5227
-39.4945
-34.4859
-30.8086
-21.0547
-40.5250
-27.6891
-25.7195
-22.0070
-13.1293
-7.3449
24.3121
4.5297
-28.8219
-18.5640
15.7949
-2.0381
16.2770
-10.0536
-6.6126
9.0030
-14.4430
16.8091
-13.7687
21.4199
-24.9078
-4.6848
-10.0895
-10.6739
-5.3691
22.5137
-37.9516
9.4364
13.6535
17.4078
-26.8355
-24.5615
-17.6871
-21.3559
-26.2266
-29.9602
-25.9789
-54.0273
-39.3730
-30.0969
-45.1055
-21.0016
3.3230
-19.8717
-9.9609
-16.4941
-18.4996
-44.9695
3.7488
35.1016
1.8687
1.4332
10.8894
-42.3375
-4.1910
11.7838
-25.9582
18.7418
-21.3289
-1.6539
5.8762
-16.2938
-52.1453
-22.4685
-3.4926
-13.9126
-30.9303
-30.2447
6.7957
-26.1199
-3.8549
4.2114
-28.7182
-43.0039
-54.4906
3.2430
42.3742
16.9625
18.9867
-4.5145
-8.3027
-3.0963
23.6125
2.5314
5.4994
-4.1842
-19.5342
54.0953
-5.3049
-22.6492
-44.8125
-49.0469
-43.7664
-2.1197
-37.3594
-26.4594
-37.2719
-32.6883
-44.2715
-6.4109
14.5688
25.2094
21.2047
16.2805
40.4023
37.8547
3.2371
8.1687
31.0012
24.0000
-15.2501
-3.1219
-2.2832
5.2422
-6.2777
-12.9561
-16.3906
6.5223
-49.9039
-11.5168
7.7945
-19.3918
9.9402
-5.1695
-29.7684
-1.4441
1.6871
20.2469
2.1320
9.7312
-25.2945
-26.7938
16.1980
-13.5340
-15.1078
0.8281
-37.2672
-7.2188
-13.3602
-27.7828
5.8535
-22.2719
5.7898
12.7813
-11.5510
-31.2969
-36.6555
-16.7285
-4.0882
1.1223
-10.9422
22.4725
-46.4055
-33.3273
-20.2055
-6.5996
-5.3225
2.2174
-13.7555
-30.0297
-30.3422
-29.8674
37.6121
6.4871
-37.3014
-19.9430
11.2523
20.4099
-12.4626
-14.1973
4.6625
-11.1905
18.6969
15.9668
-23.4547
-4.3574
-30.9164
-9.5705
-8.9262
4.1285
-11.3750
3.5953
-21.5965
-42.5742
-8.1832
9.6137
-60.2062
-8.0105
-11.7645
-2.8648
-44.1047
-34.6555
-7.4691
8.0547
24.2773
-13.6418
-30.1953
3.2434
-33.1047
-14.5609
-25.7172
-13.2727
-25.0148
-47.4578
-0.9078
-20.9078
-3.8281
-13.5181
-9.4449
-31.5051
-18.4988
-0.8229
-15.5410
-6.4580
-3.2482
-17.8609
9.8992
-5.4840
-14.7195
13.4846
8.7891
-12.7340
-35.1133
-28.7711
-39.0563
-23.2090
-18.6688
-30.2535
-12.7840
-7.7598
12.5379
7.7736
-19.6066
15.2719
6.7105
12.0152
7.0141
13.7773
1.6540
1.7547
31.3422
24.0297
-20.5857
-29.4957
-35.8057
-13.1995
-9.5477
-36.8539
3.1676
-6.8262
9.8305
-10.2207
-15.0785
10.9242
12.7375
18.0896
-39.3859
-7.9592
-44.9992
-22.4435
-2.0967
0.0055
-0.8311
-26.5484
-18.2297
-23.5773
-8.7367
17.4871
-5.6238
-4.9366
8.1527
-31.1313
-4.5469
-13.6211
5.6277
-45.3477
-43.8625
-41.6340
23.3441
-9.9845
-12.7859
16.3641
-0.2133
-22.9057
-18.5648
-3.2875
-30.2699
-40.3330
35.9887
-7.8742
-30.4680
-39.6594
-33.9023
-12.2604
5.7398
-31.7461
-16.2949
16.4575
-13.4068
-26.8469
-39.5193
-2.5004
-11.2321
-23.8508
-6.1699
21.2125
5.3145
-29.2584
-0.8785
22.8141
16.2495
-38.3438
-40.8250
-25.9391
9.2250
17.9750
18.0695
17.5117
-2.2621
-0.1352
-10.6973
-14.6734
15.5000
17.5693
-12.6617
8.3296
9.4594
-20.8238
-41.3344
-34.1031
-29.5734
-5.9531
-46.5109
-32.4359
-13.8574
-37.5953
-24.5441
19.4025
-31.6016
-41.7734
8.3754
-7.8656
-14.4883
-35.2578
-21.7664
-6.8844
-8.7781
-4.1652
-6.4942
-17.1797
14.7586
15.7664
53.6781
44.7797
21.9188
-4.1078
-18.5766
23.7824
-32.0008
-16.7270
-21.2195
6.5281
0.0027
-5.9387
-13.5829
-19.6125
-4.1402
4.6668
-3.9115
-25.4894
-1.3049
-5.8895
-7.2914
-38.2477
-16.8074
14.8727
-0.9043
-4.9746
-27.2516
-57.9930
-0.6578
-42.3867
24.5664
-18.2664
9.0629
1.5492
-2.8184
-15.6820
-45.6331
-2.0156
-19.2623
16.3824
6.2063
-29.1408
36.6891
8.8891
16.9656
24.3578
16.0355
-28.4340
25.0250
7.8773
12.4165
-7.4047
3.1629
-19.5422
10.3380
-31.6805
14.2949
-18.0618
-15.8730
-5.1273
7.9031
-5.2365
0.6445
-4.2873
-10.8062
-25.5205
-11.7719
48.4234
27.9523
20.9465
-22.9746
-5.6025
-30.2348
-21.9695
-30.4019
14.1520
-1.9449
2.7093
3.3535
-3.3177
-9.5569
-2.7299
-27.2717
20.0660
2.3824
-19.7756
-12.7606
-26.1422
-14.4945
-49.8195
-47.2961
-24.9438
7.0762
-30.6750
4.8906
-9.7156
3.3877
-1.5461
15.4277
5.4730
28.1539
10.3789
23.2914
16.4230
-35.4695
-27.6738
-23.4500
-33.0633
-28.0375
-12.9453
-19.5314
17.3273
6.0016
-26.5828
-12.9445
-57.1711
-54.0086
-4.3562
-28.9653
-0.4711
12.9082
12.6141
-21.5625
18.6836
-15.2348
13.2418
-20.8571
18.6344
-26.1066
-9.9449
-35.8312
-34.5258
-22.9859
-31.6433
-3.5219
-39.4172
8.8934
-19.1633
-12.7395
-43.1992
-26.3645
1.1716
1.2533
-16.1670
12.3820
-25.8766
-38.3547
-11.0859
-7.7719
-19.0602
-41.9727
-35.3758
-24.1070
-26.8213
9.5727
39.3016
27.6160
15.3626
8.6826
-34.8906
-32.9891
-3.9247
-34.7184
26.7687
31.8766
-8.6152
24.8750
-30.8523
-6.4609
8.3459
-19.8840
-4.0867
5.7746
-20.0938
-40.4781
-22.8941
11.7514
-44.9738
-50.0445
-5.3084
7.0246
18.1953
8.6341
-25.7586
12.4457
-13.9832
2.8211
-29.4281
3.4559
10.8980
-0.0719
-26.1391
-19.0572
-24.0051
-35.3273
-38.1586
-31.5164
-14.8256
0.7836
28.8898
-14.2184
-7.8835
-33.3270
-6.3364
-17.1223
-28.4852
8.1762
-29.7523
1.5820
-19.3078
4.4445
-6.2076
-4.0268
-49.0820
-20.6727
-9.4246
-8.7711
32.3426
42.0883
-0.9632
2.0469
-39.3352
-8.8031
-14.9990
-7.0430
-14.4320
-23.0820
13.0253
-48.2047
11.9961
50.3516
0.3094
-13.6781
-22.4160
38.7336
33.8801
-0.7566
-33.8857
11.7543
6.4920
-35.0855
-35.8564
-29.2812
-10.6281
-32.0805
-39.2890
-11.2625
49.9582
-9.5898
-30.7070
-29.5555
7.1668
-4.3922
-30.9647
21.4721
-38.7211
-0.3913
-0.2488
38.1766
31.4937
20.8461
-28.9453
-13.1091
0.5289
8.9449
-16.3574
-5.7543
-50.0926
10.7539
-46.7352
-40.1133
-26.4434
12.0487
-9.8925
-17.8852
-26.4035
45.8852
-10.4172
14.5023
32.9051
-2.4691
10.8912
13.5227
-9.1284
-10.4766
-0.9445
-46.6281
-0.2078
-19.3691
-24.2795
-9.7466
-4.1684
15.8258
-9.4305
19.9484
22.4898
-15.3520
-21.8387
-23.6270
-23.4078
-38.8758
-21.3914
0.9520
-13.8289
-8.6879
32.0711
6.9417
-42.9172
-17.9787
-2.3298
-26.5035
22.2348
-34.0266
-29.2551
7.5367
-37.9016
-45.7898
6.6445
0.0572
-5.6549
-16.7836
-20.0950
-41.7520
-10.9702
-11.3461
-2.1676
-10.0887
12.0740
-23.7594
-30.7416
-13.9975
-5.6641
-21.5648
-8.5496
6.9182
-36.9094
-37.0680
-15.2117
-42.3180
-33.2316
-15.3967
-32.2359
14.1914
-6.6242
-28.3742
-25.2152
10.7523
-1.5633
-24.2727
-9.0415
5.0017
-13.3062
-36.4258
6.8254
-31.8680
13.6133
-2.6075
8.6348
10.1242
6.3242
12.4477
21.2164
16.0676
3.5727
20.1859
25.3406
-7.2581
-1.8027
-4.5166
-0.0406
5.6156
28.7832
11.6379
-30.6879
-13.0312
-32.5867
-29.1406
-20.3594
-3.5703
-41.7922
-32.8164
-19.5426
-17.6946
-11.2496
13.0218
-21.5734
-24.5734
13.2648
0.3000
28.2469
-5.9075
16.2450
-36.0805
-27.5227
14.9594
11.2012
-29.6150
-3.5168
17.7301
8.3074
-12.7135
-8.6078
-7.3148
-39.3867
23.4977
14.7930
1.7722
8.7227
-10.3799
-18.6375
-18.3574
-17.9104
25.3008
-8.4852
-13.9596
-2.6316
-16.3332
-31.3168
-11.8922
-21.7172
-35.2352
-3.6134
-1.0624
-31.2141
-26.6898
-40.1094
-10.1229
-7.4187
-43.3492
-6.3370
-26.9898
-39.4518
2.6715
-12.7828
-14.8145
17.8961
-7.8838
-29.5203
-42.0609
-18.9035
-1.3934
-27.6969
-28.6637
-8.8113
3.2844
22.8965
3.6164
7.0766
5.9516
30.3373
7.4516
14.0359
10.7402
-10.0070
8.5459
-7.4965
1.4693
-27.6348
-13.6613
-31.6588
6.7275
10.2797
14.0664
3.0453
-36.3734
-0.0267
12.2560
-7.3355
-4.4578
-32.0277
-11.6545
-23.7756
32.5555
31.2195
-1.2166
-1.0338
-27.9176
19.1996
-8.8772
-6.9563
-43.2949
9.4023
-0.8895
-5.0589
-1.4250
13.0273
-40.3430
-45.8789
-44.2023
-36.3477
-54.1953
-28.4406
-42.4055
-13.5902
-14.5141
-40.6188
-53.3291
17.7500
-21.0797
8.1680
13.4262
-11.5867
-7.9115
-24.1039
-24.0352
-20.8738
-10.4813
5.1711
-7.8315
6.8357
9.3850
-27.1906
-6.2203
-11.0855
-34.8602
0.3023
28.7570
-33.5531
-10.2445
14.7996
4.0020
-8.3283
3.4359
31.3703
3.1324
4.4965
-54.1844
-28.2437
-10.1777
-47.8906
-0.4484
-18.7107
-23.5762
1.4418
-17.4475
-20.0637
1.8904
-5.9711
-34.8035
8.1352
-7.9428
8.9254
9.9680
1.1285
-10.0406
-26.2750
-10.2354
6.4719
29.6074
-6.6502
-41.6484
-28.5719
-11.8002
-44.5445
-6.6422
-28.1113
-37.7094
-58.8609
-17.8061
-44.6398
-45.2828
-20.0310
-32.0461
23.7418
-11.2828
-42.1253
23.8506
-32.4055
-14.9719
1.1063
-23.6964
7.9354
-12.1109
-36.0563
-11.2352
-5.2718
-0.2883
5.5047
-30.4758
-8.2704
9.3113
-29.9609
-20.5180
-3.5051
16.0070
28.6266
32.3309
18.2697
-26.9961
13.9570
-29.7070
-19.2533
-21.3227
24.3754
5.0866
-45.9336
-14.4582
-14.5895
21.2605
21.1727
15.9793
-2.7145
-28.8918
-28.2648
-16.0191
10.1396
0.9937
-9.8084
-52.3641
-15.3363
-32.2488
8.4494
-41.6656
-45.5812
-34.8008
-8.1223
-5.8477
10.1750
6.4531
-14.1652
23.6332
-48.4141
17.9609
-12.1592
-20.5977
-8.8246
-23.4816
-40.8469
7.7480
0.4549
21.1328
11.6674
-11.2148
-25.2029
-36.2305
2.1145
-0.4002
20.6586
-3.3340
-10.1285
-17.1496
-30.5609
6.0996
-34.4512
-27.5237
-33.6531
-18.0123
-18.2043
25.3100
2.7184
-10.4805
-43.6312
16.1750
-1.5670
-4.2676
9.7578
-15.1021
20.8891
2.7430
-8.0234
20.1215
-26.8490
9.2400
5.4492
8.8996
1.1215
5.1855
-7.0828
-30.9352
-51.1617
0.1793
3.2051
-11.1984
22.7152
-18.0541
-0.5055
-17.2164
-23.7422
-4.9141
-23.1020
-0.7273
15.0109
9.6531
30.9086
5.9437
19.5773
14.4242
28.9170
-35.1531
-21.6492
-50.4711
-44.9570
-19.7367
-7.0916
7.1525
-33.9141
9.7746
-20.2766
-27.7727
0.3365
-31.0187
-17.6867
-27.0992
-14.7154
-21.9789
-30.1734
-50.6445
-4.7231
-25.2578
-21.0863
-9.7691
-12.2714
-20.4706
-14.1680
-19.2566
-14.5992
14.5871
19.2987
-28.0969
-37.9938
-35.1289
-4.1105
-13.3701
-16.8340
13.7957
-17.1448
34.0062
26.2758
-13.8793
-15.4289
-44.0430
-19.8747
16.5383
25.7281
9.3498
-25.4846
-9.1824
-12.7265
18.5141
-15.1161
-8.2500
0.5902
-7.0805
4.4031
-11.4636
21.9914
36.1268
-5.7656
19.4070
-9.6266
-17.2992
-31.3281
-45.5785
15.2324
-42.8484
-60.5000
-21.4723
-2.1422
-52.1984
-35.9184
16.6771
-13.3066
-7.0803
-20.9767
13.2996
-6.9080
-17.8043
-1.1664
-5.3979
-2.6405
11.6322
-0.3633
27.9758
40.8664
10.3727
38.6141
35.2453
10.3250
1.2492
-14.1914
0.0735
-19.6605
21.5207
-2.9775
-29.4742
-19.4512
-39.9313
5.4859
-10.3496
10.9398
-10.9826
-25.3079
-8.1355
10.2047
2.1789
25.9426
14.6975
17.8961
1.5559
9.2672
14.5000
30.4953
-46.3961
1.3969
-1.9100
-9.9117
-10.4895
26.4359
-19.9232
-36.2484
9.5537
-23.2109
-26.7836
-23.6125
-26.1187
17.5844
10.7359
11.4973
-11.0848
-36.4602
5.6258
-28.6836
-40.3422
-60.2039
-48.1371
-6.8219
-0.2461
0.6205
-0.0848
-33.9355
-6.3828
23.3531
49.3109
21.5980
-0.1266
-30.8609
4.2917
-26.3352
-33.3367
-16.5408
9.4578
-21.3055
-35.5402
-7.0049
-19.6945
4.8771
1.4496
-30.6977
11.3332
0.9711
-6.2555
-36.7151
34.4016
-4.0548
-14.3947
26.6368
8.9527
-12.3732
-23.6322
-4.4535
31.4625
35.9414
1.4156
-15.7368
4.3043
-0.9395
6.1961
12.6240
7.5668
14.9125
-20.7027
-32.4367
-13.1125
-27.8547
-5.8934
-21.9711
-32.6984
-55.2820
6.8313
-23.1930
-8.3492
-41.3926
-2.6695
-24.6914
-12.5469
10.7664
-17.3649
-37.2539
18.3320
4.9121
7.4738
12.8281
-16.3008
-29.4205
-11.0879
26.8977
-0.6508
27.3414
28.3008
16.3472
-25.9461
-0.9992
-54.8586
-31.7156
10.8779
18.2789
21.1984
32.3180
30.2172
-32.1266
-21.9270
15.4047
-18.5530
-23.4762
-26.4531
-11.3203
6.9441
15.3182
-20.5312
-26.6070
-21.8367
-26.8832
-37.1273
-40.8023
-33.6266
-36.8648
-15.7937
-27.3998
14.6699
7.8516
-6.6105
-14.5883
-39.4504
-21.6484
-20.4691
1.8309
16.6707
13.4625
-17.9033
-12.2652
7.0779
-24.2141
9.6281
-48.0047
8.2725
3.1413
-18.8813
-6.5909
-28.8547
17.5055
3.6883
-5.1414
-0.1187
0.0230
-59.7297
-20.2883
44.6422
14.1043
0.5773
-11.2478
14.8598
-39.7633
5.9668
0.9066
7.3445
-15.9586
-27.2891
-8.0207
-9.3891
17.2609
-32.0320
-33.1715
-0.2091
-9.4482
13.9496
-15.2086
38.5180
38.8914
21.4453
-34.8500
6.6928
-4.1807
-8.6015
-6.5191
-44.3840
22.7707
15.7957
-3.6912
13.9387
31.6992
-32.8719
3.1074
-5.2806
-7.3396
-3.2930
28.9047
2.0990
1.3736
38.0633
-4.3367
13.2797
-12.0133
-2.1703
3.8017
-27.7727
-38.9719
3.0289
-9.3360
-19.5086
-46.9945
-14.8539
1.6539
-31.2609
-42.0984
-35.5922
-26.4008
-39.0633
-28.6298
-3.2361
-16.3957
-12.2680
-41.6859
-9.7645
-58.3539
-9.4016
-37.7719
3.5762
-24.7969
-14.8397
-29.6242
-24.6539
-7.6350
-28.4148
-21.9148
-37.7746
-24.4906
-32.5125
-47.7758
-32.8422
-14.9027
4.9270
15.4895
10.3945
16.1955
0.4194
-18.0875
-27.4613
-30.0414
2.4341
-26.6898
-38.6734
-24.8270
-1.6290
-17.5137
-10.8412
8.9203
11.2924
-14.8695
-23.8062
3.3859
30.2805
26.8611
-33.2164
-31.0768
9.4867
34.8922
17.1355
-12.3496
16.8500
25.1855
-10.1344
-22.3781
-36.0406
-20.1695
-59.9398
-33.1570
-49.3102
-18.4355
20.4906
19.0090
-10.5434
13.8914
21.5000
23.2430
28.9164
34.2703
37.2887
-2.3239
6.4234
8.0996
-5.2516
10.9467
-6.8086
10.6521
-10.2742
-35.1945
-0.3690
-20.9148
-9.6160
-15.1417
23.0918
-33.2125
2.8898
9.9055
-35.4383
-8.4495
-5.5535
13.6773
16.2504
17.0014
-10.7988
-45.6977
-4.7070
27.7731
-46.1500
-3.2199
-28.6453
-10.5566
-40.2047
15.7180
1.2137
10.9953
-3.3937
0.9506
-2.8469
-25.6125
-3.0875
-36.9594
-15.3945
-53.0086
-15.7570
-36.5174
-33.2711
-13.2012
-26.3957
-33.5687
13.9205
-1.5953
1.3273
-33.1355
-24.2488
-11.4309
-23.2812
-0.7320
-24.3742
-11.3554
1.0797
6.9187
-37.7687
-35.1867
-29.8531
-5.7925
3.6418
-12.6121
6.8955
-50.6164
-15.2723
-32.7755
4.1668
46.2445
30.4262
45.2195
-28.5258
-30.1437
-54.6914
-10.0154
-23.1684
-23.5857
-47.1234
-28.3453
-1.4331
3.6820
-1.5086
-11.3149
30.8836
-3.0296
-43.9633
-5.5473
-44.5523
-21.6375
-19.1000
-35.0703
-47.8992
-5.0749
1.1732
-40.5805
-9.4328
-58.6039
-42.4012
-44.1688
-27.3398
3.5684
16.1950
-12.4406
2.3078
-25.3539
-24.3490
19.9098
48.4398
13.9418
-45.1109
-49.3078
-4.6227
-18.5170
15.1098
-8.2166
-19.0402
-13.0945
-0.8396
-18.1859
-53.1609
-42.2391
-38.1000
5.8539
9.0883
16.6816
11.9292
13.3664
18.3133
21.1742
26.2055
-3.8559
-6.2301
7.4910
24.1395
2.2988
45.0969
6.1953
3.5246
0.8551
-4.0531
9.8781
4.3453
-15.6727
4.2895
24.0797
24.3871
0.1482
1.3801
-12.0324
-26.4836
-14.5668
-20.1906
-8.7783
-0.2398
-14.7879
-30.4734
-33.2109
-8.2703
-13.3033
6.4541
-24.0141
4.3182
-39.9039
-15.3156
-20.3102
-6.5074
-29.2453
-49.8086
-47.1344
6.0516
-1.0539
23.6437
17.3918
-11.7387
-12.5451
34.9418
-2.1045
5.6434
-23.5301
-16.2922
-1.9020
-12.7809
-4.9453
-17.4245
-0.5737
-22.7059
-21.4945
-11.6265
27.9406
-1.1443
-8.3048
-41.0387
-17.0283
-3.9652
-2.4381
6.1811
-24.1804
4.6992
-12.4281
-41.9039
12.4395
4.2550
-37.6539
-41.0281
0.7219
-13.7707
-29.8141
-14.6687
-2.7344
4.1332
6.1244
-44.2461
-3.1312
16.6709
1.0273
31.6641
35.3078
28.9277
-4.5259
-10.5283
-23.7062
2.0133
17.0516
26.3377
6.4625
-18.9188
-28.6020
-6.6898
30.2535
-19.0961
-3.8984
21.1457
12.4473
-26.1242
-23.7363
-15.1828
-27.6199
11.1438
27.4199
2.4938
-4.2912
-11.4824
-11.7449
-2.6211
-49.2852
-19.8500
-5.3637
-26.5953
9.5496
-11.1072
0.8373
-34.2309
-7.2435
6.4305
-2.2203
27.7928
-25.3516
24.8836
57.6266
24.1500
38.8078
13.4133
8.5961
23.4383
-1.9503
-4.6566
-7.6814
-30.3766
-23.4922
-17.8789
-12.4523
-3.0797
-29.8004
1.5922
16.6511
-35.9496
-28.0500
-46.1539
-5.2094
-7.1734
-43.2691
-38.8445
18.9930
-10.9172
19.4539
3.3117
3.4670
22.9902
9.2316
7.6078
8.1787
-12.3766
7.4820
28.7180
5.0785
14.8250
11.3676
11.2471
-20.3768
13.7654
-49.8992
-27.6129
3.0402
22.1484
-23.6113
-27.8586
-30.3500
8.8859
4.4990
2.4395
-6.2809
9.2508
-5.2395
-15.1604
-22.3430
-12.3188
-46.1466
15.2352
-11.0031
22.3375
-16.8916
39.4199
-21.6516
9.9141
4.1438
29.3422
1.6004
8.5902
-0.1371
3.1477
-4.0602
-18.4914
-24.0336
-49.5680
-12.3189
-18.0465
10.0676
-27.8641
8.3676
-40.2805
-5.3396
-11.1572
16.4934
5.5680
17.1156
18.1871
2.7422
-7.6996
27.2656
24.6656
-2.4055
-4.3316
0.3229
3.0699
-5.8232
-28.2016
-16.6492
-15.0539
-17.0309
-16.9516
-9.5738
5.4004
20.4883
-15.3451
6.7141
-6.7297
-17.3625
-1.9744
-28.7000
-4.3152
-44.0984
-13.2137
3.2664
-7.5969
-24.4414
-39.8703
11.6883
-14.6140
-22.6355
2.3931
-47.6258
-34.0625
-47.8570
-13.5242
-13.0926
-14.9904
-16.2302
11.2734
35.6660
-4.4062
31.4789
41.4883
12.7447
-40.5242
-19.8078
-7.3215
-11.0473
-26.9727
24.6156
-34.4867
-31.2484
-1.5402
-9.8016
11.9410
-34.5848
-2.2820
0.8305
-12.3527
-2.6191
-4.6770
-2.6504
-40.5930
-14.1908
-31.0363
5.8562
-17.2887
1.0592
-2.7703
29.1887
-16.1137
-37.5680
-14.5489
-28.0844
-31.8828
-23.8770
-9.0625
-0.0523
0.4285
-0.9812
1.6162
-47.7664
-50.0484
-41.2305
-14.4824
4.2531
-14.5859
11.4754
10.0809
-29.4543
-12.0975
-3.5297
-5.8566
5.4969
-4.7297
-26.5480
-17.7660
20.5031
9.1488
13.6191
3.8166
-23.2188
-50.6133
-8.7648
-4.7409
-27.3316
-18.6473
16.6258
23.0809
36.0336
14.6422
6.6637
10.5805
-29.4270
8.7703
-4.7242
-2.9305
5.8469
4.6260
-30.2078
-35.2094
-15.9400
-3.8750
-12.8064
-16.8969
11.4195
-9.5195
-21.6531
-11.0411
-25.1273
8.3848
-4.2531
-32.6020
22.4375
-9.2133
33.0422
3.5672
-9.8609
-8.3355
16.9516
2.4777
21.6258
4.6773
-2.8000
-18.3004
-49.2891
-34.3656
6.6152
-24.2422
-1.0211
-21.0357
25.9937
-10.4539
-16.8422
-4.4453
2.0164
28.1887
21.8715
5.6410
-29.9523
-47.9125
-34.0422
-21.9555
-16.1367
-26.0125
23.3961
-5.1637
-35.4834
-0.0980
-32.4537
22.2586
4.4109
38.6437
2.8184
-13.6260
-20.7203
25.1023
42.2562
11.8636
-10.5894
8.4812
18.4148
12.4734
13.2219
11.0008
9.1785
-47.4258
-28.7922
-1.4299
-7.6975
-16.6855
13.7477
-39.3430
-18.4867
-43.3000
4.0637
-30.3563
12.8953
-2.0495
-23.8770
-6.1559
-5.7180
3.2841
-15.6246
-42.2883
22.0164
12.9379
5.9005
-11.7252
5.4835
-2.6242
25.5707
20.8008
-14.6562
-14.4817
35.5828
18.8969
16.1051
37.3875
12.9277
3.8611
1.6459
-41.9125
-31.2654
25.1086
18.7734
-8.6564
-24.3687
-32.2512
20.4801
0.6900
-7.2969
-59.1133
-22.7183
28.5953
17.5766
-4.9646
-19.0844
-1.7277
-34.8063
3.4969
17.8332
-6.3566
-7.3753
-13.6998
-47.1211
-36.8543
-23.5219
-11.9932
-20.4703
-30.2031
-40.3766
-10.0828
-23.8531
-25.7795
-9.1213
-22.8664
-15.9746
14.0910
21.5926
-12.2818
-16.0895
26.1789
-12.1268
27.8563
-14.5984
-51.6320
6.0246
-3.9070
-58.8305
-45.4473
9.5695
-30.0223
1.0762
-14.1145
-1.9820
-7.6102
7.2253
-7.2422
-41.1562
32.8852
50.9457
3.2819
-30.6711
-35.3645
2.3793
8.2059
-13.5625
-5.7828
4.0176
13.0379
13.9805
-14.5113
-1.0277
-3.3611
6.9500
10.6328
-7.9430
6.7635
2.0230
-25.7258
-5.1178
-23.1926
-12.4992
-14.5857
-6.6780
-29.2648
10.8135
-6.6426
-43.2148
-15.0805
-48.0047
2.5346
-10.8867
-30.1398
9.4793
30.4781
56.8355
41.0812
-2.5820
-16.2856
-16.2898
31.0914
-0.9531
8.5629
-1.8445
19.5516
-16.5225
-35.2781
-14.5027
-5.0898
-10.0301
-14.7012
-12.6570
6.3600
16.8586
-15.1082
-11.9327
28.7945
59.8191
45.1633
18.0367
6.4797
6.6227
3.2996
18.5568
-18.9652
-19.2973
-19.1852
-5.5116
-20.8062
-23.7609
-26.2170
16.7266
-42.3758
-43.3867
-41.7680
-34.6211
10.1828
-29.9813
-12.7035
32.6234
30.6148
14.8635
-21.2883
7.5516
27.3289
5.5850
3.2699
-28.3234
-19.8858
-6.0469
18.8410
-11.4656
0.2607
-20.1133
-14.6042
-43.0187
-22.0586
14.0188
-3.7172
-15.0852
-0.8457
-51.7109
7.1766
6.5324
21.0742
23.6703
9.4617
19.0602
16.5539
-2.4263
-3.3146
-33.6141
-12.6664
-11.4758
-1.2953
-5.2301
-8.7210
14.4602
-14.6703
-23.0925
12.7058
-1.8656
-51.4352
-15.3859
-20.0266
7.5899
4.0727
-7.9469
20.7805
17.2172
1.5293
-14.0541
18.8066
1.7918
-6.2355
-5.5801
-45.6375
-32.7477
-3.4033
23.2621
-16.8672
-28.1336
-4.1727
1.0824
7.9164
1.5922
-28.5602
-22.2078
-36.8992
-8.6539
-35.0758
-33.8359
-50.3117
-32.6344
-25.4682
-1.5529
-22.8953
-10.5051
-33.2445
-11.8664
-13.7188
-30.1475
-32.9172
-43.9328
-19.6209
-16.3371
26.5312
13.4004
-32.8680
-12.4883
20.4500
9.7844
27.4600
-2.2395
3.1963
6.3195
-24.8526
19.6414
9.4932
21.4336
15.6773
4.1094
-3.3855
-29.0104
6.0375
12.7664
29.8570
5.8088
-34.6441
-10.8762
-9.0582
17.8789
6.5902
6.6523
12.7371
2.2834
-37.6074
-12.1953
34.6898
-19.9918
-1.8277
-29.4754
5.7016
-15.4102
-6.1877
2.5609
-21.5227
-25.4445
13.4047
17.9180
-43.0174
-21.8242
-37.3680
4.8809
3.4494
-44.1617
-43.7641
-27.3016
14.2526
-37.4078
5.2547
-9.8227
6.0508
-26.2957
19.3355
27.8258
18.3484
11.8016
14.6539
10.2262
-6.2879
-10.4089
-36.9144
-4.8243
-17.5379
29.6098
32.8063
0.4172
28.2156
37.9004
12.7273
23.1125
19.8414
19.1363
14.0317
-4.4038
-28.9026
3.2449
27.0031
6.3234
14.3206
-28.7235
-8.9344
-59.7609
-52.4992
-29.8094
-3.1457
10.5023
10.5375
-18.0168
-18.9750
-38.5742
-12.7887
-24.7422
-9.3842
10.0943
-14.6182
-12.8721
35.7473
11.9453
5.0039
45.2086
26.3969
39.0551
27.0195
32.6094
-15.6012
-26.1979
-6.4288
1.5973
-33.7707
-9.2000
26.8824
8.6695
5.7162
5.1139
-9.5211
-18.5342
-5.5102
-10.2555
-13.0957
-28.1566
-10.1836
-24.1277
23.7445
29.0832
-5.9112
-31.4361
3.5148
5.1285
25.6070
5.3492
-39.2320
-28.4422
-15.3188
-9.2867
-40.2609
-9.9984
-18.9309
0.1117
-33.7031
3.2706
-23.0312
-39.6078
2.6109
8.0703
-36.3734
-19.8977
-3.2507
37.5820
-2.9420
13.7820
2.7461
43.6160
28.9947
-11.3393
21.5664
-14.7325
-18.2090
-0.8602
6.2535
22.8516
9.1676
35.3094
33.1898
23.9277
13.5242
-4.0985
6.5281
-16.6207
22.8422
-5.1533
-19.1482
-40.7141
-12.4740
11.4746
-12.6367
-2.8881
0.3250
-43.0781
-38.6750
0.4732
-28.5698
24.7129
-26.6533
28.9641
38.8414
21.1301
-26.9828
1.0961
-9.7646
-1.8365
-6.0062
-30.0020
-19.0285
4.2547
14.5797
33.9523
-33.1070
11.6159
-22.8656
-29.9883
-1.5656
-64.0195
-33.2484
-11.6936
-18.4466
-4.1729
19.6551
2.6348
10.4117
33.6969
4.2734
4.6020
19.4453
8.4541
-19.0750
-11.4961
-7.6791
-32.7008
-36.7742
8.7214
-24.6324
-2.4549
-39.0687
1.0418
-15.9398
4.5570
7.7123
7.3691
-42.2484
-56.5453
-40.6422
-28.3328
-8.3887
-24.9242
-29.0891
8.6061
-23.6069
-3.4369
-30.3609
-44.4820
-40.0195
-20.8813
-2.0591
-42.4090
-21.4629
25.8094
25.1055
17.4375
16.5934
3.9707
3.8614
-34.8500
-41.5289
-24.1430
-39.1172
-25.0629
-19.4352
-17.6506
-46.0730
-25.3039
2.6881
11.2223
-6.4152
-2.3281
-39.3492
-22.1861
-35.5570
-26.5141
-14.8311
-14.0918
11.3482
2.0264
-10.5475
-7.6359
-5.3189
-7.1746
-10.7994
9.7497
-27.9535
3.1254
-18.7883
-41.3262
24.2906
1.1131
3.8797
25.4082
-8.1512
-40.2719
-1.0027
-25.2006
-0.1515
-21.3918
-31.6930
-51.0602
-23.0898
-51.9703
-28.7344
-50.9539
-15.4358
-14.5320
-48.7313
-4.8969
-50.2539
-1.4527
-57.7188
-40.6680
-10.8206
-4.9008
-46.0371
-2.5156
-5.3261
-13.7965
-1.7538
-31.9922
-17.9603
-4.8945
-27.8023
-50.1352
-10.1523
-8.8903
-7.3109
5.7555
-14.7246
14.6910
-20.0457
-25.8137
-4.0197
-20.2668
-9.9919
-10.1199
-31.9211
-19.1344
12.6289
6.0853
-39.9125
-18.9275
7.7063
3.2945
-40.4336
-39.5086
-28.3742
-8.3945
-18.7797
-19.2008
0.6289
-3.7313
11.7447
-39.4543
-28.1047
-32.1422
-36.4023
-15.0109
0.9240
-9.3525
5.2645
-2.7297
-10.7942
-10.3293
-20.8363
-16.8248
18.3781
9.4695
29.1930
-23.5492
-16.3457
1.6422
22.8445
24.1369
-9.3429
4.8859
8.0008
10.5352
-2.8015
-1.3446
11.3488
-8.2148
31.9492
36.9875
-14.7353
-31.4266
-20.4953
-17.3469
-32.7820
-40.1840
-13.2061
-0.0869
-13.8441
-17.5957
-8.5340
-13.4773
6.5797
37.3563
27.8070
-3.5875
-20.7125
-26.0008
3.4968
-4.1881
-52.6180
-3.8184
-15.7785
-29.1370
-8.2680
16.3316
14.6957
-7.0951
-17.9844
-23.0902
5.1680
6.3703
11.2105
-2.2775
-6.1447
-28.7715
11.6668
-40.2062
-3.8012
-24.6908
-27.2797
-34.4520
10.1148
-6.0066
6.5914
-50.2687
-1.5031
-16.9714
-2.4847
-13.2037
16.1414
-29.8352
-4.7461
12.1023
0.9688
-11.8500
-19.6076
-5.6211
31.5031
15.3879
-8.6230
-9.3874
-13.9930
1.2785
11.1000
-9.3010
-18.6688
-34.3539
-46.3652
-2.3004
-37.8074
-3.7101
8.3117
-2.7046
15.8879
-20.6961
-4.7301
-24.8453
-35.8148
3.4088
-8.5241
41.8445
4.3684
21.5410
-0.0523
-23.3164
-25.4372
-39.7141
-11.9925
-0.6250
-12.6559
4.3508
-35.9188
29.5785
-1.0906
4.2446
-36.2125
-33.9445
-12.7953
-7.1139
-44.5227
-11.5684
-17.8283
11.0367
-5.2059
-9.8354
22.6137
-18.8086
-14.2688
-20.3047
-52.8922
-29.3582
-9.0516
0.8863
-19.9088
-15.2211
-8.7138
-26.7266
-53.3055
-14.5281
-4.7204
-13.1047
14.2145
8.0030
-32.5945
-2.2793
-29.3559
1.7471
-12.0750
-11.2559
17.1578
5.9020
-30.4328
-29.5531
-32.3707
-3.5746
-11.7836
-9.7048
4.0391
-44.2391
-27.1367
-40.2570
-34.3484
2.9480
-3.9941
-22.1680
-49.9531
-17.6812
15.0961
10.2391
9.8285
0.6227
-34.4711
-42.4430
-1.9654
-16.6859
-34.4086
-17.5635
-17.7344
-19.2563
-21.2336
-38.2695
-30.4007
34.5520
15.1496
-20.6641
-23.2336
2.4494
-24.9893
20.4580
-8.9797
-9.3344
-12.4117
-25.0648
11.4305
-5.8766
36.6539
-7.3625
14.5684
-13.0445
-31.1094
-29.7545
2.2574
-7.9809
33.2289
17.6891
35.5332
-28.9068
11.5191
-35.6047
-29.1246
-24.9148
-7.5730
8.6943
-3.1406
-4.6664
12.3172
24.7242
2.9469
39.5922
-18.8734
19.8727
-4.3070
13.9137
8.8687
4.6119
7.0145
-55.4859
3.7102
-37.6063
-27.0211
-22.0818
-9.8371
20.2109
-15.6615
-6.9871
4.8953
-1.3131
1.8090
-34.0391
6.2500
42.4859
-27.3859
-26.1012
-15.1371
-17.4929
11.7082
15.2250
-5.7451
-43.1828
17.8816
-9.6004
-2.1379
8.6633
-21.3770
26.5367
-4.5871
-21.0742
-39.1703
-27.7820
11.7773
-1.7117
-7.3238
12.4126
-31.9391
19.1914
-36.0277
40.9305
-0.3133
-48.8281
-33.3852
-0.5049
-29.3594
-19.4078
15.1898
7.6398
0.4945
53.4281
-2.7436
-5.4391
8.3423
-40.3789
-12.0299
35.2355
-10.6852
16.5043
8.3652
-23.7055
44.4113
-12.7480
2.2218
0.4916
21.7563
21.8848
-7.0547
-25.5391
-26.1418
21.5371
38.3273
22.1613
12.0508
9.6980
-14.1613
-14.1377
-15.7316
4.0129
9.0689
-25.4969
-21.1762
-30.1629
2.0277
30.6359
9.8463
-26.1752
13.1914
18.7297
8.9773
1.7469
6.1906
-28.2133
-11.0777
-18.9562
6.0203
-12.9781
-49.3203
-10.4406
-6.3422
-24.6875
-17.8734
-44.1867
-8.9792
-41.1523
-9.1820
3.9516
7.0320
1.0078
-16.4090
30.2844
-7.8516
25.4922
28.7742
39.4961
11.3304
-27.9961
-28.1008
-10.4121
7.4068
10.9695
13.1461
10.5465
-0.6814
-29.1313
4.1039
-19.6495
-17.1437
-0.4254
8.5395
-24.9492
-54.6266
-50.0977
-9.9406
-50.2906
-34.8180
-25.1836
-25.9496
-32.8664
-15.3473
11.5703
11.7641
13.6273
15.4062
34.7961
1.2047
-6.3959
-17.2207
-28.0133
-25.1570
6.6777
4.1818
-8.8434
-6.4824
-6.3648
24.2273
6.2234
20.5465
8.1313
11.4675
-4.2742
7.6555
30.3703
5.5805
-37.5266
-54.8742
-13.2437
-29.8477
-16.3769
23.3729
-20.7984
-21.9178
-33.6742
-21.9760
1.3388
-4.4934
-20.1320
-12.6023
23.6867
29.3141
12.4555
18.7672
31.0164
-35.2340
-1.0777
8.3359
-17.0785
-36.8438
9.9859
-2.7426
-8.3123
-19.4367
40.6621
2.8676
-37.9078
4.1797
9.1648
-26.4586
-42.9414
-38.1500
-27.2928
16.4227
28.4227
12.8266
14.4016
3.6320
36.9539
-1.6922
-12.7859
8.3753
18.6953
9.2188
-9.6375
-32.5461
-21.1547
-42.2703
-36.9422
-20.4773
-38.2324
13.2832
-54.1820
-20.9344
-13.9441
12.8984
3.8809
8.8242
11.8573
-9.2432
-26.8813
2.1080
-12.7496
3.3367
-43.9547
-48.5125
-12.4070
37.3531
25.1773
27.8930
3.3475
-6.4129
-42.2219
-36.7039
4.2473
-6.1078
-15.0135
-10.2102
3.1902
-22.9234
-16.4758
-50.1789
-30.9250
-13.7512
17.0320
36.4996
53.7516
28.9156
35.7398
27.0719
13.7188
-15.6632
-23.9340
-33.9023
-2.5457
-23.6891
-19.5446
9.7308
-19.2449
22.4066
34.0957
23.7320
-13.7914
-45.1523
-36.3102
-24.2484
-0.4494
-51.3488
20.4047
36.6578
8.8719
11.8258
16.5094
31.4008
54.1453
8.4039
20.7789
25.9242
36.1250
36.0133
18.7492
35.5303
-16.8375
-28.9480
3.5955
16.6594
39.8824
-4.4593
-2.9691
9.4426
33.2820
1.8500
6.6336
-40.4727
-34.4508
-25.7406
-0.9309
-45.3977
-14.7254
-20.1344
15.5711
14.9559
1.7980
7.3141
-25.4977
-32.5812
-44.3375
-42.2406
-32.1123
7.5367
-60.4406
-45.9984
-24.7652
34.0094
35.7664
10.8482
-42.9328
-6.7653
37.4492
20.5063
24.5133
-28.0465
-14.6805
3.5756
-35.6523
-0.3223
-52.7641
13.1653
2.0156
-23.3098
23.3172
-28.4086
-31.6977
-57.6664
-25.0863
-2.8664
14.5141
11.7532
-46.0719
-26.2211
-37.8625
8.7686
12.4602
4.6215
40.1211
-45.2641
23.3937
-25.9188
-20.6402
14.7451
-20.5324
-23.2707
-23.6578
-33.6383
-16.2172
-11.7781
-16.1189
-52.0211
-42.0078
12.6133
4.3906
23.9574
14.8375
0.1305
-21.1320
-23.1609
-61.7523
-31.9789
2.5951
-1.9668
-39.2918
14.7824
12.9359
-11.9832
1.4984
-32.4109
12.1611
-12.6275
27.3529
-6.6523
16.6055
4.7688
5.6414
37.7625
5.3230
-16.8641
-4.9426
47.9008
16.6320
8.0736
9.3957
-10.8827
-5.1891
-32.2211
-13.5867
-15.3203
16.3426
23.4438
-22.2926
-35.8711
-43.6508
-29.5703
-38.4375
-30.1699
16.3117
25.9023
5.7398
-43.2398
-20.9336
-34.3449
-21.2324
9.5711
41.8688
30.9281
-2.2889
-17.9531
14.1080
-47.9609
8.6848
-17.8234
-28.4562
2.1109
-9.4092
-5.8473
10.2840
-8.4539
-28.2016
-26.6922
-19.4977
-41.7438
4.3389
-5.8951
-32.4117
10.8313
-18.9219
-35.8375
-28.5219
-20.2635
-25.2820
-34.0258
-3.9295
12.3992
28.9096
12.5813
-18.8172
-22.3844
-21.7738
-30.0125
-25.6262
-25.0724
-8.2500
18.2320
20.4621
2.5094
17.9578
13.4438
-27.7883
-53.9859
-20.3969
-33.0711
-8.6742
9.3139
-18.6516
-13.3223
22.8289
10.4355
-7.1064
-24.9396
32.3602
-15.1719
-40.1922
-30.1375
5.6715
11.4594
52.6336
38.0973
33.7023
44.5557
-57.9313
-20.3242
-10.3742
-55.0359
-43.2945
-8.3687
-24.6172
-2.2770
-21.7594
-36.1750
-30.0281
8.2529
-9.6637
-39.2414
-58.6656
-44.8328
-21.1102
-24.5072
-32.4359
-18.3141
-18.6747
-10.8188
21.9242
6.2867
-15.4233
15.7180
57.6305
35.1223
38.1503
-54.7195
0.0080
-44.9242
12.4523
-24.9836
-22.1264
3.4271
13.8680
21.1500
-0.0994
-0.3076
-5.8371
-8.5508
-22.4969
-8.4102
-3.7785
-24.8914
9.5871
44.7152
-11.1133
-15.4539
12.4074
-21.5840
-1.5676
10.2961
32.6285
10.5616
-41.4102
-25.2391
-37.2397
-3.0254
-8.5273
-1.9991
-18.7984
-11.0281
-29.7059
-1.2938
1.1669
-6.7641
25.3055
18.3375
8.7812
17.5328
6.2156
26.2510
-40.9609
19.0992
-12.2997
-19.4602
-28.6578
-20.7352
-39.3787
8.7999
-19.6562
-22.5391
-9.7682
-26.7867
-26.9980
1.7359
11.1988
-14.4156
-56.6797
-44.5820
-45.8766
-28.0551
-4.3309
-22.0782
-22.6965
30.6641
28.9758
30.3953
11.0137
-5.7082
4.9941
15.7680
11.8680
-21.6902
24.2305
20.2465
-26.4109
-38.2750
-23.6133
-9.8830
-43.8180
2.4629
3.5172
-44.4836
-10.1176
-10.5395
-27.2121
-25.6719
-39.7396
2.2395
31.4844
-5.0477
37.3816
52.1352
44.5969
35.0750
38.5312
13.1289
34.1937
30.4887
14.0909
-18.4781
-12.9254
-11.8632
-22.3359
-33.6992
-26.8367
-37.7180
-21.5922
-23.3211
-6.7410
9.8881
20.5379
-10.4727
11.6504
6.7133
-32.5227
-18.3719
-11.6299
-14.0001
-14.8000
14.3094
-11.6701
-15.7055
-5.9429
-30.2227
12.6090
14.3758
-0.1032
-24.7789
-37.5469
-45.2898
-19.2047
-29.0361
2.1543
-7.2835
-48.9683
-36.4273
7.9184
-23.5645
1.9104
-14.2953
7.7469
37.0480
19.5020
-36.6273
32.2512
2.4387
43.6801
28.7234
-28.7369
2.2609
0.3473
8.8855
23.7648
30.3840
-1.7172
54.3969
1.2633
35.2141
52.4188
51.5781
31.2023
15.4645
-2.7066
-25.2986
-11.6257
2.7539
-11.4516
-23.1918
8.8101
-11.9613
-17.8937
16.4758
-3.5814
-8.7063
-48.0398
-46.3258
25.9336
11.8102
37.7398
28.3398
-2.2810
2.0792
11.6885
-40.8594
-57.8109
-28.3027
-38.2703
-15.1875
-42.4570
-54.6383
-40.5852
-0.4070
-4.6730
22.8328
53.1117
37.1305
43.3164
11.7871
-19.7160
24.4719
56.7461
30.0656
-43.4664
-39.0922
-14.7850
13.1945
30.7070
26.6961
43.5250
27.2879
-1.3246
32.0625
34.4297
36.0000
11.1004
-8.2738
6.0899
-0.9443
-53.6615
-3.2008
13.3828
28.5570
18.4551
-3.0668
21.4195
28.6750
6.8688
44.9813
4.7068
-61.1602
-48.4891
-44.9992
10.9716
10.3125
31.1242
16.3586
-4.6930
-3.4258
-43.7430
-3.5961
18.6844
-31.6367
21.2383
-2.1221
-10.2180
-16.1840
-40.8898
1.6881
15.3979
6.2295
-17.0855
-16.8309
-26.1484
-9.1895
-7.8648
-27.1400
40.5984
10.8477
34.4531
29.5867
-12.3391
-25.1910
-18.9887
-40.5367
-55.7242
-9.3141
-47.2258
-4.5667
-21.1410
8.5204
-12.4363
2.2771
-22.7023
-37.2041
16.5693
-43.0781
-1.7531
16.1109
-3.2754
-49.9336
-26.4195
3.3027
-28.4555
-32.4102
-13.0727
-23.5570
-9.4375
-25.6258
-19.6609
-18.6618
-6.3077
-21.5999
-7.3340
-43.0867
-21.1516
3.6029
-0.5908
-8.2484
24.3184
12.1784
19.8426
33.2156
-20.8617
10.6373
-46.8930
-41.5883
-19.3691
-18.6273
-17.0059
17.0969
2.5150
-8.2924
14.1295
-0.4954
-24.3242
28.9297
-1.3504
-18.5094
-10.3564
27.2336
33.8211
25.9297
29.4660
-6.6463
4.2455
-23.7540
-5.6442
-10.6094
0.9902
22.7391
1.9328
-41.9977
-17.3656
-10.8015
-6.5730
-10.0407
10.1602
-12.1123
0.9531
-49.1023
-20.8203
-23.7609
-15.2049
-11.5719
-48.3289
15.8797
29.2566
11.7984
14.0336
-7.3210
-15.4449
-23.5820
-29.6859
1.5020
-4.9500
24.3219
37.6437
48.0469
30.5125
24.3563
34.1422
26.0336
13.1367
-23.1961
-20.9437
17.4247
-44.2695
-8.3836
2.7727
9.5979
-14.7573
-22.5312
-13.8583
-11.5141
-40.5727
-22.5961
8.1516
9.5500
0.6410
-4.0406
-3.0363
19.1031
6.3133
10.7156
1.7580
-22.2057
2.5113
-44.1766
-40.5543
-35.3500
-15.3219
-43.8508
-6.0234
-37.2047
-13.8430
-24.8336
-25.3727
-21.9734
6.9549
-17.8652
-21.7718
14.5226
-23.1664
7.7173
-1.4758
-24.6484
-42.2742
-43.7016
6.8275
2.0801
-48.5227
-0.5431
-2.8645
-8.2617
2.3547
30.3984
17.4813
4.7598
9.9484
-6.8346
-29.3320
-17.1844
7.8746
31.8344
15.2602
8.8385
-22.9766
45.1211
56.3406
8.2863
1.3090
38.0594
35.8625
12.0195
12.4199
17.6445
15.4094
-2.2070
-27.2078
0.1223
-3.2116
-15.1845
-22.5496
9.4500
10.6647
-43.8344
2.0930
-37.9242
-18.2914
33.5305
12.2734
17.8563
9.9222
-28.3789
-38.3461
8.4246
16.4383
12.6613
-0.7954
-22.7461
4.0191
-2.6914
-22.3328
-19.8078
-1.0242
8.5851
-17.3336
19.5102
19.3402
8.2598
21.3285
-23.6637
-5.6085
3.0906
-37.8578
-36.7102
-32.2078
22.9621
-2.0155
-30.2367
19.4773
37.1547
46.2594
42.0953
43.6750
42.7395
4.1438
7.2598
28.9211
-12.2303
10.9902
-17.3751
-46.0867
3.0148
-7.3773
-16.7106
-8.7301
-29.5732
8.0072
37.5219
11.5500
-36.3922
-18.3867
-22.0984
-18.0703
1.3516
26.6946
-5.5486
-23.9578
-14.4359
46.4008
26.3141
27.1793
10.8598
-4.2711
-11.4934
-42.4650
3.3058
17.8547
-10.8342
-15.7816
-10.5215
16.3305
28.4234
20.3926
-2.7322
-34.1510
-24.4328
-24.0338
9.9086
-8.0330
10.3441
-2.8086
-38.9797
-27.4234
-9.2446
-0.2207
11.5387
-7.5932
13.9637
21.7023
-14.7010
-22.7578
0.9609
-54.0859
-36.5309
0.6407
-37.0242
-6.4472
-13.0234
2.8810
4.0285
14.6488
5.2559
-25.1262
-53.0570
-5.6215
-32.2828
11.7055
-32.8223
6.5884
-18.5273
28.0461
12.1598
4.4219
14.6266
16.3527
-25.8906
-25.7398
-46.7062
-14.1800
-8.8727
-2.5615
18.0352
30.7949
-4.9711
-22.5742
22.5625
-3.7408
-8.3777
13.1477
-5.2305
-4.1055
-30.8680
14.8125
-5.3914
-34.2307
0.7008
6.5098
45.6266
45.6875
29.3090
-7.3660
-11.7859
22.0633
-20.1961
-11.4785
-20.6578
-38.5250
54.0949
2.1504
-12.4168
-30.4172
-23.1766
11.1604
-56.1664
6.2334
-37.0977
11.7792
-18.8961
-21.5133
-14.5977
38.4203
46.7656
18.2656
-13.8625
31.5141
13.7437
4.5844
3.2477
15.6266
0.6750
18.5031
25.7609
7.3594
41.3758
12.4055
-26.4766
-43.2766
-37.7680
-50.0305
-26.7312
-4.6246
3.4172
13.6074
3.2836
21.7566
-18.0159
-10.7168
12.9379
-16.7417
-2.1036
-25.4711
15.9953
16.3922
15.5461
16.5641
11.5297
7.7285
24.6266
39.3848
3.6735
-30.5215
-3.0703
-6.3937
3.0247
-4.4264
-25.9844
-12.5453
-41.2186
24.0887
-4.6074
-16.0102
-27.5187
-26.9199
22.6105
-2.1699
-4.0914
-9.2844
9.0727
20.2770
-16.5875
14.5719
-3.1082
23.4332
-36.4016
8.1199
-5.4992
-21.2447
-11.8475
25.9180
-35.2031
6.9223
-13.9792
-53.5914
-37.6734
-40.7031
-15.4127
-28.5660
23.8531
29.1562
-4.5762
26.8281
22.7578
34.8715
7.4672
-37.8742
-0.2641
39.0902
27.1270
2.2246
-10.8633
15.7844
48.0086
10.4692
-23.3219
-44.3064
8.3203
-36.5117
-22.6863
9.3769
-39.3969
-8.6635
-13.0109
-6.1400
10.2027
-17.7496
-20.7289
-18.2469
-44.5906
36.2695
4.1445
-36.5117
-12.6977
-11.6383
-5.4637
-35.6617
-1.0566
-6.2005
-18.3921
-11.4776
-43.4801
-47.6125
-33.7727
8.6329
-16.6578
-26.7215
9.8381
-2.9206
-13.7617
-48.5328
-8.1930
-27.5635
-2.4320
2.9529
-5.0637
-38.7305
-37.9203
-14.7922
5.1773
-16.3641
8.8480
9.6984
10.3859
-3.4959
-31.8789
-31.8125
-18.1910
-29.6383
-32.5422
-20.8717
-3.3362
-50.8422
-21.7926
1.6242
-42.8258
-16.8582
-0.2081
-12.6895
13.6832
-31.0938
-3.7512
-11.6963
-26.6471
3.7983
7.5350
17.3352
-5.6365
-8.3090
14.2035
-36.5977
-5.8664
2.8154
2.8781
5.0484
12.6686
-6.1241
-21.1727
-15.6203
-15.2652
3.7434
-28.9633
9.9156
6.3195
4.2242
-8.8320
-10.9281
-49.5852
-30.4836
4.8699
-35.6805
10.0779
-1.6770
-7.7301
-4.6785
-6.8344
-15.4742
1.5241
-57.9859
-53.7516
-42.6188
-53.7273
-31.0377
7.5547
10.3875
16.4405
13.2136
-50.5883
-13.1723
-7.1328
-40.4000
15.7398
11.4184
26.6711
-11.5779
3.1608
5.1194
-3.1168
-56.4383
-15.0063
-34.7508
-48.5312
9.9723
8.4606
-51.2055
-1.9975
-11.5762
-38.3602
-29.3016
-2.8797
-38.7891
-19.4133
-43.9879
-16.6352
-16.6187
-31.0469
-4.6695
-1.5489
-40.5789
-6.1605
-36.3711
-7.2212
6.9117
-18.9824
21.4203
6.0486
-33.9523
-6.2840
10.4086
-4.9480
-6.4055
0.1300
21.6646
-7.7464
19.5297
52.0234
16.6656
6.2535
-14.8922
-42.2016
-60.1688
-47.2641
-46.6562
-38.5711
-37.8633
-50.4578
-30.6734
-19.0055
-9.4895
-10.7289
-2.2441
33.1215
-16.3094
21.7594
13.3242
-19.2154
-6.2230
5.2736
-35.9309
-25.6152
10.7438
-20.4160
-30.4773
-20.1891
-18.1688
13.2223
-0.8387
30.2211
7.4648
-9.4055
-26.0094
-41.2656
8.3361
-5.8104
-5.7867
-4.1578
-2.5613
-33.7727
-38.9559
-0.0664
8.0258
49.2434
-12.2316
26.0160
7.8504
-14.1762
-31.6998
23.6352
33.1375
33.1281
3.7698
-24.3523
8.4777
-15.9805
-50.9484
10.5395
11.2648
21.9516
19.8016
-23.2625
-50.2180
-40.0805
-44.3875
-17.3668
-12.6500
-17.2364
15.8109
21.7656
-1.5211
0.7812
13.1094
29.0305
17.7340
-33.3924
2.6998
-34.6328
2.6461
-20.2336
3.9445
35.4125
-1.3652
29.7965
-13.0594
-26.0902
-13.9729
7.9469
17.1160
-23.1703
-3.1764
5.6828
-47.4086
-38.0938
-58.4531
16.5115
29.0770
-3.2363
-8.9881
-48.9258
-16.3590
-30.2344
-42.7242
-18.7742
-28.9594
-15.4231
11.3819
-30.6141
-8.0961
-19.6156
6.8461
-34.8922
-12.3344
-12.5328
-17.4234
-12.5805
-37.8633
-3.1279
-6.1018
-6.9604
0.1084
-11.4238
-60.1258
-41.2383
-53.1781
-30.6473
3.9428
19.6973
11.9271
-4.5367
-26.4195
-28.8996
11.3484
-7.8922
0.5805
-0.4156
-2.9816
-18.0965
-11.0625
-1.8344
-0.6805
8.2578
35.6742
20.9430
54.4594
23.9594
42.5383
6.3570
0.1344
6.2219
-18.0609
17.8563
-3.5789
10.6461
0.0838
0.2961
9.2709
-49.8598
-17.5656
-18.8723
20.3028
-0.1273
-17.9813
-28.3055
6.3844
-10.6829
3.5375
-18.4514
-29.3750
3.5238
-26.4945
-47.2320
43.7699
-45.0651
19.8324
12.9240
-23.9289
-60.4469
-31.4453
20.0244
1.7910
-26.3816
-6.9488
26.4039
-11.7621
-0.9367
17.3754
-7.5829
-41.8133
-31.5539
-14.9242
-26.8008
1.2687
12.7973
-34.2188
-3.7201
-5.5352
38.6594
20.9367
1.8023
-11.8785
-29.8266
-13.4477
-20.0586
11.8141
44.6375
16.8168
7.8692
-4.5203
9.9129
-20.5172
-45.6750
-28.6016
20.0281
-10.2582
8.6902
47.1070
32.9883
-55.2664
-31.5773
-7.8148
-6.4637
-26.9062
-9.7617
-14.4445
-8.9020
-19.2828
-14.8856
-30.5207
-32.2219
-29.0430
17.6609
12.1902
-0.7544
-1.6688
-16.2992
6.2160
6.3057
-24.5520
-14.3188
31.8770
-20.8570
-25.5924
2.5199
21.6570
-6.5338
8.7789
15.7727
21.2738
6.6809
7.4043
-38.4547
4.2934
22.5449
-0.5334
-42.9313
-45.3453
6.5221
-14.7873
-10.1791
1.7893
-37.6555
17.8980
-25.3047
-33.4008
-16.6949
-0.7471
-13.5055
7.4373
-0.0163
-20.4977
23.9344
4.0509
-4.9615
-13.3547
-61.8625
-33.2055
-7.3829
2.7828
-15.8900
-50.9555
-42.8836
-12.5271
-4.2762
-26.9078
-30.0547
-55.9352
6.8781
-16.2943
-3.7131
-42.7039
-19.7664
-48.3734
-59.3531
-44.1422
-11.8953
-5.9451
-22.9742
-3.1824
-36.2164
-35.9711
-19.9336
-23.4266
-14.5215
-14.6277
-18.5516
22.6949
-5.7043
-6.3371
16.1531
23.5453
-37.8368
-8.2629
13.0320
-12.9375
-18.9336
9.1687
-32.2150
-35.9031
-36.5383
-33.9953
-11.0266
-5.8918
-32.1078
-27.1633
-13.9434
-23.5430
-9.1625
-4.5837
2.2727
-1.4438
-42.3672
-8.1181
-32.7812
-12.0730
-11.3787
-34.1689
-12.1395
31.2242
15.9059
23.8434
25.3645
16.3594
-22.6242
-2.2914
8.6887
-18.0283
12.6891
45.3094
6.6336
12.7586
-2.7367
7.8383
-2.3762
-0.0307
-15.7819
-20.3414
23.3836
12.0418
-3.3973
-8.8596
-2.0549
24.6461
28.8781
14.4375
17.5023
8.2892
-34.6867
-11.9842
-38.1355
-2.5344
-50.3875
-0.5121
20.2102
8.1656
-23.6074
-24.5297
-13.9143
-1.0950
17.1473
-44.8039
-14.2992
-20.9125
-21.2510
26.9969
2.8914
12.2273
31.9574
9.2441
-8.9677
-23.5991
7.7797
-47.3328
2.4176
2.5217
-9.5992
17.9113
-13.2973
-33.5570
-65.2422
-14.5223
-21.6023
15.1042
-45.2680
-18.1251
-24.0344
-11.7180
-46.8469
-51.2234
-13.3902
-41.9453
-3.3994
-13.6453
-25.2555
-6.0720
-6.9844
12.7434
-31.9734
10.2270
3.9452
19.5402
-3.0809
-14.9371
-20.1656
-27.3172
-27.1195
-31.3996
3.1012
-28.1898
15.2383
35.4336
10.2109
43.3000
48.6148
41.5000
27.2465
-16.7238
-35.2412
-2.4547
59.6117
26.2127
-27.4211
4.1078
8.8859
11.1477
-26.5500
-40.9234
-28.1148
-12.2822
5.0357
-11.6012
-8.6744
-5.4193
14.1078
9.7117
-5.6746
3.7797
-7.3646
0.0070
-3.2496
-2.9484
0.9557
-30.9945
-29.6602
34.6992
14.3543
-11.7687
5.5270
16.5219
-16.4895
-16.6371
-22.1414
-21.0336
6.8316
-15.3089
-0.1124
-41.4719
-31.5953
-27.5055
-7.0439
-16.4336
-22.7469
-39.8465
-16.5893
-7.4359
15.3258
14.0039
-13.7213
5.7648
6.1766
28.5781
46.5328
22.1512
23.3156
-3.7266
-6.8766
3.6910
-2.3910
4.9668
-11.2258
-13.5977
-4.0881
-4.1396
-20.0574
-18.4398
-11.2191
-12.4598
-1.9633
23.2125
10.9383
0.2152
44.0094
18.7836
51.0508
50.9813
39.7055
0.4410
-13.8457
-2.2383
-15.2298
-38.0363
-15.9557
-1.7293
-45.5184
14.1281
10.5766
7.6207
2.1094
17.2725
-1.8809
-11.8612
-12.1189
-34.2541
-8.4613
2.1064
-12.5367
10.5102
9.8543
-29.2258
-14.2535
-14.5375
26.6168
50.8977
35.4891
-31.8805
-25.4445
-26.8277
42.6816
11.6780
3.4972
-29.6789
32.5730
-24.4383
-28.9547
-0.4961
-10.0734
-8.3718
-14.0426
-16.8395
-27.2641
15.1371
3.4984
-5.7555
-19.0055
8.0016
-8.9639
0.9859
-49.6738
-6.7121
12.7406
14.0594
6.6888
-4.2512
-33.0805
-34.9523
16.3727
9.7492
30.3547
17.5125
0.5813
3.2219
-14.9084
-8.2793
34.1133
10.1559
8.0574
28.2547
4.8601
-46.9469
7.9258
-0.0203
24.0531
10.7766
14.0422
32.0203
-2.1586
8.5217
32.6965
-15.0498
15.4309
-29.9697
-28.8703
-33.8156
-5.6325
-8.4586
-36.0320
-14.1968
-31.0922
-50.8539
-9.5352
-13.1902
6.7125
-1.7184
-12.5742
-25.6141
8.3277
-15.3054
-2.8373
-6.0234
10.5355
17.9184
-7.5080
-15.5407
-10.5252
12.3930
22.8156
0.9144
-28.8162
-35.3492
-42.5141
-32.8187
-44.9203
-17.9807
0.9191
29.9250
-5.5020
11.1504
-23.2474
7.5446
-49.3102
-55.0711
-39.3402
-13.1730
-11.1121
14.4086
-25.0316
-14.1066
-39.4078
-11.2471
-7.9422
-29.9648
-7.8217
-16.9324
-17.0275
-23.6680
-13.3898
-58.5277
42.2426
17.7016
-33.9008
-51.5320
-25.8836
30.5621
-17.9482
-54.1805
-0.8938
-50.6281
-30.3711
-21.3355
-16.3121
-24.1801
18.5340
7.7967
-21.1516
-29.8406
6.2033
14.6320
-19.8945
-2.8445
4.7625
12.0836
-25.2750
-42.4621
7.6336
-1.3484
-10.5262
-19.5523
-38.1859
-28.4184
-49.6695
-44.3102
-28.2461
6.0602
-34.4449
33.6203
24.5578
-5.0570
18.7781
24.3172
2.9688
-19.9171
-44.8383
-40.5758
-5.9401
19.6555
38.5613
-7.7618
3.5727
15.2563
-31.3230
-31.4844
2.8877
-3.6285
-16.3670
-39.0609
-22.8516
-20.2146
-7.6216
-4.8641
2.1961
-24.0125
4.7500
-16.1316
-15.4179
-14.8326
-9.2672
-19.2602
-32.8648
-7.9861
-30.0625
5.1547
1.5734
-23.2469
-21.5914
-9.3135
20.9480
-8.3465
-14.3859
-19.0891
-9.3453
8.6732
-49.5477
-10.8372
-0.3316
-15.2053
-2.9086
-14.7014
2.5305
28.9711
22.4094
32.0621
27.2336
5.2117
11.6418
18.9719
9.7750
-3.5285
17.6664
4.1980
10.8953
-4.7344
-31.4047
10.4453
19.8805
18.0449
-32.6164
-42.9602
-47.2906
-54.0234
-40.1391
-21.3648
-38.1289
-26.6984
-13.8484
-13.9102
-29.8266
-0.6023
-21.6734
-19.6535
-11.8555
20.3289
37.8875
22.0344
17.6375
23.3109
-3.2551
-4.5866
-23.8416
-6.9313
1.1672
-15.0579
-13.0321
17.4957
-24.2012
-5.2352
10.9945
29.1289
7.5582
3.7695
-5.2070
36.3789
4.6859
21.6008
36.9789
-12.3953
0.9816
29.0352
25.1398
9.8391
-1.4371
23.2555
-1.7633
-28.8980
19.5656
23.9352
19.5277
-4.8191
-40.8680
-15.0836
14.4250
15.2559
45.2781
25.0891
36.9211
59.0906
37.3355
2.1555
-28.8648
-6.1773
7.2555
11.8227
46.0500
8.9323
-29.8047
-21.1633
-22.1336
-57.1664
-21.8367
-9.1613
-17.5844
-12.3281
38.7984
18.5453
-28.8633
-39.8555
0.0758
6.8676
-22.8504
7.8020
-1.4390
-15.9953
-8.2168
-11.9410
-11.7625
-16.6047
-33.5234
-10.0414
3.1555
-26.7684
-7.8047
-27.2355
-3.7168
-12.9256
-7.8372
-43.5352
-50.9430
-21.1313
-7.6625
19.9898
14.5528
7.6332
-2.5758
21.0195
21.5336
47.1273
14.0902
25.1711
-4.5430
22.7016
26.8242
12.2168
15.7395
-52.1758
-35.0563
-15.4555
-11.2229
-6.3720
-22.0719
-32.5645
42.3539
40.8195
-1.4680
6.0277
2.1021
5.7220
1.5244
-52.7395
1.3398
22.9375
11.0494
-35.5930
-16.7543
-20.0906
-48.3570
-6.0238
-15.6191
-30.7711
52.0875
-18.1324
-21.9047
-1.6457
-14.0271
-44.9500
12.1680
-39.1430
-9.1121
-37.0438
-51.2781
-41.6758
-24.2773
-23.1250
-7.5164
-44.1512
-11.0348
-9.0654
-5.1903
-12.8414
4.1178
-26.1668
-16.7699
-6.9578
-28.4371
-31.4961
-5.8896
21.4422
4.2852
44.1320
5.5883
1.5477
-10.4921
-39.1648
-3.5922
11.5750
34.9180
46.6719
54.4117
-14.1035
-12.9789
42.9008
4.1668
-13.5678
4.5816
-14.5598
-39.5386
6.6721
-21.5070
-5.2883
-47.3258
-19.7234
-6.2484
-21.7655
1.7242
-13.0508
-6.5924
3.3863
-0.2410
7.7797
-22.9703
-47.3430
-49.9797
-20.5177
-8.8157
-0.2611
-33.1859
-31.1406
-5.8895
-44.1531
-40.9773
-26.0683
44.1508
54.8063
41.9531
10.5414
27.9414
38.8277
7.2795
23.2414
7.1480
3.6641
-2.3879
0.5848
31.9129
-19.6187
-28.0422
-25.6184
-19.8342
43.6109
6.4586
-3.3826
10.9875
18.1578
21.2664
13.2984
23.9531
-0.0645
-26.0391
-41.4543
13.7477
46.8172
33.1195
12.9658
16.6500
10.4879
-6.0941
13.0617
-51.2414
-13.1302
-0.8250
-22.8984
-6.2781
-8.0963
3.2027
-42.6805
-44.0102
-16.8555
-2.7172
-10.7387
-50.4820
-35.4934
-13.2504
3.4484
23.5187
-34.2859
-40.3602
-42.4359
6.8540
-29.5164
-32.6820
7.6797
58.9547
14.9819
5.2443
-20.0453
-0.5758
20.0344
-16.7898
-32.9914
-7.0582
0.2086
-15.3877
2.5855
-2.8664
-25.6273
8.8285
33.3711
37.0477
33.8406
30.1324
-6.2957
-17.2982
2.8000
22.2500
36.7070
-3.6543
25.8086
7.4848
36.6063
14.4469
19.0133
6.3789
-1.4016
-17.8531
-5.7578
20.4367
7.5902
-14.9487
-33.4516
5.7812
-6.8219
24.4055
-32.7512
-45.4219
-8.7499
-27.7793
-35.8523
-23.3199
-33.6594
-40.5172
-17.9578
-33.9352
-16.7156
-30.1461
4.3566
-1.9809
21.2563
16.1031
52.4094
7.9680
43.5711
36.5828
22.9055
8.5938
6.6594
-3.6701
9.6195
20.1859
21.9570
-4.1004
-3.3340
27.4840
21.7047
-5.8652
-25.2705
-7.9047
-58.8242
-43.1148
-34.6977
-21.5875
-54.2773
5.9520
-39.8867
-32.4852
-26.3777
-21.0246
-28.5555
-14.1871
-4.5232
-16.2080
-23.8742
-44.4398
-17.0602
-52.4352
24.1891
5.7734
-13.4672
-19.9148
2.6025
-28.0762
16.6344
-3.6371
23.3891
19.2126
-20.4410
8.6805
22.2812
27.4414
3.8508
33.4844
13.8762
-6.1949
14.2570
-6.8549
23.8352
41.6063
23.0082
22.5707
21.0301
9.0414
14.8508
23.5352
35.2016
25.4680
-21.5477
12.5959
-38.1008
-32.6865
0.8345
7.4347
-0.7386
-42.8695
29.1879
-18.3390
17.6966
-47.0062
-0.2227
11.0781
13.1887
4.7688
27.2977
-9.0344
-36.7344
-39.6484
-5.3289
17.5828
32.5151
32.3812
-15.8661
0.0441
-17.8268
-31.9375
-41.7508
-17.9367
47.2273
49.8422
7.2184
-5.6723
-53.1516
-24.3926
-3.5448
-38.7555
-20.1039
-38.0500
-25.8696
-8.1859
29.4917
-24.3937
-11.4867
-6.3047
-19.4375
-33.7422
-1.3131
-39.4953
-14.8387
-25.4828
-33.8352
31.6063
6.0141
-13.1027
-19.3842
13.6078
-4.9750
-23.9201
-49.1664
-0.1923
-11.0520
16.5008
-2.0547
5.4836
15.5766
7.8125
12.8819
-15.0980
-16.5930
-5.8490
-13.0195
0.7846
-34.2109
-35.2988
13.0063
20.7219
-29.1012
27.7516
29.6477
21.8290
15.3203
-1.1417
-7.4086
-45.7148
6.0776
-35.1078
-52.0914
-45.6312
-34.1273
-10.0508
-37.0369
-10.8945
41.2633
17.1586
-39.3922
-18.9126
-26.6740
-10.9195
21.3379
-40.6310
-3.9766
26.9969
12.0602
-17.0148
-8.3523
29.5070
14.0719
30.4609
8.4680
-10.6890
-36.2783
23.2250
40.3344
17.4895
1.2130
-24.1961
-24.8383
-30.5047
-11.8215
-36.1656
-50.0227
-43.3031
2.3296
-44.6441
-8.4387
-37.5422
0.6320
37.3762
-21.6641
17.9773
16.2703
-2.4703
-8.0941
47.8227
13.3664
4.0363
13.0504
7.5113
3.4387
-29.9348
-32.0828
-38.1102
-45.7273
39.7871
-13.0934
-19.7352
-45.0488
-26.2406
-9.6281
15.9766
-25.8242
3.1461
19.7824
-34.4016
-6.1922
-39.7039
-34.8727
-11.1480
26.0141
2.7055
-18.0682
12.8273
-1.8672
9.9104
-42.1797
-41.3121
10.0766
7.6380
-15.4117
15.0453
-4.1902
31.7031
-23.1018
2.7336
15.5012
-13.3746
14.1320
11.1148
5.6354
-16.7715
-6.2582
-8.0428
17.3816
-34.1574
15.3062
21.5289
46.9785
4.4418
23.9477
1.8152
8.2832
-17.5406
-3.4703
10.2672
-8.5881
-30.3297
-17.8523
12.6907
-13.6129
-22.6187
-20.2086
-42.8391
-39.5500
-45.2281
-4.3086
-14.4633
-14.5410
-20.9729
1.3516
47.4207
-16.3465
10.8152
5.9758
11.2676
-17.9047
-20.8371
-4.0062
-46.4156
-25.5516
-16.0027
16.9188
38.1664
23.8031
-3.1353
-3.9738
-49.9992
-33.8523
-42.5805
-11.7984
-34.2375
-52.1039
-1.8631
-23.3238
-1.1102
17.6094
13.0770
16.3513
-34.2891
-7.1756
-16.2362
26.5625
9.7514
-22.7383
-1.9867
-45.1318
0.7742
0.1813
-46.1352
-19.9730
-5.4836
31.6203
25.8047
-11.0655
-24.6578
-28.8328
-9.1744
-30.8102
-51.6297
-13.7367
-52.4266
-9.3942
27.6414
-7.5934
11.8457
17.2465
-29.5059
-18.2758
-4.9027
-41.7570
-46.9836
-20.4537
29.2750
-16.5547
-33.1922
7.3352
-23.6195
-16.2486
-45.5359
-11.6459
-29.0984
2.2469
3.5004
-4.3711
-13.0256
-1.1930
-35.9656
-19.7037
-8.5901
-11.0206
-31.7066
0.6942
-29.9000
-6.1842
-38.1352
-12.0047
-47.5555
-10.7088
6.0406
-9.2842
-24.7213
2.5955
-44.8695
-52.9445
-10.7805
-39.0828
-9.9465
-55.4500
-14.4367
-8.9777
-16.5512
-1.6113
-23.5734
-13.3237
-11.0227
2.3098
-23.8531
-23.9820
-9.6687
12.5338
-16.7687
-25.3395
22.6578
26.9297
6.5355
-8.3898
2.5039
-2.4421
0.3695
-40.1742
-12.5234
-24.1084
3.1922
20.9676
-2.0918
4.1553
-11.9328
-5.2125
0.2203
14.8367
43.2172
17.6012
20.4604
-27.7398
19.5861
-2.9836
10.1393
-31.9391
-20.0311
8.2117
36.3109
33.0980
38.8176
31.3852
1.1331
-15.2832
-1.7137
-34.7797
-11.5553
22.7563
-6.9484
-26.7734
7.4473
13.5301
-5.2922
-44.3109
-22.7594
-16.8943
-9.5984
10.9016
19.5445
28.8723
-0.9141
18.5492
8.3023
-2.2078
4.8793
22.6477
18.4922
14.8094
15.4180
27.7143
-41.7164
-28.2070
-2.3459
-19.2037
18.5703
17.1256
-42.6172
-30.1961
9.1176
-17.7242
-47.3547
0.1580
-56.4344
-19.7086
0.2312
-16.1852
-13.8961
-34.6695
-37.4023
-37.8453
-4.4754
-11.3223
-4.3632
-21.7156
-4.0395
-36.5859
-5.9184
-2.8992
36.6102
5.3305
23.7320
0.4102
18.8656
4.2359
9.7668
-12.2222
7.9598
-27.0996
-35.7547
-6.6156
-16.8223
-35.4961
-16.1703
0.4777
7.5859
-25.0020
-27.5148
4.2875
7.0291
-22.7797
-50.0617
-50.3281
-49.5773
-0.2202
-28.7164
-13.2228
-5.1727
-0.2484
15.3023
-22.7168
15.5778
-40.7380
3.9465
18.2898
-22.4314
-3.2648
4.1344
4.7102
0.7988
0.2375
-16.8842
-16.1758
-49.5977
-23.5770
-0.6488
7.6516
10.9930
30.5276
-45.6180
-31.9312
4.5049
13.1152
10.3855
16.3086
4.7204
-45.0297
-33.6883
-24.7527
0.0625
-29.1258
-40.1992
-58.3891
12.5113
-10.8570
-3.9813
-43.4203
24.7230
17.6496
3.6734
-27.1594
-5.1895
14.2703
50.7828
39.5883
54.3902
28.5586
14.1977
-3.7568
-4.9458
2.6854
3.0695
-14.5242
0.7592
-8.1320
5.1180
27.8164
14.0422
-45.8840
-10.7554
-11.5355
-48.8211
-23.4969
-13.3093
27.8152
19.3820
-12.1347
3.9887
34.4578
33.4961
26.7414
35.6891
12.2188
28.7457
12.1551
-14.1926
19.8980
14.6756
6.4508
15.1594
-8.2689
-18.4297
-40.3859
-0.9076
1.4415
10.3094
-1.4676
-51.0570
-39.5332
-28.2008
-39.5285
-12.9299
-31.3836
-31.9969
-44.6305
-56.4852
-7.8906
10.1625
0.3884
-4.8719
-34.4805
-38.4047
-1.5965
-7.3095
-14.0111
-19.6586
-29.5305
-1.6715
-9.5508
-21.0578
19.2281
-13.7156
-0.6055
41.6227
41.6898
16.1840
-21.7619
12.9219
5.1223
5.7895
-29.8922
-2.2624
-44.8187
24.7531
-19.8641
-12.7016
-12.9323
-7.7148
3.5262
0.8863
-27.5730
-4.6278
-37.9125
-38.3805
-40.1195
-20.2564
-38.9238
10.1648
11.5525
1.1335
-21.9478
-12.0723
-31.2680
-31.6070
-33.4719
32.1844
47.4289
6.3344
0.3631
-34.2953
15.6898
-10.9738
-29.3540
-3.9204
-39.7594
-18.2477
-10.2812
-22.8844
-28.9922
-43.8156
-2.4357
-29.3440
8.3392
4.5508
24.6562
-0.0036
0.4746
-18.3404
8.2285
0.6145
11.7043
42.0137
26.3492
24.4809
-4.4364
-8.2430
9.6654
18.5930
5.7980
2.8699
20.3711
1.7891
34.5133
0.5883
4.6406
7.9844
13.8561
-29.2070
-8.2383
30.1844
30.0020
13.8266
18.6588
2.4207
4.7461
20.2324
-15.5090
4.5977
34.3961
14.8000
50.8637
10.7977
40.8797
22.7594
32.8570
12.0801
0.0688
-24.3516
-5.2473
-50.4945
-4.1351
12.3223
-2.3525
0.5926
-15.5195
28.4617
16.0523
10.1711
25.8805
30.8945
35.0223
-17.2836
-46.2156
-35.9172
-34.6977
-27.2687
26.7445
14.9484
34.3801
5.2971
-28.2109
-51.3734
-50.1500
-7.5855
-2.7026
-1.4742
-5.9277
-32.3812
-42.5352
-28.9719
-13.1854
-10.6930
-14.2867
-24.6277
6.4563
19.8930
-18.6688
-42.6813
-33.4211
-22.9422
-27.0016
-17.6512
-33.8039
-38.7164
-11.8809
-11.1559
-33.5254
10.6979
0.3600
4.6830
-9.2777
-16.2461
-44.2484
-32.6773
-53.5430
-37.4273
-2.2398
-22.4217
22.5245
4.5417
-1.3980
-2.4020
6.8707
-20.6344
18.1719
50.6484
21.8641
53.6008
10.1000
-35.2008
-34.3641
-10.0027
-37.9738
-12.5477
-24.5180
-30.7664
-58.3555
-44.7805
-22.6164
2.0893
-6.9227
-7.6826
-22.6523
-7.9484
-47.2586
12.5359
26.0840
-16.2867
-42.9527
10.4906
31.0336
-2.6340
-40.6586
-38.2977
-39.4914
18.6797
29.7859
11.5867
-14.9367
0.9184
20.4914
13.3395
-19.6469
-11.4434
-6.0427
-39.9398
-21.2773
-21.1059
-25.9299
-4.2953
-23.6965
-31.6047
-12.0188
-40.3477
-15.4051
-22.4391
-31.4664
3.1406
-23.9973
-4.2848
-4.8138
-6.6783
-1.4218
0.9855
2.3108
-8.3168
-2.3434
-8.4490
-25.3656
-16.3371
-20.5219
-35.6492
-29.7691
33.4412
-4.2434
-42.1996
-46.7313
3.1957
-21.1322
1.7891
-2.9026
11.9875
-36.6422
-42.0211
-22.3395
8.3719
39.0578
16.2195
28.0406
10.5422
13.1102
29.8773
56.8711
41.3859
46.7031
32.9828
-1.9551
2.7086
10.4859
8.0493
-17.2557
3.1422
-43.3453
-29.1037
18.2031
21.0547
31.3656
16.5293
-46.2750
-24.3586
-9.9534
-36.2148
-24.2727
-8.4488
-15.5774
-0.5406
-0.9607
18.7531
7.6859
48.3922
-0.8461
-37.9016
-18.1076
-12.1500
-49.7281
-34.9805
-39.6789
-37.4617
-35.2938
-25.0242
-19.2959
-4.1270
-5.6801
-6.1379
-39.2864
19.9109
8.8910
-42.0305
5.1799
3.3500
1.5915
-28.1325
-8.1055
60.5258
19.5918
8.6967
-16.6754
6.1930
19.9516
8.5234
25.3109
-6.6266
12.7333
-43.8719
-17.1881
-29.8232
-15.1633
-2.2215
-34.6492
28.0367
48.3814
-3.8861
18.2668
-13.6510
-22.5187
-37.1551
-10.6172
21.8777
-5.4197
2.9709
-47.8881
4.9707
3.0753
-0.3920
-14.1633
-13.5957
28.3641
20.1445
32.2155
-26.3508
-20.5063
-5.0621
7.7883
-15.2042
9.3304
-32.3723
15.8641
0.3574
33.5297
31.9563
-27.1266
1.0285
-17.8811
-4.1263
-27.7164
7.4898
8.6585
-15.3836
-14.0179
-29.1953
-0.9615
-29.3172
-42.7719
-11.8004
4.7051
-41.0088
5.9691
-6.6096
-17.6215
-18.4789
-25.0238
-5.2188
-28.4859
4.5402
-11.0227
-43.8250
-49.4469
4.0726
-12.6229
-25.0953
-5.5742
-17.6219
-23.2871
9.4045
0.3889
-22.3422
-35.7461
-28.6049
-10.9944
0.9395
-3.1402
20.9879
4.3809
11.6652
-50.6227
-0.0516
-2.6270
-8.1824
-16.8807
-18.4680
39.5133
-18.7051
-43.4980
-12.2570
3.8629
16.2297
16.5602
13.5506
-0.5204
-36.6406
20.6574
3.4408
-24.9211
-41.1082
-49.9188
-28.8367
-41.5477
-43.1383
4.7613
17.7244
1.0334
17.2660
2.5802
-49.7664
-4.4660
6.9430
-9.1773
-32.0402
-16.6441
6.4742
-21.2696
6.9992
26.1836
30.0312
-17.2560
-21.1643
-1.1809
-14.0406
56.5383
37.4172
16.2203
28.2113
2.7309
-28.0703
-9.5867
-10.2687
-9.9052
0.9711
22.3883
14.0914
-2.8351
40.0336
17.1609
33.0598
24.0500
47.2137
14.8523
-0.1152
35.0215
48.0992
46.6508
-11.7910
26.5641
-6.1967
-2.4199
-8.3793
-15.3915
-1.8336
12.0227
31.6477
-6.9376
1.3176
-0.0468
-1.0218
-1.9369
-20.5754
8.5617
18.0410
-25.2086
-45.2926
2.2691
-10.1062
-52.3703
21.4195
7.8840
1.5879
-17.2590
9.2928
-30.2086
-22.2719
6.9082
-38.3578
-7.7316
-29.4641
-1.1193
-33.7375
-0.5452
-7.7941
-51.2938
5.8898
-18.5491
18.1695
3.1340
1.9684
-20.7008
13.7484
2.7223
4.0238
-8.0023
-13.9059
-25.0508
-44.2594
-20.9656
-0.4374
-33.5836
-26.8535
-15.5292
16.1664
17.8609
49.5664
1.6266
5.3688
-4.3549
26.1816
-30.5898
4.0853
-24.2844
-2.8203
-36.9047
-39.9875
-30.2617
-11.8867
-26.1611
7.7705
-25.4840
5.9555
-3.5187
53.1797
53.4016
49.3094
20.2711
-9.1496
-4.4242
12.7105
-4.8344
-49.3305
-27.2945
-45.8492
-40.2305
-13.2461
-4.5742
-16.8398
-51.8273
-30.2062
-24.5523
-35.4313
-45.4313
0.6225
11.1418
24.5961
5.6711
30.8707
-7.2812
-10.2543
-0.0159
-7.8734
-37.3047
-19.5758
-36.2891
-33.8766
-47.0578
-2.6879
1.9352
6.4918
-10.7039
2.7206
-51.1289
-10.1086
-27.6367
13.9906
9.3462
-15.4727
11.1211
2.6586
37.1617
43.7750
25.6234
20.9750
-22.4539
24.6734
8.3484
19.1086
17.0773
38.0152
-2.8310
22.5708
-9.3531
-43.9539
-27.6023
-6.6896
-33.4781
-45.7977
-6.9591
4.0508
-6.1529
-22.1620
4.9848
-5.1387
-8.9930
-21.8420
-11.4918
-36.5234
2.4899
-12.8317
-6.9102
3.4426
-34.6695
-48.7008
-29.9398
-39.4492
-31.7031
-38.8484
-34.0484
-14.4066
-3.8984
-16.9537
-23.6622
-21.9395
3.9908
19.7594
31.8445
0.3031
16.3656
47.7305
-42.6301
12.9172
33.5555
38.1340
26.5543
29.9438
4.6594
52.4906
41.7594
35.1117
-2.7008
0.1461
9.7922
15.8559
6.8332
13.6215
-42.5961
-44.0875
-21.0422
1.4469
19.5008
11.5984
6.2227
38.2020
-3.4023
14.7113
49.2109
22.3219
50.7695
42.2371
15.9984
42.5570
24.2805
36.3727
15.5043
42.5570
29.6492
21.0916
-23.6423
-12.4496
-43.0211
-28.9547
-39.0625
-9.4381
-28.1473
-9.2266
12.3442
-16.1066
9.8856
-26.5516
-29.2188
-43.7430
-46.3477
-24.0531
-31.4172
-43.5102
-22.8357
13.3617
-12.8633
42.1266
-29.5836
-4.0414
13.8754
16.0420
-10.7484
-0.0512
-15.4726
-29.6109
-17.9297
-31.0739
17.5883
6.3625
1.8343
-22.8500
-1.7146
-24.4719
16.0453
-1.4898
-25.3008
3.4199
27.8602
-4.8938
10.8213
-3.2289
9.0846
-11.0283
-44.7391
-39.7641
5.8098
10.2096
0.1840
31.9039
32.5750
27.2957
38.4125
-10.7406
21.4551
40.4227
45.0273
51.1641
37.7070
47.3508
-0.8961
0.6469
-42.1863
46.2062
9.9234
-11.3996
15.2781
-29.0578
-18.3183
16.0750
-8.4862
6.7789
-61.2445
-47.0625
8.0543
-1.8430
5.5840
15.7439
-28.1336
-17.9730
1.3375
12.1912
-42.7422
-5.6447
-10.4035
-14.4423
-5.0480
-25.7723
11.6761
-14.3684
-23.9863
-0.4735
-37.2602
-37.4102
-22.9078
-5.5719
-11.9434
-6.0648
16.4523
19.7457
4.2348
-5.3371
13.7379
-24.1880
14.3453
15.4158
-48.6125
12.4590
13.5078
29.8615
-26.0996
-24.2289
-38.2137
-15.6552
-20.0531
-35.5016
-9.2795
0.7109
36.1672
44.0000
41.8660
-7.0691
-32.1609
-5.8680
-26.4541
8.5672
-15.5492
-2.0125
8.0990
-38.1117
-6.4879
2.9058
-47.4969
-23.1953
-21.3316
-37.1352
-50.9188
-10.6840
10.4754
-6.4906
-49.8305
-42.5531
-55.3109
-33.7477
-45.1367
-47.5117
24.8709
-36.7703
-34.8336
-21.8813
-43.8176
-14.9703
30.0086
-8.1711
-21.5850
35.9441
21.2250
48.3453
29.8422
49.2266
60.4328
18.7598
-39.5508
8.7229
-48.2602
14.1016
10.8578
33.2031
7.2895
10.2000
19.6461
30.9820
2.6344
27.1352
12.2508
36.0258
18.1180
1.7310
-12.2430
-23.9828
2.6982
-19.5758
-3.7146
-20.7615
-39.5547
18.6230
-20.9438
-35.2687
-39.1414
0.1770
-37.2135
28.2362
-22.2746
21.1379
20.8188
5.0337
-17.0453
-53.2211
-52.5164
-54.5672
-38.2150
7.4969
36.5125
-16.1602
-0.9579
-3.1740
2.1953
8.8334
-12.8469
-38.3391
-13.3637
-46.6406
6.1285
9.8379
-35.9664
-21.7383
-38.1719
-9.8906
5.9301
33.4836
4.9738
-36.3281
-38.3988
8.0424
-44.2031
-45.3125
-31.2121
-37.2469
32.3117
-5.8664
45.7977
27.5074
19.7734
22.5078
2.0719
10.5082
24.0950
-42.4453
-3.2707
-13.8104
-19.1193
-17.6066
-7.9023
4.3504
-20.0063
29.5902
-5.0539
-5.9602
2.4602
-59.5352
8.3383
-51.0883
-23.0398
-3.1105
-18.2578
22.7449
15.0027
-14.6766
-1.0278
-47.4102
-56.4352
-29.0426
6.1237
-27.9156
-11.3221
-9.5086
32.1125
7.9586
42.9250
-6.4816
-25.8570
-9.4871
-53.4039
-48.1820
-11.9695
-0.7547
-29.9617
-3.6074
-23.0211
-49.3547
-18.6083
-22.5442
3.8685
-34.7797
-13.5211
-17.4416
-19.4158
15.8494
18.4094
-14.7477
10.4945
-4.8539
23.5414
11.2293
9.5656
24.6098
-26.7664
8.7563
18.9631
1.5441
-45.0367
-38.1258
-22.9539
-37.8664
-1.2065
-36.5797
-49.9426
26.8453
32.0656
50.1266
29.6184
38.4562
33.2156
48.3195
28.2062
42.6172
10.0750
3.2953
18.0227
14.7812
-4.5875
7.1961
20.7039
-27.1159
-18.5906
-42.7398
1.0604
-8.7525
21.5883
23.6074
-7.4810
12.2855
-30.6025
-10.2480
20.4941
-16.2189
-24.3242
-11.9148
-43.2711
-22.9055
-3.3711
-16.0010
20.2660
-5.6074
-18.4059
-31.6742
11.4402
-3.8982
-9.1047
-47.6164
-6.1559
-32.9590
12.6979
-10.7781
23.5039
43.2070
14.8836
0.1430
-16.1719
-52.1031
19.7164
38.1766
45.4367
36.4914
45.6211
19.1039
13.7961
-25.0199
11.7547
-3.0240
-9.9215
-38.6500
-40.7500
-43.2562
-15.1193
-13.8512
-17.1928
12.3828
20.8109
31.2359
19.9406
14.5309
26.4555
51.0375
35.3988
-4.0394
9.0668
-30.9820
-28.7008
-24.2117
-37.3516
-39.5453
-37.0555
-11.9750
17.3707
-3.8980
28.8691
12.4551
15.9449
-15.0719
-53.5768
1.1762
8.0404
-31.2510
17.1187
32.8480
18.5555
40.0520
4.6895
-7.5113
10.0727
15.5170
-26.4609
0.0584
11.7789
24.3469
50.0023
40.2578
43.8344
-16.9477
-6.2105
-24.6328
20.3703
21.7785
20.7305
15.0133
-5.2191
-36.6469
-33.3266
-36.7211
-44.3234
-40.2680
-34.3883
6.8598
-39.0803
-20.8961
12.7219
8.7340
34.1477
16.0664
20.1250
6.5145
8.0530
-39.0301
-15.7068
-2.7645
-0.7340
35.7313
-1.0216
10.7203
28.7711
-10.8679
-27.3668
-13.8078
-11.0238
44.2711
41.1898
17.5672
41.2562
-4.0629
14.9275
-53.9594
-19.2025
1.0547
15.1221
-30.8602
-47.2570
14.2046
-31.7242
21.3086
15.3734
20.6383
18.7660
18.5055
26.3443
-5.9625
0.3445
26.4296
-53.7953
-14.6531
-13.7448
16.0821
-31.8289
-48.1922
-26.1383
-5.6586
-46.0758
-4.2719
-26.5539
4.8344
-19.7785
-15.1104
-11.0517
-26.7489
-17.2641
-46.8504
-7.9816
-17.2645
18.2131
-26.8414
-8.6262
-5.8707
-1.2234
-29.0171
7.9859
-29.5812
-32.3492
-38.1633
23.9738
-21.4906
4.4844
-48.0711
-3.5716
-22.3480
27.3813
41.5891
37.3148
33.3648
22.7719
28.8109
49.3656
44.6570
45.4813
54.2516
4.3797
15.2352
8.3301
20.8238
-17.3828
-35.8492
-60.8195
-33.4793
-1.2320
-21.3740
21.3848
1.9695
-17.9523
18.4465
7.1273
3.3887
-3.4183
-6.2328
5.4500
13.4102
55.3195
52.9062
40.6430
33.3189
-33.1469
5.0406
26.4516
29.0688
19.5344
37.2184
-44.3320
-32.0234
-1.3660
-14.3367
-6.9573
15.6656
4.0188
23.8352
27.7344
-1.9781
18.4834
12.4186
-41.2969
20.4367
1.3059
13.7464
-13.5906
-26.4344
-44.1117
-22.8039
-33.1500
-25.7697
9.8016
-18.9705
-43.4617
-7.9055
-19.6297
-15.4871
-27.6239
6.5193
-11.5712
12.9303
6.8834
-10.9172
-11.7748
-27.3375
-23.6496
-6.9828
-33.9961
-26.5469
-4.0551
-2.7055
-34.1090
11.0211
15.9961
2.1145
42.6262
8.8438
-12.7916
-5.0387
-60.4109
-8.0891
-26.6469
-37.9195
-2.6719
13.3060
-5.2781
-9.9051
-31.5063
-43.6266
-0.4719
-14.8672
-39.3758
-40.9891
-21.0117
-34.9891
-29.0344
-39.1820
-23.7432
-0.6825
-39.5996
2.5325
14.0922
8.5840
-15.6023
2.5727
32.9820
23.1391
3.6952
10.1180
40.2320
16.7535
-12.0734
-23.5281
-38.1867
-22.2270
12.0959
-38.2344
-8.1961
8.6719
-6.7344
-7.6822
-44.1556
-51.2094
6.1898
-8.4438
5.2177
-18.0875
-22.0898
34.3734
24.7945
11.7681
-17.3675
-1.2531
5.2969
35.1500
15.5523
9.7054
-16.1456
6.7074
-11.0574
0.2973
-0.6652
34.5039
1.9625
1.4473
-5.3168
10.7836
3.6980
-7.2816
-10.5663
-20.0617
-38.2355
1.1797
23.1156
29.6066
8.5732
-11.8242
10.3905
-27.5102
-12.4859
-39.3375
-7.7621
10.1695
16.9367
41.6180
39.6238
17.8664
6.1274
-40.6828
-9.6469
8.1652
-21.5531
-30.6516
-12.9645
-11.2316
7.5637
24.5562
16.0992
10.8297
2.5932
-52.5195
-10.3008
-32.0602
-31.0078
2.5516
11.0234
-26.3703
-38.3750
-25.0331
8.4844
17.6023
8.5137
-5.5414
27.6938
20.5430
18.9357
-3.8035
-28.3852
-21.1281
7.9337
0.9418
10.6754
14.4484
1.9061
-21.3903
-14.0402
-36.7711
1.1734
8.2648
24.7629
28.7281
48.8219
58.0984
56.8758
60.7898
34.3492
15.8426
12.4109
27.2406
-20.1145
-8.8680
21.1336
-21.9813
5.7785
-10.2266
-54.5977
-48.5055
-24.1848
-3.8641
19.9684
-13.0609
-17.2176
-11.9272
-15.0129
-28.7563
-5.9480
-3.4211
-4.1891
7.9842
-17.1359
-30.4922
-0.4930
-35.6906
5.1703
6.1945
-28.0942
-15.0184
-37.0863
0.6750
22.4492
29.8937
3.6377
-52.3516
-33.3391
-32.9695
-54.5938
-20.7656
19.7641
0.3766
-21.6064
-18.1672
-25.0410
-14.0387
-2.9625
-1.7043
-23.2672
-45.2609
-27.1609
-36.9038
1.2152
-14.8051
3.7820
55.8219
18.9121
41.2227
-0.7674
-13.4320
-2.5784
-54.4773
11.8102
3.8664
11.8492
-4.7717
-14.6508
-6.4742
52.8023
48.7383
27.0148
42.8719
39.9992
27.4211
30.8332
-7.6602
20.1562
-15.2674
4.0070
-12.9853
1.4879
4.5152
-19.5207
-21.3242
-22.2500
-35.7812
-8.1707
-45.8719
-23.0187
-13.8133
11.8707
-27.9930
-39.0172
-1.4852
-53.4898
-19.9562
-45.4367
-15.6918
-4.5316
-44.7727
35.1562
12.9758
-4.4340
-2.5125
2.8692
6.3977
-44.0953
-46.9836
0.3797
-3.3977
2.5723
7.2562
25.1664
-6.1805
4.7414
9.3933
22.7672
20.2699
13.0467
-24.2246
-7.7594
31.2057
30.3730
-10.1693
6.2707
14.4855
-16.9824
-12.1629
35.9906
37.1703
3.7648
6.5627
-12.3055
-35.7031
-39.2859
34.7156
23.5688
44.0148
52.8445
50.0090
15.9585
-52.2906
-23.6129
-27.6227
11.6293
25.3227
18.7844
-12.7727
-5.2802
-28.0430
25.2738
-35.5096
-13.7016
41.5555
28.5805
-9.1154
-6.0863
-1.5365
-30.2039
-15.9300
-13.4101
4.2227
20.3586
41.3578
-0.9781
19.8953
5.1598
13.0437
9.6633
16.9742
15.6449
1.7489
-8.8250
-29.6488
-22.5711
2.1078
-54.0141
4.7176
-26.8262
4.8062
-8.3961
-36.7094
-41.0242
-24.5859
-23.5656
8.3234
4.5328
12.5195
31.1914
16.2223
6.6563
-29.2672
-7.1203
12.3192
-29.0672
-16.4043
1.9848
-13.0904
-10.1555
32.7393
-30.0875
-22.9937
-6.9191
-40.9602
20.4477
7.9760
-21.9320
-48.3523
-25.7692
-9.9438
7.6414
13.0848
-2.3863
12.4109
-8.2980
-17.8391
21.3064
-38.4125
-29.4648
10.1172
9.0750
9.2750
11.7230
-0.2102
28.5484
25.6766
18.6148
35.5742
16.1695
36.9977
27.5727
8.5379
-4.4535
-22.1805
-4.7660
-37.2035
-13.7117
-21.2313
0.7586
-53.3258
0.9039
-32.3797
-2.6110
-22.7288
-21.4980
7.4705
-12.3129
-47.8219
-27.4133
-15.0691
-61.8156
-23.1781
-19.8086
-9.8678
-25.8234
-10.7172
-22.3055
-23.8305
2.1551
-15.6590
-27.8305
-33.0859
1.1370
-14.1124
-30.7227
11.0445
19.7188
21.2387
8.3881
7.7576
-31.0797
-32.2578
-47.5969
-37.3266
-29.9625
-59.1852
-26.3852
-50.6766
12.7508
7.8277
-19.1736
-11.5859
10.8289
56.3336
14.6773
28.3563
51.4961
42.2844
-13.5863
-8.7221
-44.5664
-51.3086
-31.0320
-40.7828
1.4930
-39.3012
20.9660
-6.0154
11.9242
35.9824
-3.9223
-41.1688
-33.8133
-57.3023
-35.8648
-18.6750
-31.3242
11.7968
-39.3156
-30.9578
-53.0828
-11.6445
-0.4299
5.2219
57.9313
40.2910
-41.2195
-10.9572
-25.5797
-14.1429
0.6246
-30.5496
22.2613
6.4207
-27.1141
-26.0664
-50.3758
-25.4676
5.0648
-26.2993
-3.7812
-13.2148
-15.2934
13.7563
25.0727
-0.1094
53.3461
46.1703
38.1164
41.8820
52.0812
-10.2762
-11.0234
20.9953
18.0539
17.2516
-0.3441
9.6773
34.9305
14.9922
26.2469
-4.7000
-2.3559
0.3891
-12.6889
29.6703
-38.7969
-4.6273
17.2395
49.9051
13.8746
-9.3543
-28.9648
-41.1203
-3.6605
20.6437
-27.0477
3.9422
9.1273
32.4523
3.5520
4.4133
-50.3328
-4.6252
-19.3379
-3.0177
-41.4992
-19.3309
19.0609
-14.1644
27.2727
51.8234
32.3945
19.9719
22.4078
45.3094
52.7801
25.4801
-9.0641
9.0023
-58.0195
-58.1711
-12.2184
-25.0625
-17.7119
-46.9125
-30.2414
-10.2678
-32.3937
8.6133
22.9125
34.6227
7.1398
-4.3840
-5.1832
-7.2038
-2.6329
-8.9016
-20.4434
-26.3945
-43.5867
-1.1887
-55.5945
-19.1203
-39.2672
-20.4586
-47.6492
-44.4219
-31.5727
1.9844
13.2766
-43.3180
3.1070
-24.5187
-39.7070
-31.4113
-36.5936
-1.7594
-24.0664
-53.3789
-56.0281
27.7031
15.4594
25.5672
15.3988
4.6428
-41.1180
-23.8883
-24.3141
-10.2545
-8.0813
-25.7613
-25.2781
-12.9933
-40.9090
8.9242
-21.3244
9.8605
-24.5719
-33.4186
-1.8750
-30.0055
-25.0547
-4.7196
14.6594
-19.1885
11.0688
10.1834
-45.4594
-8.2897
-30.9163
3.3238
-22.0984
-12.8887
-4.2625
-42.1074
-5.7566
-3.5199
10.2410
6.3316
9.9993
-23.7398
-11.7090
-17.9332
-9.5828
-4.0921
-6.8906
-39.3281
-50.7742
-19.7320
-30.5914
-42.3203
-43.0094
-39.0746
-7.5355
-13.8914
-19.7195
-28.9742
20.1445
5.1262
-24.2633
-34.5289
-47.8273
-34.5609
-6.5813
-21.5387
-7.1934
-24.1289
-9.1987
7.0406
6.7883
18.0059
4.0367
12.7742
12.6055
40.8695
32.6148
41.1562
12.1672
31.9281
-24.5574
0.0771
-10.6741
-12.5586
-54.0305
-52.5172
-42.9664
7.0836
-2.6249
3.4070
46.1184
-17.5357
-40.6102
-43.6734
-23.2953
-15.7410
4.2043
28.1023
22.3777
3.6594
-4.0397
-8.1790
-11.3191
0.0738
8.2797
-40.5125
-14.2945
-9.7740
-27.9746
-38.8414
-35.1617
-55.5375
-62.4516
-11.4191
9.1977
-40.6555
30.7656
-8.7367
20.0457
-38.7984
12.0156
11.5941
-14.7482
-19.1273
4.4945
17.3719
17.3273
36.9734
55.9047
24.2289
31.5570
22.1078
13.4937
-3.2606
-23.1812
0.0279
3.0998
-46.1570
27.3625
12.0029
-12.9672
-6.8992
-6.6500
-14.8054
-1.8736
-23.6453
-15.1703
9.9453
15.7594
36.2633
56.7578
23.1055
25.2555
15.9594
-37.0684
18.4223
-24.0453
-5.3445
-10.2336
-3.7488
