178.8053
150.7478
455.6682
445.9612
78.6496
228.4433
412.2151
182.0370
374.7362
463.7492
440.2472
168.0675
490.6398
576.0412
325.7391
233.7860
156.3591
117.5057
109.4059
106.6266
65.6252
101.7667
106.9910
151.2668
293.6067
90.6499
228.5985
190.0648
440.1659
282.2915
518.8624
692.1479
346.5790
93.1617
143.4349
377.7774
177.7379
132.0576
179.2650
112.6362
72.8955
52.7927
61.7359
384.2209
710.7353
646.1985
512.6936
474.9655
102.6204
120.0084
103.3060
151.7971
306.1947
453.7859
397.6425
252.6425
501.0454
281.5631
68.0942
96.3395
172.2659
340.7645
354.7397
282.1861
109.3337
239.1712
467.2838
174.1249
135.6556
81.6497
135.1480
281.8458
175.0143
171.1903
165.8522
119.7924
122.7179
174.2617
415.9942
304.6497
247.4591
125.7715
127.3872
151.0719
117.7907
103.6072
211.8105
351.9638
153.0152
125.2565
89.8545
71.2241
42.6431
73.1358
150.4732
152.3926
115.8563
276.9010
448.4720
279.6963
667.7534
650.9573
349.2957
66.2247
100.7172
220.0121
288.4062
137.5940
76.0956
54.0928
62.9871
265.9129
408.1304
148.4528
126.5682
97.8071
61.0334
116.7456
259.7316
536.8057
347.0369
93.9908
125.1242
92.8579
226.5592
414.0174
60.6962
62.8940
68.4174
99.4796
191.4594
254.8349
168.1062
66.0763
92.3414
176.3775
188.4165
126.9473
218.6727
323.9852
551.8724
374.5135
523.3038
155.7731
223.9618
440.1455
140.7981
61.0237
66.1117
84.1800
144.4574
102.1633
207.6946
543.1076
616.5466
270.6199
278.3959
625.6951
677.1992
497.9391
230.6815
193.8916
345.2784
370.2619
91.3698
167.7992
202.4743
98.6767
183.1184
106.6510
113.8942
187.5064
162.9968
133.5654
190.4926
217.4445
342.0857
221.7687
512.2238
96.0770
180.3814
358.4391
709.8218
587.1532
330.7258
563.9320
336.6837
186.9703
134.2295
89.0902
175.0652
117.4096
81.3871
129.6950
242.4637
119.8090
123.5685
79.2458
148.8369
326.0121
64.0429
70.1820
199.1821
252.7497
288.6823
573.6540
205.1835
83.8182
156.5230
320.7392
147.7144
175.7645
97.7333
292.7770
385.9670
207.9075
83.4875
121.8527
149.3317
141.2636
355.6459
239.6016
73.6433
83.8486
122.8339
160.1880
125.7843
280.2071
253.5459
39.4207
68.0183
115.9376
76.0125
132.9107
124.5615
205.0138
305.7596
221.9109
189.4710
74.1670
111.3218
71.1510
33.6936
89.7884
197.5001
369.9798
117.7601
242.7197
311.4392
383.2345
403.5141
239.1160
101.9302
148.9415
251.1616
150.0468
234.7851
262.1116
187.6166
285.3109
523.9995
198.5983
126.3758
64.2335
98.0883
62.6475
91.8337
144.8920
213.6397
108.4192
197.4032
294.3061
531.6442
219.8080
473.1590
75.6164
102.8825
167.8780
198.1352
377.1634
243.9594
59.5521
106.5677
398.5139
557.5339
549.2003
608.6788
560.2031
523.9399
395.6929
127.7177
267.7654
123.2823
273.9230
375.8932
114.8202
250.3536
278.4394
177.4687
87.7001
127.4658
241.0603
174.6411
435.0786
558.1775
200.9909
331.4300
89.5515
230.5702
443.3520
78.7815
60.0936
46.1943
216.1566
310.3565
175.5742
275.9064
60.2887
160.9380
179.2838
179.0203
90.6572
112.9360
99.6439
114.0635
120.1939
96.3736
151.5409
251.5232
419.0401
85.4528
131.1679
78.2486
212.4589
409.6251
91.8236
52.9601
43.1018
173.5294
271.0900
121.4756
116.3781
52.1313
78.8108
167.1499
329.7169
577.7221
129.6671
122.5738
209.3389
210.1311
159.5833
124.9263
93.4035
81.2312
128.1509
183.7180
141.8862
227.5667
367.6201
199.6758
195.0113
143.8365
160.2333
187.6983
392.4492
367.9415
188.5888
368.1572
89.1241
119.7767
87.0433
82.9816
85.9236
130.3251
410.5145
536.8466
117.8281
198.3274
220.0781
127.8793
89.6515
233.1419
215.8940
100.8215
104.6297
103.3398
176.2051
127.7559
70.2399
128.0561
108.1464
80.2875
231.5161
381.7644
78.1590
102.3456
239.4336
75.7017
190.9275
264.2020
58.8197
170.6863
355.3218
49.0838
70.4752
87.4339
274.2284
450.0482
104.4263
87.0304
184.4059
385.6373
89.1965
102.8645
93.4249
81.3481
62.1035
86.1330
158.6841
186.1707
230.0547
340.0974
114.1949
99.0497
87.3568
109.1459
101.5255
52.0806
142.2530
298.9209
192.1941
432.0478
244.2208
699.8947
527.9205
253.6092
241.5520
299.8539
417.0537
437.8949
289.7490
423.1328
185.8852
175.8967
364.7052
633.4625
310.2982
543.5967
245.3394
200.2354
338.2360
88.2332
148.7519
257.9008
118.7463
227.3895
361.1073
256.5178
166.7867
285.1006
505.4702
160.9995
280.1615
148.1475
162.8301
48.4316
149.4112
181.4001
104.5863
49.6879
167.6493
386.5761
250.0728
272.6582
553.0474
286.0459
190.8356
255.5308
155.2822
188.8076
134.6038
61.7424
68.0003
60.2807
112.6807
293.6411
251.9867
576.3258
498.3876
87.4023
108.8982
139.9845
139.0117
110.0740
167.4654
281.0594
573.6414
289.0481
341.4826
575.0110
124.2303
204.1716
173.8088
260.3955
62.4857
69.0893
45.2911
113.2328
322.6496
496.0049
104.1527
134.4380
240.8286
89.3120
93.0065
195.3689
169.6470
241.5364
251.6814
208.0468
320.9228
592.2689
515.8735
251.4189
160.5992
192.6847
147.8534
357.2811
615.6189
111.9902
145.1623
169.1037
253.8536
120.3701
38.6255
39.7489
69.3503
201.2081
133.6355
355.5881
371.9912
207.4791
155.4635
266.7709
455.2005
398.0212
498.9798
182.6000
553.9798
496.9699
205.0353
87.2310
86.0018
77.9725
89.1284
365.3255
517.2749
191.9583
255.9957
146.9936
84.9467
91.0500
233.0747
445.2331
85.5675
182.5860
348.6246
116.9303
220.8102
91.0810
383.6358
602.6227
139.0027
223.6223
230.0489
425.1773
310.4782
656.7419
326.9267
187.4699
187.5694
113.6607
58.2822
244.8681
621.3951
414.3977
337.4939
461.9040
405.3509
208.5327
319.9266
142.4342
267.2139
328.5998
161.0759
86.3884
200.3808
294.4850
74.0950
176.9412
355.9988
289.3093
74.4808
126.3136
120.1588
249.0622
252.1940
65.4765
72.5163
97.0864
230.0710
387.7057
337.3430
561.1635
77.3064
126.8055
269.5591
180.0985
122.9638
152.3579
125.2046
276.1157
361.9977
171.3844
277.2655
328.7731
202.6764
173.5466
225.1962
393.3707
187.7964
505.6809
333.5408
48.5332
187.5520
306.6944
284.5471
87.6674
227.5748
413.1933
213.7554
239.6088
29.0179
115.0308
250.5814
259.2283
35.5085
189.3702
365.4060
150.5329
177.6141
338.8340
615.3685
387.2275
96.9082
151.1851
324.3849
362.3041
453.2851
255.2798
458.6626
287.6466
471.9738
140.3232
264.7901
294.8672
472.8732
141.6512
68.1760
108.2457
245.5859
124.7177
426.2903
427.3831
90.4775
131.9556
111.5086
113.1259
152.0382
189.2159
358.7992
32.6457
190.9568
241.0130
301.5072
145.8482
295.4103
117.7907
141.2642
224.1703
104.5961
271.4092
126.9194
82.9655
67.8783
188.2744
327.8800
659.6335
484.5873
277.2853
451.7530
96.9698
75.7158
145.9342
98.1904
214.0797
433.4355
116.7239
60.9126
337.4174
286.9649
409.1917
281.0253
52.4407
111.9729
166.2962
301.1104
124.4924
272.4035
219.1066
380.6388
567.9508
540.2604
152.8406
180.3976
94.3977
95.5713
291.3905
453.3474
75.4106
213.0956
382.4784
113.4661
205.4583
333.6067
296.1956
230.2045
97.4519
227.9987
87.3097
301.6785
567.7155
474.5811
331.2803
353.1159
395.3788
273.8103
462.3348
371.9346
540.1219
132.7761
473.5331
696.6017
475.0076
83.1678
115.6944
280.4995
350.9910
76.2763
277.7379
489.3623
372.7355
513.1517
781.3896
567.4607
217.6647
156.4265
198.6213
279.8640
389.1935
80.4118
139.4505
74.4608
195.5046
317.5323
194.8047
122.1156
403.0881
468.8529
213.9062
187.3835
111.7830
128.2756
102.1972
280.6728
194.9555
322.5786
626.2795
161.9671
232.4457
54.3363
128.6460
204.5843
169.5586
188.5251
79.2698
274.1435
516.1791
305.3312
119.6937
199.7182
466.2540
741.4844
565.6845
377.7634
157.6505
339.0772
304.6577
645.0628
361.4497
232.1314
162.7225
189.9171
218.2959
67.1638
114.6081
75.2024
138.3654
218.6667
534.8564
589.9742
616.7923
439.3077
122.9481
110.0104
176.8498
239.2778
90.3313
128.4300
89.5795
139.3103
152.7301
88.1063
133.2271
106.6599
78.5507
112.6037
189.7452
77.4053
50.3337
61.3827
167.9873
444.3862
688.1908
379.9001
63.4295
110.1570
287.4487
558.6087
552.5097
429.7197
175.8684
109.8635
107.5538
149.3181
279.3244
273.4811
60.9410
80.7276
274.9348
419.0682
73.6745
143.1670
99.2092
70.3416
117.9019
303.8285
586.2646
570.2193
546.1491
313.9433
280.5654
80.2575
100.6367
206.5088
182.4115
239.1285
131.4454
115.1666
340.6162
571.8545
676.0695
471.2269
199.4828
211.1069
367.2339
535.1806
427.3221
329.2651
343.4052
60.6466
112.4165
294.8692
191.2284
184.9799
98.2068
82.2073
86.3965
238.4644
164.0441
152.6131
137.7529
77.9343
75.3026
152.0124
69.3939
100.9819
287.0879
375.7850
97.5723
101.0432
94.3249
104.9587
103.9046
258.6835
511.1595
250.6305
79.5123
85.8915
96.8609
58.2479
340.4201
393.2948
108.2379
400.4604
603.6672
116.1104
257.6237
699.2591
399.7373
140.8274
270.0092
240.6393
120.6458
106.8909
166.3211
151.4243
106.9351
146.4266
361.5438
118.8430
289.5224
468.1283
288.4838
201.0552
152.2590
193.9925
161.2620
336.4680
164.4049
232.9092
250.4078
216.5759
163.0137
309.5894
146.7129
64.9944
123.1318
215.2587
194.5189
263.3615
413.6357
313.8434
401.8464
305.2427
651.8317
350.9749
310.0600
162.5082
264.9460
115.9467
170.7749
393.8932
528.3956
252.4131
682.2537
383.9970
61.0245
127.8923
218.2871
122.7326
159.7638
317.7867
236.6833
110.2059
236.3050
202.0385
159.9645
78.0377
155.5645
222.2545
437.3806
352.1502
314.7634
168.9805
103.7455
309.2242
261.4610
224.3441
440.5341
325.5820
170.7890
128.7184
159.8649
243.3172
176.1108
107.4929
57.7954
141.3289
216.8426
111.0279
234.5091
449.8935
585.2507
157.3063
278.0117
265.8997
186.5588
123.3551
80.1874
177.8420
283.8862
150.5683
378.9248
354.9162
268.2072
278.8631
127.9034
74.5572
57.2910
118.8622
249.3080
351.3762
122.8187
362.9415
575.6266
431.5750
146.6748
136.9007
323.2089
455.2371
139.7670
83.8881
313.2770
498.6790
178.9516
227.2069
241.1568
509.8431
626.0448
351.0326
261.4925
651.0341
452.1486
90.9122
136.9734
56.2089
162.6644
280.1943
246.5010
540.6749
503.3666
297.7099
168.1833
259.7081
62.5569
320.0975
425.8646
72.5721
140.2001
229.6802
449.9873
419.5433
226.4427
322.4131
576.4263
358.6369
252.7786
225.1407
71.1090
229.9353
182.9813
355.0764
203.3374
91.9780
213.0300
81.1857
57.3935
100.3517
102.4758
241.0640
533.5924
362.3785
559.8451
296.1761
90.8589
81.0583
140.5750
152.4548
570.6834
557.6610
169.6255
382.5538
411.8297
272.7096
565.2033
453.3701
146.9384
78.9024
224.0513
354.2639
192.5747
148.8382
140.0585
53.7912
97.4675
167.1067
196.0185
281.7332
478.0369
215.9523
509.7344
409.9220
95.6476
459.1098
480.0516
227.6269
81.6550
160.9020
351.6645
579.1108
320.8141
288.2832
322.7331
383.8584
242.9470
301.9438
76.3518
76.1735
86.6766
338.6481
415.3071
301.2980
614.4571
569.5359
551.6067
473.8036
479.6593
196.6865
131.3162
89.9625
173.8867
310.0161
233.8780
42.2236
89.8827
451.5705
642.0681
142.5804
71.0351
120.1000
152.8557
224.5073
120.6355
162.9789
464.2040
418.8396
118.3285
66.2321
103.3147
137.3712
171.1047
367.5209
317.5600
89.3658
237.8332
272.7658
111.8529
142.8988
105.5399
79.6177
260.9193
471.8294
287.2376
108.1258
274.3825
563.9847
150.9259
244.3592
180.2809
149.3165
194.8139
222.6197
86.3132
92.7883
243.0409
152.4885
156.0842
61.3001
150.1417
254.7396
350.9700
294.7134
294.7262
158.5345
234.4565
74.2523
264.6190
461.5720
130.7580
152.6591
349.7899
241.7692
68.8347
56.7698
87.9703
255.1858
409.0222
183.1723
224.1315
216.4528
96.7318
53.5465
60.3092
148.4122
183.2259
288.2246
533.1427
88.7668
363.9536
531.0869
142.8663
141.3648
243.3659
424.2479
637.5173
311.5022
321.0243
191.8251
426.4877
506.3698
297.3937
94.8205
171.9253
98.7619
65.2214
68.4965
85.7143
210.6764
480.5173
583.7464
332.9450
145.2931
366.0892
423.4080
297.9292
527.0112
209.5345
76.2049
52.2052
206.1718
504.8772
243.4510
248.3202
133.1249
192.6658
658.9634
515.4473
580.4007
333.5504
65.8915
300.7162
340.7788
381.0699
347.1460
313.0465
162.2579
250.8481
64.4120
293.9363
688.1474
241.0566
133.3068
230.8610
476.8629
254.7967
368.0940
63.5477
92.4606
247.6678
403.6816
128.5482
125.7545
123.9165
74.3375
119.4847
148.8892
97.8726
91.3005
225.6059
420.8866
247.8776
219.0706
407.6445
188.4697
504.1426
514.9833
114.8918
161.7744
183.9843
61.1469
166.9135
81.5508
122.9021
281.3759
284.1684
253.4389
408.7193
626.3491
917.8616
524.1412
66.7677
90.8843
435.0444
543.1966
399.6966
246.3074
280.2953
487.1332
419.1169
120.4510
205.9666
221.3494
305.2333
130.9105
235.1204
314.9269
139.6198
134.0936
121.8771
151.4902
122.0023
116.7925
121.7863
142.3031
213.0967
80.7218
141.2526
78.1836
109.1828
220.8556
107.5925
131.6756
68.5913
136.9698
433.5089
662.6389
527.0063
364.4099
121.6393
278.4105
95.6949
192.1330
264.2536
97.4224
182.2815
138.0165
111.8756
76.0134
117.3210
107.4008
133.3769
128.1965
307.8015
626.6629
546.7666
268.3021
122.8499
172.7006
223.9286
136.6269
152.8539
82.8746
175.6825
176.9121
151.9934
181.9130
321.4641
144.2338
315.9804
154.4842
289.3011
371.5465
159.3772
208.2818
425.4693
216.2246
366.5666
256.2100
72.7559
70.7181
247.1303
398.1563
120.1525
143.3924
61.2294
138.2427
378.5422
376.4635
234.4468
133.0432
304.7202
632.1004
260.7832
301.7324
535.5361
412.4296
615.0385
488.3129
197.0748
473.1852
435.2581
88.6235
150.4518
624.1881
460.6614
48.5322
76.3282
192.7956
182.2563
295.5593
65.2692
38.6559
220.0199
468.3741
170.9217
286.4316
472.2816
388.7229
102.0265
235.3173
231.0442
386.6170
351.8544
164.4220
316.1836
118.2673
365.9559
511.8133
211.7386
408.7515
768.5829
789.3072
436.6891
147.2389
263.1327
433.4624
237.9538
465.2684
191.6283
237.5144
261.1481
180.9575
130.0260
105.6135
259.8058
160.3131
97.9441
64.8245
68.1903
301.3507
485.5974
469.7565
391.5144
158.7149
76.5853
199.3371
260.3285
231.9701
447.8540
215.9708
207.3917
89.8175
213.3292
376.8063
208.4743
149.0441
479.0953
503.1706
292.4986
513.8484
89.4791
183.5332
112.2098
118.8001
320.6402
489.5950
229.7898
249.7703
376.6655
81.3682
207.8354
137.4380
65.2254
99.6509
228.0898
391.7713
375.7317
244.5044
203.7520
413.2177
153.3024
94.1264
97.6809
175.5070
268.2885
108.2998
181.3280
248.2550
297.2516
463.8310
358.7988
321.0668
280.5608
255.1237
241.4542
101.0655
69.3466
77.8683
169.3353
154.4377
251.9701
566.6067
484.9978
251.9518
245.2642
160.4933
190.6990
433.2436
307.3988
347.4492
525.8303
170.8213
260.9350
428.1610
668.2494
124.3971
184.5353
130.2602
190.0806
423.1422
205.1542
147.1900
116.0137
282.5833
724.0002
625.5730
495.5011
60.5534
64.5394
248.0597
443.7102
131.4582
272.0640
654.2247
472.3939
106.8168
234.0926
471.4203
73.8202
120.7847
104.9437
160.4562
54.0538
76.5724
299.1888
418.6084
413.9510
302.1504
645.0064
438.9355
86.9614
150.7142
75.2465
215.7897
375.9732
113.7475
66.5797
146.7825
333.0991
67.2857
41.6900
147.7701
332.1369
261.1594
119.4374
325.1899
533.2071
264.2526
323.9872
282.3857
434.2641
88.2939
266.2141
462.0112
58.8513
89.7528
89.3547
62.5698
148.5168
225.9233
317.4717
94.5574
174.2008
200.1457
237.6959
351.0305
221.8325
149.5667
419.2957
524.0652
424.4819
106.0660
298.4735
263.3032
121.3046
165.6861
185.1061
97.6195
179.8111
413.2218
398.9613
358.0422
360.6923
58.6201
356.4505
654.4134
492.6126
497.8941
143.7243
256.4361
519.5175
158.9742
192.9397
249.0630
243.8157
443.9878
85.0014
224.7281
387.0663
53.4021
104.0110
118.5056
66.3551
99.4332
183.4644
130.6075
91.3311
198.7516
97.0655
112.5465
236.8591
359.5104
133.2089
312.7073
201.1358
225.3211
145.4854
129.2325
190.7201
64.3499
57.4931
90.5586
245.8748
518.6689
296.3706
396.1693
651.9256
266.4716
291.3151
329.6210
98.7232
206.3742
198.3613
157.0512
189.6018
233.7828
348.2068
321.7144
587.4411
207.0450
278.4735
218.6264
129.6731
142.2959
224.8652
138.0399
259.7712
515.8099
466.6642
556.8912
361.0045
276.1764
42.3600
83.6153
317.9045
297.3151
152.8704
219.8057
68.5336
73.6677
80.5870
133.9926
160.8108
171.4320
296.7673
453.7828
143.8654
104.3142
311.7111
502.0870
116.7431
150.0966
47.6730
75.1849
140.9228
186.4951
301.2838
83.4600
90.7321
163.8727
213.3430
464.1353
424.7387
340.3099
144.8361
241.4992
364.9018
528.0873
89.8870
180.6639
311.7742
89.8829
259.5277
509.4534
78.5674
318.9618
678.3532
405.5378
256.5827
405.5387
81.1019
97.6109
215.3329
194.3356
70.2565
176.1325
204.5981
199.4543
124.0623
273.7161
409.3133
262.3097
164.3996
295.7130
569.8385
247.3270
241.9226
110.1248
198.4768
230.7036
105.2220
171.4279
159.5721
320.1388
83.7626
80.8052
186.0448
477.0191
196.8191
118.0881
73.7486
96.2928
269.9971
542.6948
772.0520
525.2899
123.8084
265.4913
222.7412
83.7341
62.2324
229.2383
570.3292
414.4510
218.4644
500.6827
214.1380
140.9750
134.8454
165.0961
231.9641
597.5553
513.7867
104.0634
206.8945
173.7476
122.4616
90.8933
190.9514
296.5126
234.5787
332.9962
438.0530
250.8828
386.3664
359.4664
164.7152
223.1177
191.0749
656.6617
552.6711
331.5774
122.4663
281.7085
130.3835
251.7507
403.9162
174.2049
150.0718
351.0850
587.7030
231.1095
498.9286
70.6075
318.8611
725.9024
607.4157
288.8403
313.0281
527.8040
247.0208
163.6832
121.2816
305.4793
228.7607
440.5529
402.1598
90.6298
153.0805
118.1600
130.5976
124.8875
230.6292
511.5361
385.6970
185.5863
340.9702
264.1824
427.1847
269.1122
691.2118
493.1759
152.5296
245.0918
381.0032
353.3618
680.5154
389.5097
266.2192
330.6116
131.4274
131.3708
356.9855
640.1186
647.4947
526.3239
166.6018
288.2692
637.7799
740.0319
539.9154
403.4206
122.7374
94.8958
198.3524
219.4463
77.8458
225.6641
541.7900
321.0643
354.7477
255.6036
63.0791
100.1175
151.2926
127.4105
70.9055
113.8124
362.0762
383.3224
53.3942
184.2904
399.6473
253.9623
161.6898
446.3651
254.2272
214.1188
118.2153
89.9392
340.6247
754.9308
334.9913
204.8159
253.2984
162.7760
142.6975
178.1297
141.7183
170.8356
250.9495
188.1240
285.8321
188.5803
435.5206
161.2587
306.5674
164.7298
228.0074
343.6501
356.4519
233.2933
315.6727
145.4856
122.3378
347.0042
755.8627
617.3424
358.2372
332.7332
131.3404
203.0959
308.2980
91.4527
221.9881
137.1666
244.1002
500.4227
262.6537
587.1432
290.2751
177.6137
414.7954
306.5962
114.8305
154.9114
228.2980
146.4074
140.0675
204.9621
106.4722
112.8804
273.0002
581.3597
706.7310
777.2824
595.0960
218.9318
143.9007
317.1806
210.9939
337.3069
441.8691
326.5592
101.8157
67.1941
277.4439
543.0102
151.8209
258.9500
399.6274
98.7395
170.7383
256.5403
137.1111
150.2414
88.1250
112.0914
97.8794
156.4552
444.5762
720.6966
491.3863
242.9902
91.6107
85.1944
76.8918
92.1587
168.7148
302.6444
332.4070
84.2811
334.9306
386.2950
118.4057
142.7969
201.0817
499.5200
237.7066
230.0368
475.9341
585.3330
521.8692
260.3294
475.8529
97.7701
443.0027
822.5060
397.5511
108.8786
86.0130
42.8621
106.4356
213.7293
148.1935
185.1456
370.6001
333.8066
181.5498
220.1134
317.0391
312.2515
606.5268
333.4548
326.5864
700.0572
468.7677
134.4326
178.0924
377.2322
78.8999
100.9927
186.3437
208.6484
141.0933
297.6815
654.5816
633.0039
262.8118
270.7451
741.9772
751.3129
450.3129
104.9334
254.5104
338.9450
220.2699
122.7179
171.5947
150.2294
184.0507
131.1375
96.7750
185.4677
347.5107
262.3157
84.2884
92.9939
68.6108
130.1107
206.0794
248.0436
63.1895
111.5092
149.2231
285.9315
510.5157
197.2837
225.1457
57.5025
80.1117
55.3382
163.5594
371.7802
122.5327
403.6861
528.7621
430.8175
111.6685
180.4015
260.3850
601.6679
386.4194
137.9509
155.3233
186.7216
298.7186
314.6176
559.3845
61.8075
61.2844
248.2817
512.1856
558.0024
754.8136
768.8692
480.8505
57.1206
51.9661
93.1933
328.4093
511.0978
77.2209
143.8313
183.5254
282.2054
393.8081
102.9123
172.4719
143.2461
98.7786
294.2634
407.0643
282.8991
173.9198
126.6569
166.6776
71.2856
173.7805
586.5032
535.6017
213.6724
261.5409
149.9822
172.4908
206.5310
384.9517
196.5385
183.2075
703.8617
672.3144
733.8847
695.3157
784.3160
677.3889
249.7630
202.5853
207.2908
49.7059
72.2647
121.0769
198.4273
329.1076
419.3417
557.4316
267.6031
97.5542
195.6449
199.5823
80.4940
128.3737
384.4896
276.0049
264.7759
344.5084
153.3824
274.2897
72.5005
78.6070
137.7006
315.2457
81.6992
177.7794
208.5458
80.2906
149.2473
202.4067
243.6525
223.3717
293.4260
277.6308
90.1150
172.7551
190.9326
311.6092
719.3337
531.1037
221.8088
261.3291
565.4768
534.0286
94.1372
180.5642
231.3305
174.9132
154.4076
244.3728
126.6582
154.9377
145.9858
56.8468
81.4569
205.2486
333.5927
173.9439
151.5215
487.3454
434.7806
745.9670
785.8628
603.3248
493.1692
226.3937
202.0057
188.1201
229.5305
457.1794
508.3135
296.0152
218.5652
234.0724
207.6073
104.9462
315.9207
292.9834
62.0696
311.1455
564.6926
253.9483
289.7638
714.6671
802.6078
656.2260
420.4106
157.6500
237.8630
332.8334
87.1754
113.5536
80.7780
194.0687
288.7980
115.7556
305.1692
531.6309
127.0074
298.8419
260.0484
448.5944
97.2340
175.0660
367.6991
179.4725
303.5288
620.6042
501.4348
441.2982
651.2038
630.8981
237.1458
348.9030
239.7582
174.8781
274.0263
324.4126
226.4252
195.2495
479.7762
501.8449
279.9283
117.5262
160.5590
78.1528
81.4259
56.1295
123.5666
275.7573
354.2234
391.0411
103.7973
127.5395
332.9454
376.2331
460.5594
122.8877
182.5767
302.2700
134.8708
183.6392
261.9736
424.2914
96.9086
269.5938
509.0013
481.0388
346.9109
105.6265
77.7744
165.9052
214.7406
236.9293
342.3927
646.9699
470.4918
285.2778
568.5221
392.6654
365.8176
419.1362
146.1774
261.6537
378.2074
391.7492
165.7274
184.9796
333.3770
618.5278
518.0647
502.1181
107.8832
80.7909
68.5818
74.4355
278.3785
260.6075
137.9337
206.9467
539.3738
1001.7899
698.0276
237.4182
273.3035
274.9744
300.7570
329.7037
171.2621
620.4316
552.4490
315.2711
189.3188
65.0616
77.6363
105.1209
133.2317
318.8443
609.5599
507.3372
87.0541
81.7494
46.5459
149.3087
261.1080
138.1731
326.8557
302.3404
160.3023
442.0980
454.8973
87.4799
234.2613
752.3538
751.9131
332.6793
196.1982
221.7505
153.9545
227.5589
316.2735
72.3349
168.5688
139.1134
143.5414
313.7324
184.9788
37.4186
65.3998
103.5119
204.8248
171.9646
238.0237
181.0715
289.4743
299.9009
545.9612
451.1901
369.1409
206.1740
293.5709
422.2679
213.8076
539.9134
433.6228
649.0422
347.0595
296.8068
493.6994
113.9183
31.4654
119.1727
490.5064
644.1876
503.7230
225.0870
266.6981
64.3522
92.9278
267.4280
315.6149
169.8622
364.7222
210.4081
159.5513
350.2777
632.9741
362.4573
85.1782
408.9698
552.3751
68.1773
82.7140
473.5428
568.2719
192.1965
66.0793
92.7969
90.8834
86.4451
183.9594
309.9331
378.4943
165.7534
208.6737
593.5419
603.2184
375.3255
325.1946
244.0016
485.9385
617.5510
364.7492
293.0793
85.7840
174.8961
544.4171
408.5255
224.0274
249.1055
131.4197
264.6946
311.3413
135.4395
250.1751
238.5973
71.8703
53.8285
108.0290
143.3179
419.8698
523.1819
144.2329
211.9290
451.1327
368.4972
207.3653
125.1497
183.3329
126.2656
130.6349
206.4986
376.4705
477.4732
132.4596
61.2744
125.3931
381.8719
485.7996
237.7187
407.3588
605.3074
471.5930
340.1339
515.2534
63.6566
55.7855
102.5147
124.2718
141.0360
351.2400
440.0292
259.6625
335.8404
301.0234
37.4501
75.9327
133.1286
381.3820
374.4635
178.9430
638.1150
569.9969
99.9724
158.6004
65.5285
127.6258
90.5357
300.9451
363.0115
215.3909
251.4239
291.0709
110.0838
190.9785
91.8825
114.0588
146.8479
191.7274
258.2188
273.9061
347.3467
514.3841
329.1894
672.9404
446.1568
357.0610
467.2170
64.0846
140.3951
231.1898
251.9175
482.1335
629.1588
500.0493
238.7259
107.0245
152.8258
356.4265
564.6227
305.3777
458.1313
117.5540
317.7849
646.7307
324.4690
212.3974
80.3605
158.1190
264.6196
89.5610
307.9654
400.6746
276.5799
469.7226
208.1559
239.4122
248.2089
266.2212
388.9915
195.6101
211.9996
576.6314
873.8598
521.7635
91.9199
153.3534
390.9132
370.1394
368.7456
547.5230
503.4485
361.8160
299.0118
174.6853
151.8284
148.3023
445.3570
359.9324
175.1865
269.3368
444.3247
87.6635
66.1540
173.3875
327.7180
352.3677
471.2171
763.7808
680.5850
450.4903
162.6505
617.4363
628.4627
329.3750
107.2246
197.5723
462.3549
594.3305
404.2208
249.2665
168.7662
98.1185
92.3059
106.8095
198.7260
147.5803
74.5539
127.7681
197.2184
422.6964
217.7788
225.7555
556.5109
357.8176
442.7026
78.5641
51.0035
104.3603
118.8974
204.8402
50.4087
142.5899
182.3918
151.4884
345.9659
116.4364
263.7104
377.8883
94.9126
244.5497
435.2493
379.5633
223.5992
83.1884
84.2150
121.2007
80.1720
120.6385
266.6333
382.3695
559.0605
133.9291
97.4039
148.0019
337.2117
270.0277
166.9816
316.1157
558.5590
428.9125
352.8089
282.2358
518.5158
458.5086
228.9243
310.9619
482.8367
101.6943
137.2968
102.1242
381.2643
592.7722
421.3354
332.7114
364.7357
513.3736
180.0037
221.1356
432.1139
116.7779
327.2228
68.7151
105.9249
336.8359
318.0351
261.6818
150.9149
228.1897
159.3543
495.1606
425.6900
222.4731
372.4566
286.8185
214.1926
193.0049
250.9564
312.0309
380.6389
111.2004
97.6868
212.9238
463.0597
496.6469
650.8428
608.7230
599.2332
334.2019
80.8498
185.1285
173.2165
371.8176
628.4711
416.8639
309.2277
539.2118
381.4840
634.7772
450.8575
263.3919
582.7157
327.0558
196.3593
96.3733
137.2454
450.2904
595.2454
172.3112
87.1476
233.5304
619.0152
551.4434
466.3972
180.8696
442.6294
366.5211
193.0168
79.6942
134.7562
240.2849
684.5486
454.8160
135.9299
350.0371
201.3574
283.6402
345.1187
459.3429
178.4384
149.0875
405.3480
444.0292
47.4855
86.8349
91.5450
236.3225
516.2487
214.1944
360.6622
160.6575
194.4026
165.8403
383.2508
533.3064
304.4815
422.6180
168.6613
254.9750
111.1914
76.0719
114.4176
475.7075
708.5407
458.7380
163.9215
236.8147
142.6179
264.3224
641.5326
476.9299
162.7275
178.0693
211.7478
325.9600
396.3489
178.0600
78.2463
121.0110
172.1396
346.2962
269.8414
146.6662
181.2614
262.4015
133.9623
205.8525
242.0527
136.0177
112.7146
135.8518
347.9480
327.3605
174.5849
244.6049
352.3308
112.1349
178.2006
169.0589
137.0086
107.5184
175.7242
335.7965
517.2021
439.6304
522.9434
295.8127
564.8842
183.0759
118.3647
304.9087
598.7420
224.8257
228.5389
279.5139
57.8868
131.5436
241.0305
209.6784
350.0327
535.3362
361.4175
632.7740
531.7757
475.4697
225.8161
202.9590
170.3634
261.1231
197.7131
305.7981
570.6284
167.4028
153.1739
266.3812
518.1181
73.3300
103.3637
135.2691
178.3017
253.9289
159.3925
183.1617
223.6226
84.0756
76.0374
165.3477
239.0765
291.3422
158.4019
255.0933
613.7974
598.9068
250.6579
192.4810
483.4476
98.6159
285.4117
348.4666
564.8556
137.4324
142.6731
146.1013
106.3769
234.3227
552.5095
797.3209
457.8757
191.1062
365.2991
329.0589
279.3916
320.4788
441.7751
394.1927
314.4165
191.8073
174.2710
81.2034
322.6399
406.8990
189.0237
364.8283
160.1908
177.7835
322.0654
28.6818
208.5093
461.1604
744.8779
641.4049
436.8217
109.0427
147.7048
297.3318
427.3540
144.3711
262.7428
448.6104
241.7923
414.1832
107.9673
204.4221
291.5706
206.0401
523.6490
492.9764
661.0102
735.2389
546.4357
72.2247
129.0589
103.9307
107.4859
427.3973
568.1136
230.5846
230.5137
183.2472
186.3554
154.9907
244.3188
214.2523
295.1430
669.8553
254.8827
100.9334
95.6584
376.8084
524.1759
321.8228
429.9428
185.5783
237.6134
106.8674
81.4171
229.7300
341.7345
435.0776
631.6200
625.6652
327.4993
172.3631
206.7478
345.7833
687.8104
324.1847
144.7463
175.4996
113.6800
146.6704
91.3145
251.6442
352.6738
174.4928
62.0428
222.5850
438.1287
95.7445
292.5773
784.6711
502.5418
96.0046
142.0206
163.1939
121.9557
84.5901
403.0110
587.2042
239.7340
696.2328
445.0548
142.9840
251.8425
301.8952
238.2555
466.6206
227.3676
719.1227
651.9140
306.3808
165.1606
315.9956
334.4400
422.2749
412.1118
543.0057
105.5417
242.1457
153.4663
181.5786
365.8189
209.8130
359.9489
567.6106
258.2766
162.5972
250.1246
193.7997
149.5713
397.1463
631.9284
427.0132
149.3176
216.6594
250.1976
588.8072
383.9687
54.8503
92.4995
141.4167
341.8703
350.0945
720.3284
714.3169
624.4248
405.9088
100.4825
87.5916
349.9516
558.6225
125.8054
120.3191
246.9768
415.1538
200.3164
279.8881
199.7831
376.4426
733.1713
926.1524
532.1980
292.2997
507.2545
375.6630
167.6249
76.1277
123.7992
100.9005
58.8679
124.3817
229.7711
426.7054
348.5722
310.4528
696.1874
711.2694
571.8548
138.9924
65.1689
183.6117
409.5335
254.2193
604.7606
683.6666
428.0008
142.4190
164.9006
137.6206
282.9264
524.8613
338.5490
335.7488
469.5106
391.3583
662.5408
537.3050
415.8831
184.8221
233.9584
162.4084
261.0212
227.1925
102.3112
103.9820
167.6321
112.6443
224.3270
569.5845
400.5062
69.0549
127.2113
238.4333
250.7742
273.9086
26.8902
108.2695
198.6951
604.7034
593.0227
526.9443
522.0691
298.5966
585.7533
407.0979
134.7018
280.7251
482.1565
118.3596
397.7944
424.0570
398.2493
111.8037
276.8899
314.4969
341.4061
383.7511
181.9702
340.5206
666.6013
529.8005
447.0519
212.5605
242.1627
129.8092
113.1792
124.8296
327.0014
473.3815
231.0247
340.1556
180.0435
125.8093
168.8480
273.9040
199.6064
111.1757
135.0876
94.6455
104.4654
294.7486
456.6975
162.0141
130.7560
332.1993
204.4007
198.4861
313.9540
31.0759
40.4155
111.1830
168.7392
301.1792
462.5640
383.8112
132.9988
306.2322
599.5407
368.7149
204.5831
234.4241
104.3895
237.1006
576.6909
614.1139
110.4046
126.7904
77.6279
112.6330
123.1754
227.0818
335.2270
463.2343
317.8579
209.1260
110.4284
157.0669
137.7716
262.6138
494.8688
581.8173
578.5595
746.2092
456.1578
32.2195
71.4686
207.3766
443.9508
209.9368
169.7580
218.6099
313.4611
208.6990
277.2859
318.2771
255.2865
98.8382
74.1415
167.8090
319.7029
371.6114
100.3234
190.3874
621.5941
594.4951
353.5306
771.7757
469.0511
317.7435
790.9225
510.2523
58.7126
116.3833
458.7978
875.4997
611.6608
394.5621
116.9105
140.5756
199.1778
160.6085
198.6918
35.7779
102.9265
72.3292
126.2764
155.3446
168.7064
239.8692
292.2844
176.7093
239.5446
188.0322
77.1550
114.1604
220.1420
128.2805
85.6365
85.0732
301.4187
773.7663
672.5907
531.7591
191.9614
511.9989
816.0339
819.9595
780.4528
496.1307
216.1376
251.4527
194.0417
300.7694
156.6088
128.4503
90.1614
310.0468
492.7182
123.3281
139.2162
395.4678
461.6025
87.1716
189.7871
600.1256
621.8292
230.5518
220.7331
322.0303
593.3521
55.0398
79.5571
236.2608
411.5796
505.2727
378.5240
171.5425
37.7809
421.6199
577.9874
308.5695
358.6131
255.0303
444.7632
249.0270
154.0310
95.5423
187.1355
70.1428
67.6166
263.0512
546.3688
166.6297
419.0815
481.4452
469.6511
275.9652
79.5725
199.8901
199.0572
332.3667
180.5518
173.7502
271.3568
222.4832
170.1985
319.9272
514.6036
318.0667
556.1731
73.7790
126.7413
316.0528
396.2781
66.5460
76.8371
86.4016
66.9684
120.3852
121.3395
89.4690
320.8745
823.6616
538.6642
136.0433
136.6160
229.2706
278.5027
61.8709
219.3151
153.6644
234.0930
469.6543
100.4715
150.3900
241.5603
306.1903
555.5876
612.1644
446.1961
322.8102
107.8746
119.3918
343.2111
492.0369
130.0670
81.9230
179.5022
222.0228
159.3485
137.2957
82.1773
138.2437
108.0411
63.5482
164.3895
274.4044
596.1431
502.1947
63.8574
92.4928
61.3109
367.2524
501.7329
104.7944
91.1759
133.8383
147.8673
127.2075
60.2220
221.4685
369.5926
114.3747
223.5486
438.6995
98.7517
128.7816
90.7514
101.0430
398.3298
677.0708
441.8090
546.0946
339.3423
531.1711
147.5811
327.7210
594.0327
383.0315
600.8317
267.9913
317.5896
175.7811
187.8894
618.4149
590.4740
545.6130
228.5465
329.1624
281.1607
704.0333
591.7056
375.9569
577.2246
331.9324
444.4700
189.3463
523.2928
725.1999
581.2125
91.8216
204.9297
452.2770
176.4409
187.4572
263.3135
93.5522
136.8092
203.5874
529.1463
486.4093
396.6329
232.2816
135.0932
77.2964
253.2957
502.2348
75.0937
89.2849
203.3676
383.1668
70.1636
64.7627
204.1327
221.7585
624.3415
481.9199
71.1046
136.1433
181.6826
263.5766
107.2245
60.2874
76.9390
71.9811
65.2672
398.7447
878.3323
579.7387
321.6677
173.9924
170.8086
238.9962
168.8116
185.4602
303.0370
276.0553
364.6128
52.5649
95.0686
400.7727
508.2509
151.0893
147.7356
213.9004
250.2765
418.1800
341.2226
133.3302
97.5444
80.4033
206.1857
210.4710
68.1063
162.7892
105.2605
109.0421
325.1527
426.8337
365.2914
477.3772
434.0728
297.5648
570.8758
352.3089
677.8790
375.6119
148.2112
366.4761
214.6533
53.6688
258.8180
715.1540
425.5208
69.4467
82.3681
57.0570
164.6212
123.1522
291.5245
470.5436
372.4144
203.2887
111.8942
105.2790
150.4692
380.5056
847.9660
537.7951
344.8348
532.1393
146.4390
107.7674
262.8809
620.2893
743.0083
554.4194
331.1556
512.5283
336.4405
495.4110
295.4013
153.9540
273.6632
82.0170
260.5912
380.8894
647.1352
503.5775
222.2110
199.9689
222.6517
109.3415
307.3202
593.8432
241.8395
148.2265
125.4644
220.9222
149.7080
269.1921
633.0487
331.4133
187.4106
142.3557
253.9979
437.8626
447.4874
291.8022
651.9484
517.1025
132.3790
128.0638
451.7891
676.1633
189.2293
90.6514
168.9133
280.5343
210.2753
360.1273
131.3895
176.5427
529.2404
873.7629
488.5669
115.7305
150.2720
343.3442
372.3252
238.1308
448.1753
224.4542
317.5271
217.8634
201.7013
217.2525
286.5684
133.0543
112.2260
185.9320
165.9920
267.7119
210.9681
118.7290
227.2531
81.9772
106.3733
128.2882
359.5650
486.3430
402.1986
533.3940
536.6448
152.8618
65.5377
73.9460
263.1711
509.1759
516.5829
394.7753
157.3904
173.7385
509.0383
555.0841
76.5421
185.7903
279.5792
124.4528
434.5966
774.7279
677.7585
375.7208
266.5992
313.3652
330.8450
200.9882
128.3224
295.6264
395.5260
120.2374
242.6057
858.6640
864.5821
727.2016
452.1309
114.9266
295.7033
225.2115
385.3847
644.0579
450.4784
148.6112
162.0522
169.7967
280.6543
278.8113
290.1464
379.0653
467.2582
457.8090
362.2554
150.9766
355.4202
764.9303
543.2266
176.5133
283.4339
219.4605
439.5121
490.2260
744.1133
626.8187
139.9097
243.6292
648.6852
388.2081
113.7631
203.7589
447.6183
287.1291
183.2054
38.1025
198.0530
452.8539
469.9922
240.3872
147.6935
351.2051
724.7920
673.7326
798.5518
808.8106
897.6325
804.6346
728.0567
431.0690
99.8155
151.0211
183.6651
351.8261
441.4793
519.8069
687.3535
391.0148
226.9409
256.0546
514.7869
468.8468
121.3684
256.1739
271.9068
282.2217
109.7423
222.6120
477.9397
201.5370
299.8898
290.1955
189.9750
135.2856
152.2011
184.6456
451.5294
672.9385
872.6606
580.3102
118.8929
141.5465
283.8766
324.0881
704.0264
590.3387
529.5363
455.2366
251.2296
75.6639
60.1830
167.1243
277.8639
306.5041
647.9708
596.1794
356.9386
360.5315
568.6894
614.1709
483.8973
92.4972
98.7317
125.4535
213.9553
150.9855
269.0014
284.3657
227.4309
375.8716
181.4984
212.4349
93.6604
160.9123
393.8196
352.8152
250.7942
500.8833
249.9205
149.1172
305.6304
561.2618
427.7526
475.1512
104.7947
92.0844
49.9825
90.8885
159.5287
393.6525
377.1546
152.7058
182.3663
123.9689
145.5219
94.5834
78.7550
192.9615
247.5735
505.9073
423.6028
360.0724
151.0771
106.8762
61.5914
253.3892
514.9117
210.9077
515.3354
402.0049
476.4340
446.5959
328.5933
132.7605
262.9844
165.0387
221.4171
129.8115
57.4733
72.4966
447.5164
819.5366
616.2515
379.5575
539.2066
88.8939
146.8622
113.6953
82.3528
321.2106
580.2954
262.8630
163.7567
373.9161
258.7672
84.1268
134.4792
295.2742
417.4945
474.8753
441.0027
231.2396
511.6266
245.1901
238.7194
131.0472
79.5504
135.3100
361.0463
538.6643
104.4046
140.0789
233.4378
190.2630
620.1531
690.3668
242.2997
99.3622
155.4446
288.4045
540.5070
239.9774
57.4251
153.5549
288.6215
125.3566
155.1565
310.1509
515.8182
311.7104
152.3130
377.1302
337.6814
108.0857
144.7013
54.1714
200.8150
425.4935
101.9419
130.5736
272.0593
632.0343
374.1804
206.1806
443.1561
255.8459
557.6623
400.2019
256.7170
501.9679
423.5538
507.2444
89.8934
41.5415
102.1247
52.9200
99.8883
268.1921
498.2579
61.0249
59.4537
112.7758
88.4807
330.4266
846.5572
549.1102
253.7602
470.6497
81.2010
87.6991
79.7150
180.6806
337.0793
814.5462
635.9874
517.0606
657.1438
460.7175
382.5077
395.4511
220.1284
569.5756
556.6160
718.1382
656.9481
369.8464
105.4135
102.3457
175.4363
266.0724
157.6894
334.9177
50.1385
78.0650
118.6268
134.6330
31.3420
120.4403
236.7820
244.4305
459.7248
164.5658
143.2514
445.8242
786.7663
543.7123
188.5281
218.7513
678.4432
562.8206
340.5406
130.6985
218.0870
759.7994
504.5003
73.6794
76.8830
244.9790
331.7285
394.2618
564.4691
468.1536
351.9370
261.6521
406.2659
141.7870
559.2092
539.3552
210.5336
166.4647
62.0605
73.3702
49.6914
38.7684
60.3442
142.2997
69.5405
172.6172
400.7714
288.5762
305.4364
430.7454
123.1213
122.0722
336.1999
502.7266
158.3158
211.3057
219.1155
205.9710
98.5504
321.8072
713.8307
499.1596
283.0335
726.1140
650.8091
272.6430
202.9479
306.1314
364.5380
93.0338
265.7931
508.3653
474.1788
569.5879
202.7603
365.7714
360.7205
294.0095
501.7926
346.3943
550.0323
306.5646
269.3785
44.2049
160.5666
482.5177
264.2221
504.3955
608.3310
351.5728
158.8765
591.0964
683.7088
175.9504
150.8595
405.9901
128.6707
234.8959
390.4087
219.1407
419.8421
174.4512
108.7961
107.0151
111.4862
69.4588
58.7576
91.9460
191.5233
353.9687
218.4642
459.3406
539.5504
135.6479
211.9311
401.0785
830.1047
610.8620
442.2981
149.8177
106.0464
155.5703
136.7108
504.2111
712.4406
406.7839
208.3851
227.0000
106.9587
160.9439
297.7360
173.0839
556.5074
519.5588
355.4182
576.6530
114.2969
93.2925
134.8571
74.5071
214.9310
517.1609
425.4816
427.7218
499.0650
558.5789
843.7560
587.1245
333.3455
835.3432
790.5565
655.0782
517.2841
299.0896
243.6772
130.6278
201.3524
334.1322
177.7079
202.0622
340.9559
213.6254
627.0019
533.1867
72.4307
97.6638
208.2802
487.0262
523.0684
142.0856
251.1326
453.6118
540.0713
40.8964
181.9549
417.4158
352.7157
389.1455
272.7893
240.7296
141.0414
131.8613
186.2367
331.6464
228.8566
184.4692
228.4455
303.6506
788.0268
717.4951
544.4586
271.6313
133.5322
214.8349
435.9633
320.6204
340.0497
567.5079
198.6779
101.8572
91.1388
161.1970
101.6908
159.7437
249.6557
240.6530
295.1880
544.5837
160.2078
171.0507
230.8871
155.1211
157.8219
331.0221
340.5780
72.8662
86.3408
94.3128
136.6749
175.7002
304.1854
132.9406
209.7875
536.9577
442.6962
562.5743
350.9242
475.0918
720.8325
295.5961
89.3663
47.3781
51.3852
74.6751
152.4770
302.1821
191.5056
492.8962
513.6301
424.2767
203.1742
339.4556
562.8437
105.0189
52.6299
200.1260
244.6261
212.3040
225.3979
137.2362
372.7315
441.6724
349.4883
97.3532
226.2140
199.7589
573.7257
866.9779
557.9666
538.0866
837.7027
687.7486
439.6900
132.8984
90.7228
375.7187
580.5762
59.7581
317.7220
389.3716
184.9579
250.4239
218.1827
417.3055
190.8470
194.6615
121.6958
175.1143
294.1469
887.9983
649.8787
442.7567
173.1882
189.5908
334.7513
240.8925
679.3926
834.2990
861.7037
629.1895
559.4247
735.8670
353.7617
205.3233
184.1042
264.9824
159.9051
106.3741
144.8058
438.1361
731.5174
529.8939
179.3913
274.9691
188.2790
263.8906
534.9765
487.8030
637.5694
518.5271
111.5533
99.2480
185.6483
148.5733
433.4486
689.5910
461.5652
346.9636
464.3538
275.2571
340.1435
120.8652
206.7028
348.2067
756.6382
471.8765
335.8128
491.6247
180.0147
209.0809
459.4141
176.7199
99.5253
150.3122
188.9034
331.5821
177.8865
186.8672
411.6586
610.4533
58.2642
156.6466
353.1572
417.7417
43.3137
80.3941
191.2768
222.3512
325.8751
246.2551
310.0918
83.9499
201.8207
755.3612
643.1447
312.4817
135.6819
110.8236
79.8400
328.4597
734.4414
465.6458
190.9294
352.3762
384.9601
74.0661
119.6833
124.7152
363.0305
498.1286
492.1356
552.9830
94.0406
104.6291
163.8832
100.5584
181.7727
363.2647
577.7152
153.7234
62.5188
98.3651
105.6988
211.1254
214.6936
110.7886
367.5390
790.3290
678.1399
221.2129
291.3624
400.6316
460.6943
303.2327
395.5685
268.6929
420.1581
194.4989
386.2083
495.1522
125.8023
185.7031
274.3547
49.0241
113.6647
134.4124
104.4640
103.2388
242.6336
226.8382
475.4869
350.2617
196.6933
254.8427
225.5051
635.5745
553.9320
431.4364
112.0953
198.1592
491.0667
441.8603
484.0104
207.7689
323.7536
231.4358
367.2867
52.8761
245.1995
498.0760
312.5355
551.1035
447.7252
514.2052
472.5284
206.4279
401.4522
66.3892
167.1466
161.4492
196.2015
475.7660
392.5951
464.7280
244.1449
468.7801
685.6820
191.1792
153.0341
258.2802
455.7353
440.4779
779.7100
386.3112
110.7286
199.1650
266.2556
94.1572
227.1836
651.3158
729.6032
626.2603
307.1004
450.5738
112.1616
128.1402
133.5595
139.5012
134.9049
567.3608
513.8287
211.7569
344.6650
299.6336
212.9968
247.8566
278.5499
653.5363
584.1571
776.0121
645.4875
253.9259
173.2242
242.0173
526.3940
375.6815
522.7783
298.0179
449.4465
357.1807
541.7535
168.4884
145.1166
112.0624
308.2256
553.4014
262.5945
155.5354
206.3808
560.4305
708.2262
792.0898
721.4346
471.2089
105.4596
225.9492
388.6511
408.6597
247.8513
437.1631
287.0400
329.4575
30.4840
271.5487
672.6725
720.0908
524.2491
190.1528
487.6583
666.2511
96.6945
153.8584
302.2090
333.1050
519.8232
591.5103
93.6159
325.6190
463.3353
64.3852
171.8796
268.7286
131.7068
395.4901
263.0456
303.1045
617.3259
149.9351
379.5128
543.7489
277.4261
121.1642
192.8784
190.7361
320.1986
742.4537
402.6884
246.2798
182.5070
229.3531
330.2737
684.9233
457.4692
162.4791
437.8393
783.8387
608.5144
216.8869
357.3984
68.8925
66.2765
108.3160
86.9857
66.1475
145.3734
267.7900
332.8284
232.8260
283.7709
552.2198
111.1837
175.0922
118.5880
218.1027
349.5059
160.2676
221.3818
565.7709
519.7998
438.2787
201.1594
270.9586
410.2419
174.5692
90.1941
187.0405
569.5151
325.0123
271.4557
604.3078
763.1594
743.8786
409.8406
155.0247
344.4283
78.3468
183.1276
247.3377
305.7315
256.2486
781.9850
561.2338
69.8750
81.6776
92.1973
276.5658
523.8546
694.9334
490.9366
158.4713
152.4155
453.9260
690.8036
578.4893
166.3306
321.5657
58.2997
118.5559
145.3683
377.7352
428.4522
459.2709
147.7559
136.8167
420.4396
434.9179
82.6460
285.4593
669.3280
436.3358
156.8430
63.1876
374.0300
590.7094
430.1056
315.0006
495.0736
602.2754
486.8615
144.3409
150.2848
307.4995
659.7498
637.3975
750.1486
509.9523
511.5615
760.9906
764.0050
696.0364
559.4294
278.8572
255.4524
558.0070
168.8695
122.9066
186.8781
81.1654
190.7057
225.5976
185.3813
148.3808
124.3089
301.2238
309.6964
142.6137
149.5065
57.8645
53.2134
55.2943
140.0843
380.7099
609.2935
236.6226
339.8285
116.8298
487.0978
599.7018
72.3060
252.3161
531.5320
419.9588
291.9840
589.7513
556.6582
103.3119
580.9727
706.5048
424.4260
254.3099
301.7262
149.1841
311.1852
557.8581
120.5676
145.0508
241.0407
352.7491
206.6017
359.8171
88.4707
209.0125
547.0316
221.1054
342.7928
298.7448
649.0416
564.6077
446.8842
251.0684
598.9042
448.0252
586.5890
265.7850
142.7239
133.6473
283.8655
189.3344
131.7414
88.8520
127.1172
144.1827
198.2289
146.7754
238.4051
546.5416
527.2788
267.4400
598.0157
619.2265
739.8085
236.8973
102.0465
101.3282
174.4078
210.1912
443.5636
113.1358
177.8908
302.4565
122.9890
290.3881
163.7903
73.1875
112.4982
226.7911
222.2026
135.2061
123.9626
196.4670
245.5295
245.1789
483.0748
52.4420
94.3026
218.6316
126.9432
550.5323
651.5113
232.1694
131.2899
413.7654
459.3160
259.9279
389.8469
113.2234
122.1635
273.5635
355.4622
208.8734
301.1940
410.2260
269.3337
425.7882
501.2970
563.1652
412.7009
192.4142
361.4949
495.2319
399.8500
64.3345
66.9318
402.3107
700.3275
644.4936
392.5453
247.8590
590.2335
391.6166
199.3726
204.3472
382.3417
177.0318
438.6769
694.4864
423.5575
225.4588
360.2337
375.4740
461.3217
190.1915
135.7684
115.3036
167.5303
333.2128
225.3551
384.3034
124.9085
168.1719
700.5870
826.9201
536.7379
200.4210
237.5875
279.0019
409.2528
326.9840
834.4310
320.5528
112.1813
342.2349
495.2200
685.1329
539.8439
407.9116
235.2434
323.2509
506.4382
82.6139
330.5860
510.9832
209.9504
260.2999
331.1815
285.4787
318.8758
529.5030
237.1353
522.1125
74.2548
98.4735
145.4536
263.2808
180.1113
159.7427
254.7300
597.0048
403.1530
110.2080
293.8610
763.4099
574.6891
508.8058
780.5645
601.0408
271.6356
78.3604
346.4581
513.1793
259.1838
155.6923
207.5649
85.0823
247.0032
544.6857
262.5891
569.9215
390.1079
188.8031
389.8860
253.0670
557.9316
418.8556
229.5106
84.2484
55.3991
94.7860
202.4345
142.1372
291.5851
423.9461
66.4903
288.3454
398.0240
99.7940
176.0868
182.0964
130.4713
304.3238
406.7126
240.5654
553.4904
584.4120
322.3337
427.2167
598.9657
198.2867
149.2431
283.5754
605.1745
548.6581
357.2677
93.8731
223.8921
278.6154
381.7119
324.2610
356.1103
218.4708
230.8815
476.8745
522.4242
124.3247
425.5243
516.0552
84.1687
216.0494
291.1088
301.0034
372.4194
586.1387
146.1051
187.2593
474.9355
199.7607
95.0445
57.5882
123.3258
172.7183
125.3998
232.4834
634.4948
555.9352
240.3694
610.2776
550.2919
367.9113
529.6304
270.2491
482.4744
99.6803
302.1487
603.1591
106.4951
420.7590
741.6396
439.1906
471.7987
868.1742
621.3877
484.8629
362.2790
479.9356
100.0951
189.7271
414.0474
248.5085
160.9242
129.4828
344.5526
399.4869
171.9181
497.8388
509.4137
191.9215
37.4226
333.7165
746.5163
722.7343
625.6606
252.6980
128.9863
109.6686
193.7090
416.2941
353.7345
452.9421
139.4664
233.8513
244.8411
217.4538
87.0496
222.2086
372.6107
530.4262
241.6346
364.9636
388.6411
505.7951
608.2257
166.5862
258.1779
354.3132
370.0858
607.3151
65.2895
256.4708
373.3630
482.2840
646.4324
303.8885
236.6366
291.0115
91.5292
151.2830
129.5839
77.0700
128.2056
287.1850
73.0330
193.4388
615.9808
674.2537
561.5986
516.7188
568.7146
282.7850
199.2974
320.5594
452.0492
481.0342
118.9285
99.9927
159.5973
230.8515
224.2714
130.0332
343.1299
473.0750
122.5503
337.9798
558.5012
464.3758
213.5048
416.4654
296.9589
150.0992
448.0694
668.7216
597.7415
92.3586
209.2475
404.5199
530.2641
128.3798
163.9623
243.5407
421.3709
727.1453
709.2294
591.2294
307.1784
384.9991
104.8738
180.5399
209.1142
366.1182
313.0849
396.8366
450.0479
454.4084
197.4418
258.7374
318.3173
347.5629
687.4957
505.0698
235.9082
245.9275
333.8721
369.3547
211.4553
351.1309
259.5481
138.0290
258.3178
200.0128
514.4129
805.2337
545.0614
276.9549
127.1077
124.5484
103.8294
162.8381
284.0235
587.7677
644.2318
213.4904
278.0510
679.1923
747.7332
414.0197
605.0176
516.8143
256.8722
213.2022
77.0568
126.7146
146.9306
169.3583
255.9347
487.3172
319.1511
542.4799
442.0486
723.0893
518.6167
294.6561
182.6500
193.7983
452.8035
676.8940
555.0712
449.2007
139.7137
279.5372
325.0563
354.2292
136.7552
344.4559
174.1183
134.3165
252.0973
166.5396
205.2292
290.1416
429.8673
400.8385
140.7109
127.2928
86.0946
82.4553
325.5289
314.7889
137.9625
399.6683
561.8735
197.0937
188.6453
184.0098
264.7973
205.9164
69.5312
232.0910
284.6255
125.8959
148.6235
150.1756
110.4852
139.0966
266.9824
553.7871
393.3089
154.8944
414.9232
383.1675
681.4536
580.7245
366.3795
882.4240
689.6862
468.0051
246.5886
397.9835
249.2937
261.2979
695.8061
654.4025
702.4848
518.8930
501.5457
503.6063
441.0048
772.4209
579.5160
319.7143
62.5177
209.1042
465.6256
329.1263
415.0223
461.9323
94.0740
449.3198
613.8432
443.4824
429.5908
575.6904
552.2175
126.9484
585.5780
657.0909
274.2891
305.1992
361.2302
215.1557
224.4643
558.3504
733.6464
596.5695
385.8318
680.3325
468.2997
217.5013
123.7833
243.9719
581.5182
320.3629
378.6548
659.4637
656.7153
814.9218
781.9619
618.0336
212.3436
197.7044
145.0715
235.0283
435.8235
274.1322
279.9560
256.3091
440.0919
47.2388
244.0001
578.1887
460.8117
476.4249
172.2942
361.4389
247.7779
231.0253
141.6150
347.4311
309.2995
107.5822
263.8292
510.6703
223.4100
115.9467
66.7210
190.1088
209.9992
81.0497
112.3821
333.6654
265.5141
74.4140
219.8232
295.2134
251.3222
466.0862
175.9288
75.6050
94.5376
210.2315
839.0786
619.6728
340.8293
557.3003
218.1650
442.3665
528.5039
393.3162
221.2784
340.2402
746.0204
595.0045
420.1303
593.9605
321.7491
324.2346
134.5750
225.7334
67.0657
152.4848
338.5164
540.8583
136.8641
414.6568
569.0591
99.3037
415.2099
469.3039
112.0099
222.6576
149.6088
452.8319
352.2392
282.5524
373.0632
137.6086
235.6798
265.0566
170.6915
75.5161
143.4528
325.1170
533.0551
651.2453
608.8611
376.8247
351.1744
406.3456
487.0335
212.4589
292.8574
56.7278
115.1409
138.5391
132.8919
153.6756
290.2131
388.7457
480.5722
51.0677
331.5671
799.2422
616.1270
288.4476
537.1323
481.5936
360.2179
162.2339
373.8009
105.3398
374.0977
585.7653
309.4110
354.6400
80.7743
166.1749
290.9953
910.3805
788.4330
411.4667
132.9820
259.5613
427.2061
395.0343
172.2372
274.1083
124.3528
176.2416
259.2652
143.4342
91.3936
93.8083
68.1035
73.0043
309.5182
650.1463
677.0339
684.7962
796.1509
614.4366
360.5871
244.5629
392.2902
238.4207
177.2743
210.9807
381.0031
402.3921
293.0831
194.8153
301.4530
404.9070
230.6019
441.5053
416.9951
135.9975
64.3885
188.9021
122.1941
185.6027
322.6348
147.7259
85.2635
177.1308
331.5568
125.7393
58.6440
106.2603
210.2866
208.0084
136.2423
125.4743
221.4937
322.0615
362.8715
598.8509
95.1289
138.1993
148.1220
127.0259
187.3335
491.5508
402.5790
589.1580
570.1906
594.4014
595.8845
192.3152
298.5429
293.2209
116.2735
208.0848
325.6312
533.3066
402.4813
227.1057
412.8854
418.5982
288.5345
414.4327
731.6307
748.2254
630.6196
541.2266
405.7576
678.6990
242.1254
606.3913
674.2605
699.2169
592.3418
247.7495
750.2280
689.5459
743.4563
529.1429
131.7807
236.3242
495.2094
257.2326
313.0826
336.2833
478.3041
146.3659
290.7391
202.3715
98.9438
316.2567
718.2141
439.4968
84.0328
216.2118
340.1453
97.7811
185.5555
192.4078
170.7401
317.0662
512.1508
331.4347
451.6562
72.9724
202.0116
202.7365
294.8024
121.3913
137.2997
327.2713
307.2130
173.9112
612.9183
358.3539
154.9004
29.5438
224.4161
706.5690
784.0907
438.7071
277.7460
317.2597
134.9747
202.4621
42.0990
80.8722
128.8819
221.5054
259.6228
179.3192
39.7298
136.1454
554.7861
777.3640
448.1426
180.6975
107.7877
70.1863
137.6615
275.8034
295.3146
262.3593
235.7743
93.9394
498.5626
801.1816
772.5434
463.0617
284.2010
489.7792
240.2312
580.9512
544.0641
228.9739
217.4349
211.1631
482.6595
602.0145
511.3236
272.5872
235.0553
277.8805
541.8388
229.0467
680.8845
867.1882
634.3456
372.8447
369.4646
337.4728
485.0251
80.6856
92.9443
245.9147
524.0323
139.1077
257.6678
157.4307
247.0492
124.3647
305.7608
686.8518
449.3727
214.1397
562.3075
518.0420
719.5449
481.7492
222.9751
339.2261
368.9442
709.6477
615.2050
472.3146
236.5485
185.2367
300.3350
400.6808
82.0613
128.4291
117.8067
292.8136
469.6791
275.7869
407.0320
678.2742
245.3076
173.9683
306.5778
168.9917
435.5943
772.5552
546.5330
239.0160
264.0694
67.3621
252.7821
475.9815
86.6004
179.2205
483.0024
131.3154
111.9900
178.7732
57.2986
88.2592
258.2968
105.3431
95.2037
52.1136
127.2966
272.4129
428.0003
509.7705
341.7375
74.7596
358.3045
605.4935
314.8907
770.9366
555.3971
215.7173
701.5230
800.9357
571.6315
335.6087
308.9331
212.6766
168.9807
330.5986
769.9706
784.7406
621.0311
629.3337
730.0998
524.9523
163.3511
408.2710
721.6329
337.5371
85.1713
234.0411
380.6588
358.1575
707.3249
636.4662
186.0611
283.3479
438.7493
241.5238
614.5124
604.6907
93.9649
105.1286
339.6431
254.4549
560.5103
574.6579
276.0255
159.7046
258.5816
526.6042
558.2631
248.5425
431.3271
539.4854
382.8535
116.3456
89.7561
103.3428
273.7251
840.3334
549.6623
72.4981
122.2761
309.0919
369.6086
209.8456
377.1604
107.2898
312.1465
494.5400
319.4561
118.4173
307.0220
729.7100
888.5026
509.4651
160.6731
219.1447
96.2645
300.7745
509.3393
110.3638
184.7179
366.6189
330.0883
522.8233
544.9013
189.1867
81.3379
353.3795
639.5586
439.1975
109.5353
143.3227
616.6864
507.8926
152.2908
550.7575
503.1483
308.2212
364.6902
92.6123
152.9023
167.3416
423.8963
418.6193
197.7160
493.6279
439.5915
340.8418
79.1629
40.3392
322.5900
720.1285
415.7858
421.5439
707.5841
682.9193
502.3012
275.6196
400.4669
435.8052
665.0853
838.9481
718.7208
642.1032
276.9436
381.4539
369.3272
381.4312
749.9050
584.2161
139.5232
134.3898
252.8090
422.4781
606.3372
485.1870
119.3826
163.2503
220.4101
193.2185
415.5318
490.2523
170.1099
314.4593
137.3771
146.4668
251.3243
177.4128
83.3404
386.1035
515.6121
174.3527
559.0830
415.6590
108.8365
234.7185
544.9770
125.8368
326.9908
434.4306
57.3589
98.0081
165.9797
123.8243
584.8594
670.4014
679.0180
496.9369
417.0460
412.6665
555.5969
455.4747
752.1394
725.4159
466.7856
724.5713
594.2198
641.1975
482.2692
140.8375
494.7138
325.0071
55.9157
203.0198
229.7881
141.5856
284.5392
724.5095
515.0823
316.5601
470.2000
435.4982
512.4533
360.0280
535.7616
71.5594
71.1416
151.9299
195.5769
291.0324
98.2276
277.6167
550.4401
526.8023
236.4435
419.0012
65.7514
131.0580
217.7133
448.9431
721.5886
459.9025
417.1740
982.5118
698.1184
442.7296
495.0539
64.1503
36.0981
111.5674
297.9118
427.0389
416.8911
123.0563
276.9145
131.9044
121.5765
369.8530
657.6556
650.5117
509.4825
121.0010
205.9197
334.1847
185.4348
383.0001
569.3769
785.5002
558.2344
198.8679
201.0149
420.6478
608.1800
558.1610
104.9456
335.1402
349.8173
314.9880
231.5194
322.9989
398.8519
311.3268
580.9211
230.9766
302.9541
110.7162
80.0469
205.9121
371.7118
490.3943
875.1906
638.9505
146.8867
293.7142
241.0737
539.3258
939.3122
802.7376
589.6037
331.9706
520.1965
733.0028
474.7246
321.7440
522.4028
632.3350
311.0549
397.4055
365.2165
431.8011
353.2760
473.9792
132.3608
208.3842
422.4383
633.9582
179.9285
231.4440
336.4739
116.8593
185.2043
244.0716
108.2581
169.8616
154.1078
366.6392
667.9799
814.2673
703.1415
303.5253
392.9413
269.8186
75.7452
440.0117
598.6208
381.6391
662.2376
420.5102
147.2453
249.4739
557.0133
200.7360
467.0349
258.5807
237.7191
188.3704
212.7515
167.1169
193.3893
244.2028
489.6745
249.7684
197.2348
142.0056
360.2973
181.6447
155.8496
283.0201
722.7802
810.3257
1039.9386
689.7287
274.7649
166.9774
355.4649
458.2963
495.3553
491.0422
548.0344
523.1665
573.0851
239.9522
312.9513
552.7919
262.2480
121.8424
270.6210
670.7125
614.9165
601.2667
586.6980
751.9070
574.8668
120.4999
212.5983
548.5756
300.2231
116.7566
98.6674
49.6254
95.3159
299.8492
127.3169
132.5628
68.9174
214.7406
384.2708
105.5173
107.3970
387.2682
306.6880
479.3469
475.9492
319.3965
409.8517
607.1817
504.8346
130.9754
198.1037
60.4278
91.5385
360.2997
584.2047
519.1780
521.0201
334.4106
120.9027
390.9195
587.0303
116.1503
294.7490
219.9516
706.4483
733.3380
601.6466
791.3134
546.0544
216.8464
410.4614
702.2912
345.9148
93.0685
51.5244
176.5930
425.1075
442.3896
70.8371
360.1235
684.9056
443.0526
351.6293
164.3919
130.4253
114.3624
104.6615
90.9832
209.8034
310.3301
728.3995
494.5972
90.3143
93.5211
177.6319
265.0492
130.6963
303.3577
509.7152
299.3778
125.4988
189.4889
258.4034
341.4266
123.0665
134.0652
186.4206
402.6713
679.6183
340.5519
104.8387
174.2374
311.9290
790.6237
706.7569
342.1183
314.1424
310.5022
131.5610
337.7045
311.7846
463.6879
197.1982
324.8202
502.9577
69.3705
85.1671
304.0298
745.4893
534.3810
169.2203
243.6677
338.6320
824.2440
747.6769
424.4647
318.0129
452.7781
226.3912
503.8434
517.4544
390.9588
218.2484
360.0309
127.3939
170.5689
100.5024
157.3896
103.8521
114.7587
168.3238
100.6926
522.8916
540.9664
68.4164
219.5564
294.5191
153.3584
291.7487
381.8798
105.9303
245.2553
316.7595
473.3947
324.8867
881.8722
811.1781
605.9009
178.1350
144.4415
496.6427
693.1087
495.7349
134.7869
363.2884
413.7670
214.6130
259.3360
289.7810
618.9163
683.9948
479.3631
122.9757
87.1505
306.7676
545.2914
147.8862
185.7209
246.1777
406.3414
104.1253
151.9078
180.5679
488.4655
446.9200
174.9443
520.2219
647.8604
678.3100
540.8821
142.1883
241.6100
78.0567
70.3916
120.3005
300.9822
505.9987
181.0300
100.5741
138.6343
105.7753
92.9928
138.9690
186.8308
210.2371
121.0816
165.2418
389.6691
122.0687
190.7683
246.8061
251.6270
456.4017
109.8099
171.4771
156.9000
77.5491
356.0354
568.5607
178.7519
67.3412
115.3441
274.5023
192.4625
90.1410
103.4849
133.0019
105.3365
118.6010
306.4354
445.0544
157.5169
368.7603
468.8548
63.1294
185.5929
352.0810
150.3311
472.2217
646.4499
289.8614
137.3739
362.2391
270.4625
489.9872
341.2065
313.8561
506.3007
560.9749
140.2123
202.5519
447.7032
425.3873
543.6030
110.0804
259.0647
254.6680
462.2390
359.0816
454.3128
322.9035
151.2188
112.3611
138.2218
222.4257
514.5090
271.4507
163.6010
138.9733
300.3290
250.2373
190.9477
310.1287
330.7547
147.7124
313.2681
304.9927
185.2991
109.7374
129.1903
175.7137
199.9276
392.6279
557.3444
232.5114
931.1966
830.2527
559.1285
253.0753
275.9428
261.3445
286.9206
430.7972
306.5964
758.9718
758.4188
542.0318
305.0841
512.5476
468.7081
247.1267
375.3154
104.7356
402.5126
583.5859
470.3070
780.5964
687.1453
305.6306
175.2123
229.6035
368.1694
699.6158
606.5665
404.0326
340.2238
212.5254
133.7383
58.6127
62.7202
109.2189
81.7162
102.8465
118.9160
167.0859
287.0584
126.7086
127.6639
126.9482
322.0134
567.8868
256.6271
569.0672
279.0486
159.1388
369.0034
469.6227
504.8748
232.6932
477.0520
812.3484
567.4262
480.0255
719.4017
827.8501
1071.1027
1004.8640
665.1607
312.3349
224.9389
227.2586
581.5823
516.2437
239.6213
398.3350
243.0079
101.9813
275.0305
469.1242
789.6210
866.4759
812.6238
762.9834
478.8959
365.2854
593.3805
621.4225
744.4472
637.2833
298.7154
344.0830
855.9078
864.9565
576.3557
457.3359
317.2507
75.0794
297.2296
441.0879
143.1950
246.6287
192.2186
171.8224
469.9198
616.0789
230.4250
189.6136
238.5893
433.1265
120.0372
148.0569
443.7122
542.9268
174.6343
120.4071
87.2621
260.1581
644.8352
486.6484
153.8776
177.5905
247.8965
768.3532
744.7211
555.6146
190.0986
185.8754
555.4804
701.7604
415.1087
200.7207
212.3763
656.6779
584.2880
199.1656
287.3000
727.6321
423.0685
129.7004
268.9779
273.2019
256.3162
225.5682
316.8760
618.7564
606.0284
510.7286
183.4657
489.4167
557.2569
257.5588
306.3080
307.6786
474.8647
264.2448
372.3721
59.5214
264.3164
533.3625
346.0556
666.1545
114.9008
172.1549
231.0309
357.0674
345.0401
54.4324
126.7688
207.5584
110.2061
323.1895
570.9698
168.8996
330.5897
390.9884
478.6006
368.7489
415.6798
343.6606
189.8207
360.7310
721.5176
670.7490
349.1837
202.2006
544.0575
645.3725
686.2509
625.2297
419.7207
571.3235
176.9428
299.1798
468.9694
143.4065
160.9761
182.3133
141.6343
198.9477
136.3393
230.3021
790.5058
608.1176
76.9894
73.9842
139.6494
329.8533
74.5693
166.6358
327.3969
503.9343
122.0649
250.2185
130.6367
191.2712
437.1856
144.7015
133.1164
214.8474
370.4246
154.6156
193.9560
119.0619
154.0205
192.2601
293.6210
162.4060
303.0652
719.7837
519.4383
101.8032
365.6460
784.4706
571.4861
445.7954
242.9844
173.3125
135.9587
186.1111
189.1308
528.2048
749.8350
656.4300
599.6372
246.6210
238.9985
457.6091
191.2750
363.9503
843.6672
592.5452
532.1589
597.9409
484.8596
851.4203
497.3070
164.9224
154.8391
168.1471
347.5613
494.3980
845.9589
432.0372
259.8754
144.7200
87.6796
66.3575
130.8573
228.8698
106.5722
307.3781
645.8187
253.1338
89.6379
333.1633
308.8304
343.5542
322.6026
187.4759
356.7612
131.3264
101.9363
540.7529
580.4740
601.9956
717.9371
441.9722
521.6128
612.4408
322.3258
712.7307
725.2307
662.2215
540.9265
184.8697
236.7311
663.0255
706.9541
815.8114
802.4292
424.6137
116.2765
301.8311
767.7256
656.1083
371.2885
655.6732
324.6236
819.0124
506.1024
441.1078
873.5295
500.2878
445.4269
591.6124
149.2026
226.3158
106.9770
261.1712
345.3105
115.5045
56.8101
72.3436
148.6637
283.0144
707.4733
477.6179
114.1149
153.9030
430.0753
842.5738
678.2406
258.0133
35.0070
274.0905
605.1611
382.9625
176.4683
70.4118
91.0453
147.5433
176.9957
519.5756
752.4359
474.3199
159.8731
191.3230
122.4998
168.5011
113.3390
314.8691
193.5442
283.9482
200.3982
126.6665
343.8964
749.1558
710.4794
547.9183
815.9223
549.5103
33.7430
148.2576
186.2266
211.7496
341.7539
50.1137
85.0217
191.5868
383.9912
696.3429
474.1008
220.9865
485.9331
179.3298
183.6020
154.8201
110.6241
147.7367
84.1124
64.3089
157.7538
338.5855
389.3489
213.2177
152.1417
281.3088
349.3619
81.3815
108.7252
87.0548
305.5257
609.2302
471.0035
202.9999
434.4662
90.5044
219.2338
412.6847
383.7577
535.7701
310.3316
375.4738
137.7418
390.7926
187.9216
324.2625
943.9932
549.7022
75.0304
61.1964
125.7905
149.5300
218.8026
749.6154
604.3062
329.7904
718.6003
561.2079
119.0412
96.7109
107.4647
295.1636
319.2726
156.4882
270.6914
450.2248
632.2050
57.5522
93.2818
496.8069
657.6304
389.6809
357.0889
508.7528
21.6362
111.3596
265.6031
469.6204
623.7923
324.7849
398.3353
232.9221
429.3627
148.1934
568.2264
767.0525
863.6248
679.8437
334.7154
109.2964
316.1987
322.4218
237.1450
214.7089
375.5002
705.6019
724.5577
560.3114
468.9515
269.0373
68.6680
86.0611
179.7314
261.4888
180.0519
126.6491
151.7518
431.2231
461.6911
416.9098
338.0373
392.1802
479.2017
234.1955
360.2517
226.5281
588.3386
478.6345
93.9987
157.0581
149.6082
172.7052
326.2654
422.2011
268.4769
176.4325
146.4228
273.3512
696.6958
567.9695
388.2592
389.6221
347.0111
474.5307
265.1253
487.5593
256.7874
611.3742
476.5628
892.7944
902.6718
691.0509
373.8460
227.2661
267.9655
96.6924
332.3341
493.0149
80.8194
472.6530
584.6405
449.3884
943.3455
549.2980
135.9054
185.3122
394.4439
389.4398
231.2097
622.0455
814.1684
709.1780
368.2147
206.9165
129.9497
179.0752
134.1421
133.5997
135.3637
232.8581
160.7507
221.8759
375.8835
66.1451
117.0507
76.1165
337.2395
662.8880
465.6518
576.7127
138.0592
91.6239
572.9765
695.7571
410.1800
606.9460
196.4825
484.3804
481.1014
222.4552
364.9452
584.0729
130.5906
226.5187
350.9816
280.5985
778.4765
843.2494
693.1383
627.2540
853.7696
851.1649
955.2343
829.1722
690.8655
537.2051
368.6352
803.5555
626.5671
745.1974
709.1284
696.6743
519.2706
258.1631
572.2525
340.2104
99.6231
136.9817
217.9974
327.7196
591.9027
360.2720
191.1557
340.5259
598.4046
105.6223
142.5234
343.3020
244.1134
56.7388
246.7368
562.8043
531.2191
191.1741
203.2514
501.5567
610.8127
123.0602
49.6113
162.2825
208.4109
242.3547
161.8046
461.7989
416.8376
95.6641
328.3607
459.2207
97.1254
97.4453
261.5503
480.2883
151.2261
120.6698
222.4865
176.9251
459.1730
157.7442
97.1318
247.4909
317.2542
65.4659
92.4666
202.6441
121.1776
50.4018
78.6886
153.1983
361.0246
611.6738
470.9055
583.5751
310.5942
281.3060
124.5309
139.2527
301.8434
526.0018
519.1417
109.9285
273.2249
406.3354
74.3055
151.7019
696.9660
915.8579
547.7490
362.3431
329.2357
156.9828
189.5629
392.0907
700.9976
885.4321
801.4079
512.1599
247.8420
403.4513
209.8357
309.8193
249.7262
103.6592
198.3006
125.1680
116.8119
249.3506
199.6124
473.6090
363.5358
56.2095
101.0146
105.5644
252.0951
383.4555
102.3189
115.5444
224.0492
661.2449
819.3301
680.0121
599.8692
279.4525
363.9479
89.3895
340.9761
565.7104
230.5588
445.0117
828.1909
525.1947
116.8797
114.2311
292.9719
380.1445
114.2082
176.8742
341.5479
138.0081
212.9146
674.6341
846.8730
660.7689
443.4052
263.4718
185.6752
328.7726
68.1771
215.0717
266.7982
279.8775
415.8191
136.1392
271.3583
578.3474
322.5082
904.5345
945.4094
698.7925
280.2168
154.9040
280.7510
835.5208
771.9168
577.0946
159.2226
684.3133
831.2535
592.9411
202.2108
239.5815
278.4360
421.7928
112.0232
220.5191
509.6430
167.6777
276.2394
463.7936
122.7336
123.6813
229.3137
163.1267
213.3927
620.4256
1087.5293
773.0629
401.9262
66.5108
275.2057
663.9920
616.1364
420.1513
580.2564
286.4064
557.8712
364.0891
301.8649
411.9533
299.8935
985.2632
669.0607
177.9658
93.0949
329.5453
577.2606
182.2073
247.3229
302.9492
382.8101
202.4646
236.5761
77.7062
111.7172
424.8603
501.9298
401.3906
502.5660
857.7016
786.9212
511.9342
286.7911
658.0967
686.9006
685.4713
842.3600
708.6072
392.2780
35.4364
68.1251
260.2042
223.7309
202.8535
163.8453
368.0447
388.4942
936.0663
602.2793
65.7032
425.4946
946.1033
884.0470
586.2355
236.7126
198.9016
371.0066
253.5789
150.2027
103.3937
454.1877
878.1079
769.3117
984.7904
646.3878
140.4828
204.9882
88.9477
155.6751
250.1382
469.4059
139.2368
238.8217
467.3136
680.7878
418.6060
94.9114
109.9281
360.3491
915.9713
542.7942
261.4796
299.9885
327.6428
521.2037
233.4303
514.2243
652.1287
910.9002
794.1615
670.0849
692.4389
414.3943
542.4204
627.3226
636.3808
515.1796
258.9541
445.0692
646.7027
555.0603
487.1549
285.5528
179.5762
271.8912
556.6216
204.7854
158.9547
83.1830
261.2177
388.9695
170.4475
458.9796
810.7322
507.8845
110.2201
132.1819
245.1228
402.2720
92.5061
67.1948
139.1627
315.0712
440.7137
458.1123
138.8350
105.7151
330.6779
431.2775
32.6713
97.4395
219.1784
511.9660
386.6394
253.2959
252.9826
199.8679
200.5172
210.4211
391.8728
560.2719
270.7961
317.3388
465.9273
274.5381
151.7107
352.6777
461.5610
335.2649
185.4711
292.6057
458.2974
347.4484
498.9887
179.9938
75.5261
139.1969
397.1516
650.0551
492.2639
475.6337
117.0892
349.7742
787.0664
801.5840
682.6837
339.0909
113.1470
79.3969
91.9693
277.4457
518.1218
221.3658
46.5586
130.6515
242.7259
249.4117
511.6912
264.8493
88.4703
95.4974
56.7337
63.9162
294.5931
931.5474
745.8919
576.7300
480.3296
223.7924
421.4181
887.8652
694.4734
481.2384
242.7558
138.9784
311.9833
526.0551
88.5965
172.8228
177.0233
341.1311
516.5891
313.1323
559.0404
572.2672
440.8744
642.2225
604.5088
439.6966
463.5175
486.3556
109.7509
156.4894
294.0803
289.0139
290.6792
651.0938
584.8585
333.2742
262.8411
278.4907
382.9989
210.8461
265.9531
234.8689
257.7556
136.5933
224.0756
561.2931
396.2795
225.6735
167.5144
476.6349
920.3107
784.0739
556.7208
299.4575
325.2800
468.0250
204.7866
489.8653
111.8409
380.6427
626.0447
463.5642
325.3010
531.8208
259.0784
220.2407
150.3829
119.7707
122.2481
307.2814
530.2934
532.1296
258.9495
289.0546
342.6640
404.9086
190.6551
183.7958
123.5699
194.9349
149.3954
180.9437
311.8394
492.0863
285.7782
794.2017
630.0759
170.0417
187.7970
149.9222
383.1843
397.1862
403.2482
395.1891
197.3345
135.9529
133.1298
340.6893
475.9952
652.4524
653.8928
821.3434
714.7835
573.6147
403.2243
864.5222
570.0839
66.8778
191.2605
388.1852
639.8758
588.8349
277.1247
167.8667
451.8972
883.4637
591.2550
192.5699
106.4687
359.0189
389.4565
107.1723
201.2987
474.6928
605.2050
284.9135
348.3407
132.8130
415.6581
876.0484
731.7466
290.9809
37.9045
142.8832
156.6828
258.0973
659.9320
790.8881
648.4200
243.2341
360.4721
644.8018
676.6598
404.9436
314.0730
667.0416
350.3322
152.7746
474.7649
497.9957
279.9605
137.8413
282.9052
174.3776
240.9092
564.9431
362.8608
228.7028
150.1489
312.2960
488.0662
329.0802
857.8466
622.7211
333.2826
386.4938
741.1264
904.6718
762.7555
489.4174
61.1516
127.0631
172.4460
100.0365
293.6701
692.7504
751.9129
776.4444
691.3799
591.1531
1098.3705
1024.0844
854.6456
628.4225
433.0593
622.3549
357.9337
417.2449
342.3984
579.5898
433.2591
450.3243
770.2497
461.6861
284.8419
493.3610
250.0981
548.5955
166.1329
348.8342
668.2632
563.6020
204.2530
71.6616
95.7794
143.0894
64.5345
218.8108
355.2698
346.5619
825.3244
668.5711
456.4384
256.2447
432.3331
336.6786
864.9371
609.0522
264.6596
472.7634
206.2713
251.1119
231.6409
238.2302
497.9812
184.4521
146.0614
297.2005
462.5147
365.3199
271.0009
119.4434
295.7934
483.6157
108.0662
347.6577
599.6943
243.8745
707.5670
890.9858
501.8472
144.8209
101.7802
164.7467
103.1207
102.8243
148.4540
73.5658
106.0939
341.2620
563.7967
467.6285
318.8163
450.4094
397.2016
447.1277
97.3002
219.2620
408.1408
259.1109
440.6947
231.5420
213.6711
350.3772
394.0631
528.2628
216.1344
64.6810
88.3726
313.6947
524.7217
124.8982
245.7403
503.1740
277.2298
31.3058
127.6686
296.6025
203.1435
368.9048
774.2773
509.8117
331.0695
717.2943
674.0213
340.7840
563.4385
76.0845
184.1796
370.7525
607.9114
595.0585
336.5437
302.6653
601.6718
574.2930
369.8594
339.2605
189.1384
231.9153
398.7004
247.1062
86.1748
137.6762
343.5603
227.4828
394.9171
763.0951
505.9272
111.1281
384.8893
876.6260
728.9022
417.9702
371.6630
158.0146
194.5643
53.7362
145.4688
301.8590
555.8664
329.4931
328.6562
689.2296
241.0030
95.4607
393.7951
875.9767
712.5799
463.0938
64.5180
99.5108
277.1506
482.8125
349.0302
466.8752
148.7349
192.6478
129.0599
54.6546
66.6229
52.5690
109.2071
143.6285
185.9277
262.6856
386.8292
669.7534
833.7613
1077.2245
852.2817
830.8548
818.5327
486.5911
321.4715
517.5596
191.7158
320.1222
649.4875
444.8100
181.3806
174.6232
52.5773
93.6631
109.0295
101.3433
219.7760
226.6489
107.9911
203.5264
322.1955
151.4117
476.5345
156.4483
479.4899
959.0110
825.4345
405.6266
185.4660
527.0558
497.4882
155.1310
213.5258
489.9331
650.1808
328.1028
230.1913
416.5717
679.7730
559.1656
199.7820
544.1310
615.2808
433.8664
820.8427
775.9765
514.6607
334.0291
588.4419
164.2094
384.4104
697.5524
468.3083
122.0509
510.2603
790.8143
892.6269
729.1569
550.7801
384.9561
436.3817
287.6445
275.1529
422.9656
320.6639
586.3210
485.8652
607.8060
858.4354
526.0803
200.4824
185.1701
237.0117
136.8506
234.5698
461.1497
39.7378
354.6551
763.8398
217.1502
158.6030
226.3198
189.9193
296.3660
424.1551
267.0700
337.5268
164.9620
337.7410
121.9428
359.6239
431.6686
144.0891
235.7326
647.0997
714.7666
566.1683
425.5198
465.7659
105.6711
230.0807
368.8101
113.9792
71.0959
315.3410
510.6073
165.1213
156.1944
182.7344
163.8114
79.2855
195.0481
585.6801
437.8111
91.0429
165.0204
162.3473
121.5758
485.4747
705.8948
424.1208
390.5042
760.8068
451.0399
336.0987
502.2191
126.0593
181.8095
242.7968
86.4025
177.6650
398.8377
825.0370
504.6071
260.2137
207.2620
120.2906
32.6609
432.5226
731.1173
244.9212
178.5104
294.5891
285.0023
216.2112
80.8791
285.4284
561.5246
440.6909
399.9730
821.1714
622.8554
445.9695
194.3614
205.9336
93.3084
75.6116
106.8617
135.2354
75.8246
64.1418
293.0174
760.0394
732.6499
675.6700
846.6342
911.4150
619.5517
108.9551
95.1984
186.0233
283.5728
313.4951
138.0832
506.8029
914.5527
932.9381
655.9767
457.5112
531.8679
608.0114
879.6104
666.3935
678.5380
648.9946
929.7844
621.1361
380.1320
418.1298
297.6730
362.5146
842.0722
747.8691
439.6393
392.0313
555.8203
201.2140
540.2790
898.3067
852.3817
313.7708
460.9078
697.4573
174.2962
65.3680
238.7259
372.4410
617.4240
930.1737
877.4513
481.3878
353.3244
566.9192
184.1124
174.9628
229.1482
326.0567
839.9985
979.4596
795.3495
482.3179
138.2185
277.4908
358.8818
818.0826
629.4983
455.4377
740.1138
623.4220
377.4666
179.4072
314.4965
271.4125
233.3459
351.5272
178.7512
133.7088
326.6296
280.6081
186.6899
110.1648
86.6214
446.0657
655.8187
708.0226
321.0776
182.6436
513.1005
819.9957
924.4714
596.6717
162.2052
57.5921
96.0314
336.9582
284.6943
272.7191
511.3198
589.5940
515.7716
236.4181
135.5320
71.4065
103.0940
174.8608
465.1049
399.3717
707.6649
1158.7302
808.5303
672.6467
667.6339
548.5620
144.5313
160.7158
406.9292
408.9493
348.3530
274.0768
198.5685
426.2695
413.9867
331.8391
595.4508
721.6885
482.7105
611.6982
706.2401
327.0768
460.1966
262.9104
271.6645
376.7878
177.8945
237.7157
107.3205
172.7424
227.2875
566.1204
483.3229
266.5609
519.7035
243.2676
349.6978
550.3146
28.7355
95.4881
100.5058
230.4133
416.2575
206.2721
810.1928
890.5560
726.1626
749.5168
841.4741
613.8857
309.9065
465.5370
1038.9937
1027.5812
1005.5370
958.3259
725.1015
482.8413
389.7998
332.2769
528.9473
117.8420
246.6340
234.3447
102.2908
172.0466
439.6557
471.2573
197.3095
261.0984
280.5873
487.2541
368.8720
63.8169
148.8810
206.1930
285.8104
189.3405
325.0450
384.4711
561.4581
348.5688
332.3734
410.5122
103.5880
365.7685
444.3944
184.6428
342.7459
462.0684
912.6048
792.8881
295.1022
235.4404
111.2653
392.2634
764.5735
481.9453
248.3000
400.6185
101.5788
167.3105
139.7583
440.4776
537.8337
433.5104
437.6159
399.8983
855.8793
663.0020
554.9507
502.5082
483.4128
840.9805
747.5183
593.9976
136.9335
279.6491
500.0061
52.9609
101.1827
334.5433
588.9076
244.7345
391.6955
261.3787
54.7405
234.0447
477.3832
145.0794
246.1697
434.3918
336.3320
289.3758
352.4268
526.8647
197.5879
157.9614
166.2326
63.4411
100.4066
85.4840
287.8112
505.1901
82.8109
481.5833
743.4273
522.9824
555.4992
400.8355
359.9014
499.2998
126.8404
333.8320
185.8309
288.8401
364.1861
292.3497
488.7882
209.5489
72.1797
139.2671
402.5310
465.7208
240.9132
370.9062
839.0499
528.1955
185.6827
648.6713
790.2809
712.6043
419.3540
172.2111
201.2795
147.1374
207.6025
184.4817
482.7701
579.3142
100.0165
406.2674
807.0231
658.6176
198.0326
275.3312
314.5818
337.4170
266.2085
266.7201
76.4693
110.3547
171.8082
409.4373
798.3739
667.6386
785.4753
726.6148
811.8671
993.9244
673.3751
315.4233
288.5052
108.2303
127.9063
138.9334
540.1975
538.3294
204.3185
292.5445
318.2346
362.6890
465.2685
695.2202
299.5817
357.0496
486.9175
244.0099
285.3153
277.7796
116.4519
233.6081
264.0120
401.4608
563.5905
68.1828
107.2718
490.8528
862.8931
944.1600
712.5696
340.8424
130.3218
109.9150
277.3679
633.5251
447.6168
127.6722
398.7168
878.5793
694.8910
685.9143
896.4859
698.3519
454.1916
372.8854
797.0020
558.8644
369.9047
250.1347
845.0637
646.9102
276.5279
409.0517
524.4088
272.3845
144.9109
380.8204
818.4334
675.9750
715.2215
666.2672
459.9947
138.6109
194.5105
431.9766
793.3831
705.7134
737.8738
597.0769
327.5943
166.1283
115.4831
87.3258
200.7859
604.4018
860.8228
727.8382
734.7788
794.4331
752.4772
470.5278
182.9047
402.2849
357.2198
324.3506
857.5922
727.5844
614.1621
288.9780
204.7920
288.0041
220.0110
628.4888
552.8692
153.1336
322.5882
667.1422
407.5957
163.4210
367.0628
285.1226
464.1149
64.8791
93.0743
301.5499
566.3067
267.8462
364.1156
113.3491
85.3320
173.4906
50.4875
121.5430
395.1468
922.8180
743.2841
352.6440
111.3152
543.7632
766.7096
568.0611
151.8829
324.2750
501.7424
47.0078
184.3427
832.2242
965.7836
844.2661
617.9072
64.3186
122.6813
275.5121
655.3047
558.3185
428.0119
954.1118
626.1785
192.1060
295.2011
367.3713
118.2875
318.7573
655.2562
626.4782
619.4914
1064.8164
695.4257
591.3081
835.8143
776.2740
967.8926
842.0381
527.9772
143.1208
465.6806
545.8928
137.5154
242.4696
764.0023
706.4091
724.9540
813.3373
601.9786
150.9988
235.7566
635.6102
683.1926
775.6270
591.5853
243.6471
441.9028
102.9499
77.7615
320.8605
823.8368
644.1569
218.4821
234.0534
624.4682
463.3309
317.9164
771.7652
1013.9339
892.8977
524.2734
498.1083
920.1976
749.4639
677.4235
810.9892
592.4502
445.6886
564.2090
658.2232
322.8005
281.1748
605.3933
529.9626
196.5310
209.3602
506.9563
736.6332
219.2414
241.8516
496.6200
896.0070
792.2053
693.9670
392.3841
131.6347
68.7203
173.4705
453.9195
726.4290
747.1629
738.4808
738.7134
526.1684
71.1175
235.2860
704.7893
744.1236
726.2264
540.0358
317.0419
807.4882
1037.3128
654.6703
584.4034
1076.9185
1044.2019
1062.8816
890.1839
714.3662
684.3800
887.7556
599.5666
562.7520
559.4226
415.8497
122.2084
347.9990
303.7161
198.6658
201.5383
104.4204
241.2686
481.8310
257.5142
546.8404
420.9155
45.8319
197.3650
250.9892
109.3472
184.0562
234.7874
274.3741
154.6449
193.3664
87.1082
118.2843
387.7998
912.6795
800.5810
749.9179
597.5122
319.1138
133.5630
215.8381
171.7853
160.3667
465.2709
466.3814
125.4300
188.9463
87.3592
198.8764
377.1131
584.3026
621.2496
307.3731
564.8404
235.0664
267.9012
133.4332
226.0526
243.6598
746.3147
720.1676
497.3651
197.8583
84.8840
82.1769
144.8604
126.5819
283.4609
440.2117
125.3655
395.1657
265.8663
154.6331
560.1357
741.5714
754.1115
648.6558
379.4420
418.5616
96.9043
235.8298
332.6697
200.4752
62.5008
395.1877
713.5546
488.8963
318.7529
438.0818
594.0647
71.5855
231.1022
411.1105
328.4163
638.8429
435.4053
191.4955
212.6336
158.2596
162.4135
379.7790
615.0711
105.6061
439.2303
541.5893
148.7659
285.8741
529.2424
711.3993
241.4783
215.0616
170.9229
108.5303
131.7689
101.6042
154.1613
115.6130
178.2964
290.8446
537.3920
274.3664
385.2081
420.8137
530.4049
485.7938
483.6375
301.7303
560.6768
798.9361
577.7879
586.9902
544.4995
559.9992
565.0069
235.2378
187.1999
357.3821
176.4820
93.3336
293.0006
686.3318
531.0803
114.8611
180.9299
186.3583
361.6387
287.9170
483.7117
904.4813
835.5417
784.6107
719.4637
391.2228
556.3548
873.2417
930.1531
802.5924
572.8268
172.1809
171.4694
71.1249
477.4821
768.5445
427.8279
312.5733
187.8383
152.3150
112.4960
307.3216
660.2035
235.9432
170.7296
331.3462
479.9485
764.4571
568.6883
771.9105
850.4059
904.3729
714.2579
441.0915
430.4197
813.1440
742.4486
379.3395
76.4070
177.2924
417.1676
701.2665
582.8704
805.2604
612.9430
351.2213
424.3035
178.4821
193.9538
143.8807
333.0335
297.5770
134.7451
231.5289
333.4664
255.1076
428.9457
699.0926
601.1900
657.1242
429.0229
562.0585
764.1868
502.5237
424.7752
848.9226
597.3084
314.3764
193.9873
181.4266
242.1273
382.7879
386.9462
388.6855
622.6792
399.6601
639.0450
307.3092
271.7125
488.7998
792.0675
949.2985
567.3573
157.0511
483.8372
867.8910
1154.5677
1161.3726
933.4271
612.0680
208.5729
254.8584
589.2922
547.8179
184.3161
500.8039
287.9391
118.2275
362.4224
602.6423
703.3165
695.8238
707.7455
491.4089
155.0726
198.1773
265.1194
483.2967
73.7523
300.0403
722.8501
752.9555
833.8528
718.2664
691.3309
911.4750
1042.3488
919.4405
931.0429
605.5725
263.6327
244.5182
200.4349
342.3741
201.7240
408.5495
180.7538
617.3566
608.5574
93.0515
302.9779
983.5052
812.7791
531.7275
197.9213
273.7825
384.6653
282.2280
708.4231
602.4398
689.9372
678.7287
386.1450
401.5812
533.6512
443.8319
708.2500
503.2364
189.9946
282.2643
271.0535
59.8564
375.1332
628.4125
511.0713
790.5304
528.0043
85.1964
198.0993
430.3717
372.3349
103.6405
90.5034
146.8091
263.4709
451.9534
664.9061
256.0817
788.1687
645.5014
274.3201
594.5052
476.8132
232.9347
113.6270
165.9026
125.8403
439.9404
644.4432
541.1464
604.6862
460.7563
87.6769
290.0199
592.3826
278.6822
82.8948
61.1305
300.6022
699.7791
766.2634
720.1712
452.1450
103.1420
162.7973
242.9149
57.2439
105.4798
212.2099
85.3814
237.7819
493.8382
97.1152
111.8346
261.9359
564.9225
222.5450
145.4277
211.5659
484.5891
761.1593
484.3635
182.4228
244.5745
581.3034
773.3032
510.2097
71.6376
305.4749
772.9637
928.8268
955.6680
601.2628
517.1232
511.8051
246.1930
195.8863
108.5992
421.0354
591.8230
295.2411
472.5077
846.5871
635.5254
269.8018
355.0059
685.5867
561.7211
658.4389
544.8779
117.8872
226.1051
442.0397
322.4703
477.0771
132.6276
193.9155
170.7953
103.8746
213.1087
485.9088
337.3006
685.6099
618.1303
475.1055
312.5081
141.1533
192.4879
331.3579
596.1484
447.8103
726.8072
546.5499
331.0179
863.7042
932.7726
640.2788
129.8422
60.8249
302.1318
496.4213
262.9929
465.6323
205.5253
280.6709
187.5736
552.1694
514.9467
308.3013
244.5154
456.1661
539.9705
516.3096
260.4775
198.2545
101.7666
292.9816
456.6030
309.9756
611.2975
381.9341
596.9109
89.1632
190.3915
512.9970
523.3044
311.4275
596.8948
642.2894
613.0497
456.1208
361.6095
195.9422
217.7968
325.9609
887.2913
963.3830
800.8458
785.7305
632.5409
547.7397
414.1484
396.6271
989.5997
1105.4970
853.4134
480.1749
191.0745
250.1052
180.6728
146.9579
55.8029
152.0043
260.0168
515.0086
121.4564
287.4574
608.2195
434.0440
174.5906
182.3923
468.8979
1075.7442
815.6934
741.5465
694.7983
657.5363
729.1688
671.8126
707.2439
902.0195
908.6704
914.4040
717.8623
477.1680
724.4198
906.4926
666.8678
204.7929
64.7203
101.7364
128.6454
245.3203
456.8031
211.7654
251.5356
53.3258
233.4770
714.8609
542.8797
86.2237
177.0561
309.6251
110.9679
181.8240
218.4363
215.6815
474.6238
715.8941
460.2791
510.9729
668.2658
720.8126
477.0558
156.5667
132.0558
190.3324
540.5899
702.0382
446.4876
373.0266
181.2457
426.1345
573.5053
428.1504
983.9154
646.0838
171.0006
150.0648
126.3831
405.9462
889.3104
830.5563
591.8968
201.0162
435.0056
598.6321
448.0731
142.3160
290.2579
816.5749
529.2285
207.5598
374.5417
365.8008
311.0629
308.3986
263.5276
424.8349
253.8508
702.7796
521.0129
160.8699
157.6499
601.2554
517.5427
118.4522
226.1259
398.5027
440.4943
129.7311
329.3592
405.0496
765.2900
542.3900
148.1663
203.7377
271.5493
334.3656
85.6903
66.1848
135.9270
246.7557
338.3438
476.4801
104.4753
105.3273
74.9253
269.0126
134.3206
265.2889
474.6988
124.6306
491.0721
623.8697
477.9042
856.2237
996.4955
967.1628
965.0870
1057.7313
1104.9990
821.4596
788.0438
847.9640
1029.4791
1045.4920
774.6946
524.6276
548.8753
671.0115
549.8851
251.2504
80.6218
315.4773
477.6814
546.6121
924.1897
966.6787
913.1126
815.5827
834.8398
584.9393
293.1378
985.5456
996.8450
968.2571
872.0863
937.7343
633.5918
356.9257
560.5989
313.2132
310.2400
165.9463
269.9622
542.2625
923.4434
693.5484
417.1792
514.8895
286.3148
282.9186
187.5299
501.3133
327.8656
46.5759
277.2754
725.3709
520.0007
127.0938
305.3489
441.8687
668.9820
841.1042
858.8239
903.7559
691.0007
430.3726
366.8571
175.6706
525.5233
417.5674
413.2531
297.6451
754.0006
807.3902
620.4859
515.8192
1069.4541
877.5657
808.9206
828.8929
623.9401
347.5732
494.2182
536.4773
486.4776
522.3945
264.7300
517.1395
327.5886
489.7039
773.0308
474.4753
824.1657
677.1145
585.3360
261.6708
328.9352
311.0822
653.3107
576.9036
351.5122
372.3094
293.5069
113.6836
173.4654
145.9494
244.5427
260.4346
1015.7831
566.9569
337.9428
387.1980
221.7980
384.4814
205.6104
441.0984
566.1171
227.7870
377.8406
734.2524
634.2200
577.3955
282.3642
736.8000
758.6759
649.3025
505.3509
277.3921
646.6806
399.4188
289.9742
296.8326
477.3611
177.5216
362.5786
614.4562
719.4693
433.2836
236.6233
691.6125
704.1161
703.0522
425.2985
286.6955
504.5044
283.6119
48.9021
117.2445
194.5907
284.8151
641.7781
460.2399
220.2699
568.0577
717.8617
321.5826
332.2103
209.1863
238.1029
237.8221
154.7285
308.7200
485.6314
184.8122
447.2726
653.7609
480.7086
368.6957
856.7857
799.8425
868.8215
884.0673
838.7794
615.4304
407.6655
510.8551
476.5813
936.6428
551.1840
245.5564
928.4141
980.2440
784.1590
730.7803
867.2472
758.3500
919.7035
899.2500
881.6319
648.4178
328.9865
699.5530
812.5338
676.1341
643.9196
532.3089
265.5923
565.5234
287.8050
244.8974
123.9922
229.5823
518.5855
1087.7924
1152.0539
1078.6515
901.1950
507.0635
300.9876
438.0376
258.3463
675.1080
712.9106
581.2573
96.7384
127.9124
725.4631
898.3463
831.7299
580.5993
137.2174
232.9580
285.5006
627.6729
800.2018
907.6677
1022.1544
956.5164
777.0107
680.2427
512.2867
93.9733
277.7747
439.8270
47.3157
261.2227
751.1513
715.9271
515.2120
182.9417
224.8280
269.9163
634.4213
348.1778
590.7554
419.6965
400.5599
365.6826
216.6163
356.5027
104.7049
105.4111
399.0677
581.0885
318.7131
767.4406
447.0193
65.6560
130.7768
254.7902
467.1595
169.2636
306.6973
60.5196
135.9643
179.7725
305.3878
631.6304
518.6240
265.8764
244.3906
56.4670
75.9940
216.2757
804.3922
989.5284
1140.2096
1128.3096
745.6372
392.6297
367.0462
323.4995
230.6596
213.9027
290.4962
250.1818
311.1781
633.1727
662.6058
253.9876
212.7180
796.2815
815.5950
713.3599
415.2796
488.9487
626.7130
725.1129
543.8346
511.8843
807.3283
731.7009
445.7747
104.2316
297.3613
297.9303
252.8196
377.8476
158.5452
264.6025
237.1391
295.5779
420.8881
285.6194
211.2813
503.3554
696.2528
693.4748
650.2462
714.7043
736.5583
659.7779
855.2545
1015.1064
637.6069
436.6207
475.7441
931.9569
1010.4725
742.0971
370.8779
563.1638
519.5367
228.7555
127.2034
240.6902
416.4286
458.2438
622.4748
538.4959
401.5796
363.3596
743.3697
788.4277
845.6991
525.7403
231.1121
393.6276
223.9497
208.0403
228.7031
91.1605
419.1799
506.7531
116.3148
268.0289
526.3582
256.3174
186.8964
600.0590
465.5129
229.1377
533.8544
293.4045
419.8344
65.5423
95.2908
335.4096
471.3888
581.5939
915.1358
733.3982
397.4904
131.0990
111.9866
354.5580
760.1258
460.6136
195.2182
277.1940
255.1577
91.8506
218.7100
206.7972
499.9398
808.6229
1002.6413
1118.2391
1129.4933
980.0689
824.7718
869.6257
766.3089
652.3111
418.2285
607.6598
1086.7563
822.1118
488.1945
97.5309
538.6792
773.0432
620.3514
532.8348
483.1047
548.6441
436.6998
289.2604
461.3725
440.3656
754.2404
828.7148
716.4932
517.6339
193.3665
108.7669
310.2930
496.3024
90.4861
105.0230
129.3491
143.4279
96.8415
281.8906
486.3751
130.5910
63.5271
36.5390
97.5919
231.7291
249.8915
334.8803
320.5143
568.2725
290.9677
432.0586
159.5506
79.9329
396.1815
753.2548
624.6459
236.3975
170.9269
433.7516
707.1041
522.9047
612.2592
215.0287
523.8818
404.7267
498.9135
650.1295
251.6419
106.4537
340.4425
516.0409
516.2015
736.9554
717.8199
725.4672
840.2472
894.5391
759.8045
771.7190
685.0837
710.0772
539.9188
803.5134
555.8086
82.9014
318.4189
680.0345
797.0684
482.0414
298.2894
328.7376
419.7765
100.4229
305.4334
968.6935
661.5629
230.9499
447.5881
415.1969
699.2487
448.3316
67.6449
244.8699
507.4973
978.5023
706.8874
718.0956
982.3570
635.5154
221.9418
135.8596
174.4834
483.9315
963.6478
654.4588
295.9612
172.1961
327.8188
329.3630
555.1272
348.8650
337.9854
111.2784
489.4318
682.5385
292.3194
385.9714
1048.0836
1115.4869
710.7688
293.2404
139.5440
324.4522
224.7743
114.9870
324.7764
479.4677
378.3800
744.4868
928.7159
977.7777
670.8412
107.9079
107.4761
66.9919
172.2123
168.3384
255.6780
550.9554
713.0875
180.3972
124.1624
235.4984
569.8261
1125.9465
894.9450
580.7229
203.7162
246.2864
388.6848
514.8567
186.1768
236.9406
541.3966
787.0161
968.6311
597.4142
66.3464
101.9773
115.9727
261.2644
643.0330
577.7588
135.3776
482.7064
504.2148
455.5050
201.8621
664.2911
753.6612
636.6558
416.1299
508.4718
57.2850
326.0597
934.5373
805.4538
559.3853
219.9588
76.9916
49.9589
124.9974
85.3117
232.0780
111.3501
360.5943
805.2221
747.6717
429.6348
137.4915
503.9844
426.7513
96.2911
106.9122
155.3516
248.8048
178.0635
448.6352
766.8396
529.7795
415.6361
508.6079
308.6337
272.0546
459.3069
873.5956
1150.5658
1017.4277
491.0939
111.7518
58.7930
174.7888
383.8132
259.0708
352.9316
486.2893
169.2739
269.2625
135.0235
203.3417
531.1213
736.9611
593.8666
360.4722
213.9743
267.0903
411.0240
384.5300
420.2498
194.6464
151.6429
316.7114
452.2911
881.0668
866.2625
927.1234
757.1418
673.6324
414.7683
323.7738
698.1156
412.0693
614.5322
577.4572
151.3762
205.6841
286.3238
97.0319
179.2465
432.6977
588.3607
602.3686
69.3253
90.1641
122.2668
109.8088
384.8072
795.3946
897.9945
666.6068
552.3051
879.1100
880.9083
751.4316
538.8625
475.7470
688.0757
808.0300
853.1972
515.2538
178.2975
198.3065
187.3289
374.3762
426.7620
581.3058
284.3934
54.0167
149.0889
237.9370
118.3983
239.0426
474.0715
130.4624
214.6745
306.7125
658.6915
598.9220
154.2886
350.6078
781.6628
748.7176
509.4571
277.1579
154.8968
198.5716
215.7410
379.3610
198.8215
442.5162
593.1256
256.8688
180.5794
404.4224
434.5661
498.3540
98.9484
368.5810
586.5424
204.7543
254.0656
381.2539
524.0986
408.2537
622.8148
669.1391
678.7809
367.0240
955.8080
852.4127
579.2324
287.6589
363.9564
53.1962
113.1263
158.4539
90.9206
101.5282
576.6394
701.6904
470.1382
219.8597
578.1898
170.7899
214.3219
405.2454
555.3960
124.2865
257.6832
317.8965
368.7833
561.6194
256.9478
457.1627
329.9137
573.8239
982.8754
771.9860
265.1764
293.8533
822.6485
841.0364
693.0366
405.8685
200.7982
317.9063
345.7351
112.1417
408.8026
814.2592
565.6338
168.5897
127.2804
48.6629
270.4663
523.6413
498.3628
923.9990
976.0641
928.3750
865.3072
818.3073
629.0546
589.1162
873.4651
809.7839
477.4084
156.6328
238.3179
365.6652
352.6347
516.9064
124.6021
123.9777
196.4200
258.1626
403.1049
573.4794
281.8467
447.2844
292.8218
259.8833
280.0768
829.8491
543.1236
714.2276
868.3775
676.7124
533.4243
703.5409
851.4802
773.2828
593.5360
434.9467
361.3708
500.8175
174.6438
174.6690
59.1251
206.3859
317.7744
777.3977
846.9597
1017.1958
1006.2565
603.5731
163.2034
292.8888
519.7380
94.6163
300.4175
244.7438
149.7709
203.1014
55.6742
306.7115
794.7273
778.3205
709.8115
786.1202
725.9162
474.0212
275.3406
358.1343
770.9510
554.9008
109.7163
482.8331
480.6724
39.9897
97.2235
346.6905
457.3088
586.9741
613.7973
214.2888
429.0719
71.6145
442.0661
651.1766
68.2429
190.9535
419.4314
295.4238
701.9899
693.7264
508.6625
182.3773
275.6518
754.6887
777.4872
976.4519
1063.0500
1064.9236
1026.8153
839.3150
828.0678
560.2398
442.2826
179.8252
313.2698
665.6086
689.1655
861.7738
878.2055
628.6333
315.7119
562.7825
573.4104
204.1568
349.1199
443.5205
456.8715
428.9135
650.3305
316.2662
162.5596
217.3905
329.1414
122.2210
548.0055
674.2578
381.5042
403.3523
468.6459
530.9787
429.5176
407.2214
857.7441
985.4920
841.6214
939.4289
899.2140
745.1803
648.5457
213.4513
295.8031
532.6775
112.9787
130.9500
251.1978
560.7265
454.2283
240.8247
271.4936
650.6549
531.5030
521.0168
324.1319
99.3962
190.5479
329.4396
631.4277
339.1104
316.3450
808.0100
955.4345
633.3212
33.5104
276.6217
822.9929
866.9513
561.9753
182.3448
581.2579
812.2339
717.1650
498.9433
292.7635
285.3666
497.7992
282.0122
331.9963
242.8594
491.1616
488.2773
148.3634
637.9908
916.8098
924.6048
1025.6620
857.0687
728.3453
664.3486
420.1913
134.1169
148.3117
395.7393
570.0017
169.9719
166.7720
164.8137
275.6601
658.8958
710.7564
582.6441
455.1567
423.9602
79.7403
76.7700
135.2500
369.9445
853.5088
757.5971
837.8364
633.7985
506.9348
584.7262
410.2047
758.3008
915.7021
952.3137
830.9778
570.0848
400.1849
1009.2377
859.1862
563.2676
178.2534
25.6677
81.2102
222.2920
343.8771
522.4614
938.8593
744.1986
740.1114
859.9416
945.0599
918.1968
587.5251
121.6818
565.3737
586.0042
228.7512
371.8350
364.1146
118.4402
152.0462
111.3321
158.1989
430.3801
494.4869
188.8334
787.1920
836.6006
693.6150
1119.8206
962.1305
995.2993
843.5249
626.7054
277.7251
215.8101
77.4556
325.1346
728.1113
788.8527
777.9276
612.7498
149.7898
148.3070
390.7668
240.8309
569.2119
526.5373
189.3301
773.3434
485.0711
319.4619
749.0582
561.7763
140.8620
465.2686
832.7168
887.4515
599.1810
54.9918
37.3302
216.1573
441.8253
104.0954
123.0119
222.7765
525.9650
815.0086
789.0005
596.6404
414.4092
676.1255
509.6303
92.3705
88.5261
189.8388
490.6104
468.8858
351.9799
176.5065
270.4127
291.6650
898.0961
567.2448
60.7172
448.6629
693.5767
930.8313
1042.5750
649.9090
282.5421
552.4483
959.0686
623.9451
192.9529
166.0522
258.5470
159.4635
210.7148
674.8718
887.2235
858.9644
761.5667
459.2758
341.1467
69.1965
312.9064
611.7125
330.5039
554.8374
343.9647
78.6621
44.6144
113.8234
489.7614
488.3965
129.8886
333.4476
552.8362
66.7038
100.3972
399.2370
427.5386
68.8086
155.4176
396.8441
78.0652
116.5424
463.7947
614.1814
238.5876
328.2445
316.4247
159.4587
121.6477
212.5801
533.1362
596.2896
511.4408
813.8838
351.0999
114.8671
157.8561
439.9299
748.0794
848.0775
956.1278
957.3761
714.8154
475.3817
69.5043
163.8091
250.6679
201.4066
199.6703
125.9676
298.0029
775.3215
839.6217
937.7741
547.0330
325.7115
354.0513
273.4941
516.0410
593.6619
552.2799
204.4346
299.3841
617.8082
625.9388
195.2864
101.4262
135.6728
208.0812
102.0028
383.9458
632.7788
482.3032
898.1247
550.4223
101.7013
140.8892
272.3467
270.5314
270.5962
140.9743
325.7854
767.2958
757.6290
497.4145
261.3392
216.0266
343.1899
741.3350
556.4905
976.6539
702.3061
175.1816
125.4125
225.7419
781.4326
578.5393
282.2901
540.6538
80.4452
269.5556
766.3211
738.1415
510.5052
248.6617
99.2046
300.3933
567.4004
637.9734
403.2894
552.0015
575.5249
591.6394
127.0984
248.3405
552.2335
308.5129
441.9722
794.3963
624.3233
446.7567
345.1342
185.1272
253.6688
724.9479
742.6082
484.6646
170.0621
336.4074
574.1352
713.8108
601.4267
70.0460
159.2402
127.9017
213.4816
259.3344
231.7790
223.4448
464.4998
235.1622
471.6157
199.0076
350.6302
300.0997
152.2314
166.9023
591.8072
704.0769
166.6098
533.9090
730.3229
582.4474
687.3203
759.3322
907.6620
998.0693
644.5091
605.7564
571.2034
147.1351
146.5398
54.8975
118.2904
140.7581
603.2552
957.1839
604.7972
76.7992
127.7808
162.2469
284.2555
274.1909
69.8680
341.6295
1114.4981
589.7838
220.6447
230.4019
236.5976
386.1899
888.2838
499.3758
125.1128
232.1641
557.3167
381.2718
685.9952
791.1645
602.8514
263.6110
64.5108
352.4743
1080.5075
892.8560
854.4370
901.3998
860.5856
532.3892
134.4515
507.7682
757.5618
378.9961
188.0195
304.5251
687.5798
761.0061
617.8008
800.6939
663.2665
603.2898
950.7770
811.9587
471.5814
251.6851
705.6414
724.3036
621.3166
420.7194
60.7349
212.2632
315.0287
167.1337
53.2236
83.3781
217.9414
233.2403
143.3854
649.0884
561.4848
366.5953
685.5057
693.5068
891.6326
1010.2354
888.1148
764.3076
569.1005
263.0581
179.1330
237.8586
384.7173
273.0864
242.8238
453.2274
