6.1393
-13.6445
-14.2992
-24.2414
-9.8018
-8.1639
-14.5621
-29.7414
-32.8609
-44.2359
-11.9119
-7.9117
4.8133
0.9809
-18.3984
1.2500
-19.9555
0.2221
-25.6477
2.7660
-11.2965
-20.6184
-19.3363
-18.4504
-27.0738
-15.5664
-38.4328
4.3633
-6.9725
-7.9797
20.6430
26.8219
-15.1341
-16.5465
-0.6520
-12.1965
-4.3269
-28.1537
9.2784
-7.7229
-4.1633
-3.2932
-10.8915
23.8906
19.0301
11.0895
17.6625
-23.6098
-9.1742
6.4830
-17.0930
-22.3488
15.7121
-13.7222
-28.3996
-20.9352
-44.3617
-3.9801
2.4207
-20.7924
6.6066
12.4893
-37.1141
1.1678
-15.7551
-35.8719
-35.5187
-35.1527
-19.0159
-12.9682
-2.0698
-1.4017
-24.9352
18.3311
14.5437
-15.4206
0.2436
-29.9141
-24.9102
-34.9203
-4.3105
-17.0570
-12.9141
-22.0738
-11.4387
-21.3283
11.2977
4.0070
-28.4680
-12.1991
1.4230
-8.3088
3.6114
-19.5896
20.1463
-38.2727
-15.6106
18.9145
-32.2969
14.2527
8.6066
3.4543
-20.3334
-11.9549
-19.0133
9.8802
-32.8664
-5.1695
-13.8922
-8.5362
-28.0675
15.2478
-7.2969
-35.4539
-11.2433
-20.7402
-11.0063
-23.1285
-2.1547
2.8848
-10.0039
-0.3410
-31.6551
-13.7895
-33.3250
0.9262
-12.4382
5.2461
-10.7982
-0.1844
-11.9109
-9.1090
-21.9507
-9.1066
-0.7805
-8.2900
-14.7348
-21.5258
-17.0516
27.9203
15.5888
15.8355
10.7914
-0.0488
-35.8312
-24.8340
-16.5127
-12.8547
-14.6029
-8.0125
3.3604
-20.1164
-33.4000
16.6609
-23.0133
3.0808
4.6707
-2.7195
-53.2016
-21.1797
-13.0598
-8.4895
-42.0281
-27.5250
-8.3305
-33.5594
-19.7215
0.5261
-16.3460
-18.0199
-5.4611
-31.8799
-33.8730
-5.6242
-17.6472
2.9730
-16.2765
8.9262
-22.7569
-21.0375
-24.7805
-8.8617
36.1523
-1.5309
4.4898
-2.2824
-18.7031
-34.8977
-14.9585
7.3454
-37.6441
-17.2125
-14.1393
-12.5699
-6.7499
8.0071
-8.3163
-7.6800
-4.1316
-12.3152
-3.2488
8.8192
10.5014
-24.0866
16.7359
8.0851
-14.6625
-24.5318
3.2576
-17.8121
-12.7121
-12.5754
-30.1338
18.9749
-16.6031
-22.1541
-23.0352
-19.4977
-5.4934
-7.7365
-44.5117
-4.6957
-20.2623
-6.5732
-20.3445
0.7713
7.4891
-0.5152
-15.1248
6.4691
-4.9197
0.4115
0.0868
-9.9868
-11.8586
-23.6914
-27.4852
-4.3992
-13.0198
-8.6359
-1.2588
-0.9237
2.3363
-24.9647
7.0684
-1.2249
-16.8781
-40.0742
-23.0398
-25.9937
-23.9937
-13.7703
-7.9495
-17.7938
-30.6020
-6.7891
-38.3445
-14.9600
-7.0972
10.6262
-14.3969
-14.1969
-4.9871
-8.7625
-12.2311
-9.9531
-26.7415
-19.3180
-24.1921
9.2182
-25.9777
7.8875
-3.8337
-8.4824
-6.1562
-36.1877
-8.9780
-11.5300
11.5711
-30.4156
-10.7461
-15.7741
-13.4102
19.6918
19.6863
9.3125
10.4848
-31.0328
-37.0852
-8.9450
-8.1943
-19.9042
-4.9216
3.7516
-4.2279
-2.7457
6.6906
-12.8399
-17.8664
-8.7568
4.3999
-13.2910
-11.6432
-39.8312
-30.6843
-15.0402
-6.9854
-25.3621
0.8547
-3.4205
-18.3695
-14.2961
-6.5242
-20.8863
-24.7750
-20.4273
-10.8918
6.0211
-25.8016
1.4475
-2.3312
-21.5266
17.5117
-18.7266
-20.9813
-19.0691
6.2676
-22.6945
-2.5387
7.0737
-13.3281
-26.6077
-4.8535
0.1758
-7.1625
0.8535
4.0246
-5.0398
-21.8477
-28.9586
-30.1566
-23.1398
3.9164
-23.6020
-3.9014
-43.2477
-39.0988
-13.8438
-25.9633
-1.2055
-14.5296
-8.8717
1.7726
14.1650
-4.3383
-0.3586
-7.9023
-2.8262
-25.0812
-4.2619
-36.6352
-4.0648
-29.5645
-22.0492
3.4594
2.3980
2.2133
-3.1953
2.1002
-17.4887
-18.7585
8.5645
2.9172
-28.4657
6.3602
3.3711
-10.9248
-3.9557
-25.8451
-0.8213
-6.1137
-18.8172
-4.2412
-6.6088
0.7171
-12.7986
-10.7359
1.5296
-26.9628
-10.7656
-24.5449
-16.4656
-10.2336
-7.8039
-26.3971
-12.3957
-11.4352
-23.2484
-3.6027
-19.9898
5.1948
-8.4775
8.0922
-4.1523
-4.7445
5.3490
-7.6094
-37.7008
-1.8648
-11.1691
-20.9977
-7.4125
-3.0070
-5.0469
-13.2662
-20.6078
-15.5602
-19.8806
-15.2398
-2.2807
16.2145
6.8500
4.1909
-12.0219
-20.1602
-10.5395
-17.0779
-13.2523
-2.8863
10.8254
-6.2740
1.8348
-30.0516
14.3992
21.8027
-35.1270
-26.4984
-28.4723
-4.2387
14.1332
-9.4516
11.9195
-16.2320
-16.3414
-7.6990
-40.4906
-16.2941
-32.8250
-20.1469
-25.1063
-7.8004
1.1211
-13.2303
-28.9297
-26.6766
-14.3406
8.6992
-24.3947
6.3884
-5.8993
3.6230
-19.9854
21.6543
-7.1535
-25.0555
-4.5363
-5.4422
-29.1668
-10.8508
-16.1505
-11.0100
4.8447
-3.3615
-21.0281
1.5137
-19.2258
-13.6346
-21.7785
-10.5152
-41.9137
-24.1586
-6.4202
-16.6367
-12.7818
6.7695
-7.2508
2.9498
0.6201
-1.1918
-2.9172
-24.5680
-4.4398
6.8938
-26.7035
-3.6696
-21.7892
10.9664
9.2273
-40.8955
17.0434
-8.6556
1.4723
-6.9900
-10.0141
-9.7258
-4.2969
-7.0732
-2.2359
14.0501
10.3824
-10.4883
-22.8211
14.1723
-20.9988
-24.6793
-11.3792
-34.6273
8.4314
-29.7961
-16.4648
-30.9734
11.6258
23.3234
-31.7918
-35.6064
-9.1009
-2.2159
-11.7771
26.7383
-17.1384
-17.3480
-23.3734
-5.5645
3.1817
0.0578
-0.7719
-9.8906
-2.7745
-33.0863
-15.1781
31.2402
-33.1059
-38.9777
-13.8783
14.0137
-15.4824
2.6840
-23.5941
1.3227
33.6774
-9.8178
-17.3746
-7.7109
6.5704
-11.8386
8.4064
19.1629
-17.4681
-7.5053
-5.9260
4.4463
0.4371
-5.8872
15.6516
-11.4146
-22.9127
10.9777
2.9822
0.4201
-5.9281
-22.2396
27.8523
-8.4968
-40.9637
-24.9818
-5.7312
-31.6748
10.8016
-2.5547
-13.1434
-36.4129
-21.3921
-16.8605
-14.6250
8.6984
-19.5289
-40.7719
19.9241
-23.2766
-14.2570
-26.5883
-1.3946
-6.0133
4.3604
-2.8578
-36.2711
-7.0914
6.9520
-1.5227
-8.6623
5.3560
-31.8055
-0.4574
-10.3768
-0.3083
-23.5301
-33.8031
-7.7582
-19.8236
-2.4538
-15.9230
20.9479
-26.3139
25.9832
-9.2680
-20.4058
3.6930
-5.5492
-5.1650
-14.5061
5.2297
-10.3449
16.1717
-1.4160
-32.7246
-29.2594
-16.9516
-32.5512
3.5174
-1.0617
3.7715
3.0777
7.5000
-8.5441
-9.5641
-24.0352
-14.1956
8.5122
-12.2539
-34.6781
-30.4621
-22.8447
-9.1637
-5.9617
4.6779
-32.3625
2.7984
-12.0985
29.6406
-4.7545
10.7859
-40.4801
7.5895
3.3373
-21.4199
-20.0290
-22.4953
-31.2359
-43.3969
-16.9301
-31.4008
-33.0656
7.8203
-15.1267
-2.9770
-23.1998
6.0641
-18.1715
-24.7213
-14.3992
-10.9695
-7.9469
-6.6789
24.5082
14.3369
-1.8523
-26.8034
-12.9039
3.3043
-33.5715
-15.1828
-9.1815
-13.3035
-38.2719
-0.2055
-13.9340
0.5176
-17.9961
-30.0044
2.7887
-9.8863
-16.0453
-17.1248
-21.5663
-6.1609
-10.8680
4.0718
1.4465
-27.8555
-9.3832
10.6547
-4.8636
-17.0453
-9.3648
-22.6242
-16.7238
-32.6742
20.6298
-2.8695
-9.3031
-57.6809
6.7021
-20.4703
-17.0595
-4.3780
-2.5063
-22.5855
-34.7803
-2.2776
-34.4480
-17.2383
-33.6680
-30.7883
3.6672
-14.4906
0.2199
-21.6848
-22.6710
24.2313
-21.1432
2.8006
-31.7687
-14.7501
-20.7257
10.6115
-22.3797
-12.1125
-28.3107
-3.1504
-11.5046
-10.5953
-39.6922
-32.7641
-40.1297
-12.7754
10.2324
-11.3484
8.7727
-6.1203
32.6660
-7.3953
-23.0850
33.8543
-0.1813
-5.3793
1.9695
-7.6439
-7.4148
1.9480
-12.8006
-47.3805
7.8078
-3.7160
27.1492
13.7063
9.3576
-28.4652
12.9043
-18.9096
1.5285
-3.3035
-5.3492
-13.7080
-26.4820
-9.0016
14.5391
-10.5274
-1.3710
18.2566
-13.0695
-34.6168
10.9310
4.5428
-24.0883
-0.8156
-1.0900
-18.9137
20.7062
-24.1033
-25.3197
-9.7133
-9.2971
-41.6074
5.0272
-5.3786
-23.5754
-14.5395
5.6824
-9.1930
12.5829
-19.4799
-8.9055
23.3898
15.8457
21.7870
-25.1457
22.4027
0.3922
-11.2984
26.6955
-8.7363
-22.5045
-19.2621
5.7420
2.4656
-8.6430
-8.4503
-14.1438
-14.8400
6.5137
-42.5039
14.1906
13.2600
-15.7625
-12.4236
-26.5227
5.6117
-25.5941
-11.2840
-13.1830
-23.4102
14.1969
-6.3617
-13.6676
-23.2031
-9.3425
-24.9187
2.9277
-6.8275
-24.6346
-3.4102
1.7331
-38.0711
19.7047
31.9141
-9.3393
-20.2093
-18.6912
25.1750
17.1031
-1.9691
4.5601
-14.0104
-19.3930
-12.8289
-17.3820
17.2956
-21.2455
-17.8867
-2.4243
6.3410
-17.4654
-0.3035
-15.9717
-8.9273
-25.4223
-0.6305
8.5152
-5.5723
13.0145
-25.3367
-27.4820
4.8359
-0.2080
-24.2898
-10.7156
-2.6316
-6.2235
-19.7052
2.4768
20.2195
5.6414
7.3609
-7.4646
-33.8566
-4.2340
6.1188
-1.1113
-20.3480
8.4645
-14.0748
-6.4447
-18.5492
-44.5824
-27.7953
-17.1654
-19.9730
-11.5980
-4.8305
-28.6520
-31.8516
8.1358
-31.0585
-11.4479
-20.9016
-25.1199
-4.9681
6.3436
30.5953
-0.0354
-7.1328
-9.8402
4.1629
-3.2407
1.3516
-26.4883
-0.0902
-24.1146
0.0602
-13.3410
-27.7799
6.6759
-53.3156
-19.9906
-5.6788
-40.9750
-37.9340
-10.8121
19.1852
-8.0555
-13.3430
-23.4223
-30.9914
-0.9791
-8.2027
-6.2253
-16.2141
-20.3477
5.7677
-16.7605
-34.7775
-17.5156
-0.3672
-14.2539
-10.6925
-20.3563
-29.0293
-8.1431
-20.0570
-34.9234
-1.3915
-25.9961
-5.3504
-16.2452
-26.1531
-6.6584
-5.6297
-19.6465
-15.4148
-44.3234
-20.5391
8.2781
3.9852
11.5027
-3.0704
29.6969
-0.5455
-2.0148
-38.0033
-4.3922
-3.6684
-21.3915
-33.2555
-42.7992
-3.2426
-26.2430
-30.0266
-10.2444
-4.7645
0.3065
-32.2404
-12.5662
10.0695
-16.0554
6.4599
-18.3508
0.7919
-33.3266
-16.9225
-10.2008
9.5498
-2.6773
-27.5375
-20.9715
7.1037
2.3075
5.5437
12.9918
-18.3824
-22.9953
-23.8336
-6.6645
-30.8856
-4.2578
-28.0531
11.4486
-33.5713
-10.8400
5.0369
-16.5695
-18.7875
-19.1039
-24.1156
33.5922
5.9953
7.3241
-29.6500
-4.0690
-31.5672
-11.9105
0.6264
-30.5547
-25.7588
-10.3424
23.5480
-7.8708
-31.9930
-20.7718
-19.6445
8.9758
-11.0590
-25.2273
7.6127
-18.1274
-6.1359
2.3520
5.1121
-33.3746
-7.1298
-1.0769
17.4914
3.5223
-17.2734
-12.1327
19.8156
-13.5367
-36.1500
-35.0715
5.1160
1.0875
8.2176
-4.4574
9.7738
-11.5340
-7.3426
-16.8320
-2.7570
-6.7379
21.8797
-31.2801
17.8758
15.6445
-34.9695
-15.6225
8.3300
-15.7104
-2.8732
-42.9344
-13.7979
-20.8129
-23.4748
2.1953
-7.4383
-18.5586
-22.7828
7.8867
-18.8416
-40.1570
-11.7359
-8.7576
1.7933
-40.9420
-34.2648
-38.6828
-6.8627
-10.9202
-31.8406
-7.5863
-28.0526
-17.7227
3.9609
-5.7805
-52.0160
-31.4773
-33.8859
10.2562
-17.3068
-13.2655
0.7617
-2.2648
13.5375
1.3250
-0.9275
7.9598
-23.8726
5.0320
-5.5031
12.6370
-9.4416
-21.1109
14.6131
-31.2641
-16.3648
-28.3281
-16.3673
-5.6712
-8.4041
9.3494
-12.7676
16.3074
16.9862
-30.6203
3.3027
-8.8840
-18.1215
29.3414
-22.8047
-8.2437
-0.2949
-39.1641
4.1371
-51.9758
-12.5709
-17.8127
-23.8227
-19.6736
-45.0867
3.4289
-19.9988
-4.8769
-3.8734
18.6137
-2.9645
12.9496
14.8957
1.9191
9.9185
-19.8875
-30.7930
-6.9798
-22.1613
-14.2902
16.6929
4.9598
-14.9506
-8.4014
-20.1719
-34.8047
-19.6441
-33.1175
-18.2350
-24.6262
-9.9164
-27.9826
-15.0871
-29.2109
-23.9758
-23.2750
-21.5629
-8.2848
-31.7531
-5.9291
-14.0982
-32.6367
-34.3234
-14.9277
-38.9437
-2.4466
-18.6140
-8.5316
-26.2473
-6.1141
-25.7641
-29.9031
-12.4357
-8.9697
6.8828
-41.6799
-6.5844
-16.2365
-27.6391
17.0867
-2.8715
3.5086
-10.0637
-13.6219
-14.7910
-15.9171
-14.6508
-11.6250
-43.9805
-7.0705
6.8155
-10.2043
-4.7887
-8.0605
-17.2746
1.6070
-31.7695
-20.2125
-33.5834
-19.2096
-27.7914
-13.2824
9.8537
2.8801
-18.1343
-34.0961
-4.9912
-45.6199
0.6785
-17.0285
-13.3223
-12.9187
-14.4932
-38.0273
-23.8422
15.7289
-9.9037
1.2504
12.7691
-0.4523
7.3951
-31.2680
-18.4152
29.4980
9.4300
4.9059
-16.6539
6.6645
-41.2492
-26.6023
-26.4768
-13.0797
-3.1594
-11.4761
-13.8714
-7.3252
-19.1875
-5.3664
8.6590
16.8578
3.7449
-7.0887
22.2691
-9.6293
9.5117
-15.4348
16.2381
-5.8805
9.7398
22.7281
-36.3676
-25.9430
-3.9205
-7.1289
16.8695
17.1437
7.1430
-47.6437
-8.8668
1.6423
-40.7785
9.9875
14.1287
-18.4094
-28.4211
3.9254
-17.2143
-0.6855
19.1770
13.2561
-12.4937
-21.9072
-17.9262
-19.9670
8.3320
0.2458
-5.8235
5.8981
-12.5316
-17.4535
-4.1546
-22.4793
-13.9001
-17.3778
-12.4766
-5.9354
-20.7556
-31.7348
15.5527
4.6359
-9.7710
13.6469
-9.1976
-4.0887
6.0719
-26.3438
-17.3813
-24.9656
-14.4473
-12.7266
-27.0476
-4.7873
2.8488
7.7398
1.3632
9.8391
-2.2336
36.1562
48.9676
4.9911
6.6360
-15.1992
-24.6156
-35.3594
-27.8031
-23.0781
-1.8023
-41.4789
-28.4730
-18.2477
-28.5963
-26.8773
-13.7449
-25.8254
-6.4529
-9.8148
-4.3580
-32.6393
7.2324
16.6460
-1.0341
-15.7750
-15.0176
1.7035
1.3146
-2.8463
-19.7951
-10.3204
-18.7586
-17.4750
-2.7795
-7.4271
-15.4515
3.9389
-2.9398
7.6605
23.1469
-13.6864
-18.9781
-6.8535
-17.5385
8.5063
-26.2691
-16.3328
-33.4930
14.6706
-16.7059
5.6352
-1.3460
15.9879
1.9655
-21.9141
14.3177
-38.6992
-34.8289
-1.1238
8.5336
-23.3406
-14.4855
-26.3016
-7.8746
-16.7969
-17.0488
-25.3648
-12.6802
-28.8992
-9.1824
2.4359
-10.6149
-18.3648
3.1924
-8.7152
-1.7383
1.7316
-22.6566
-39.0844
-17.1492
-31.5445
-12.8340
-20.2809
12.2119
-22.9639
-17.4547
-5.6179
-7.5693
-7.9344
-0.6323
-23.6133
-28.8467
-9.0471
-34.1562
-30.9609
-7.0915
4.1422
-37.4891
18.6004
2.9402
-24.0363
-40.7109
-43.3883
-18.4848
-20.8666
8.6152
27.6650
-3.2605
-5.5960
8.5352
-25.8161
15.3638
-27.1279
-8.2468
-4.3887
-38.3555
-30.0480
-7.0807
7.2391
-22.4453
-12.3865
-0.2436
-5.8221
-18.8328
-51.9414
-16.1865
3.1496
-26.4330
-7.8141
-6.0922
-35.7297
-22.1646
22.8375
12.7094
21.8932
2.8164
-27.4252
-10.8180
-23.7395
-35.3156
-28.7695
-2.2307
-25.2297
-5.5605
-38.3334
-13.0205
-5.8797
7.4485
-6.6765
-10.9631
-23.5084
-17.6664
-42.5477
-24.8891
14.8827
-27.5918
-35.4906
-5.2109
-35.5187
-15.4883
3.4090
-19.0461
-22.0133
-31.4939
-15.4563
-2.6314
-22.3449
-15.4051
-1.3137
16.1059
-13.1867
9.6203
1.0340
-11.3635
-13.0570
-19.5815
5.5414
-36.0164
-39.2133
-14.7382
8.1273
-9.4332
-11.6459
-42.7736
-7.2793
-8.8841
-27.5504
21.1918
-12.4152
-24.2859
-15.0988
-3.9496
-5.6844
-13.5301
-14.4911
-33.2762
14.5375
-27.3512
6.1793
-13.9301
-30.8656
1.2422
-12.1907
-14.2662
7.9606
-11.8611
-5.9863
1.2359
-4.3962
-2.0715
-25.5141
-32.4352
13.2650
-23.0863
13.5758
-0.2186
2.0760
-0.0750
-32.4672
3.0004
5.3252
-11.1340
20.5398
-6.1842
-0.6622
-22.7492
-27.9164
-20.5547
-4.3085
-22.0812
-10.8826
-3.2246
-23.2281
-10.5059
-37.8767
-10.8278
7.6430
22.0910
25.0779
-5.7035
-10.9607
-4.6160
33.4586
4.1444
4.2863
6.0980
6.8816
-3.5116
-10.6225
8.3289
-21.3568
4.4997
-2.1601
1.9377
-29.0051
-1.2035
-5.7808
-42.9590
3.7297
-8.3391
11.6336
13.4215
1.2736
-26.3535
-27.7812
-3.3227
-40.2789
-8.9812
-6.6645
-9.4719
-10.0453
-16.9879
-7.8902
-12.5180
-35.4551
13.9512
-21.4069
10.0375
15.6820
-18.9035
-28.0758
-24.2766
-29.6000
-19.6250
-20.3609
18.5436
-21.5941
-19.5571
-23.6297
0.3273
-7.3617
-7.3313
-13.0289
-2.4219
-6.1979
-25.4758
-37.4648
-31.6596
15.0178
2.3415
-1.4021
-18.6703
-0.7920
-18.9208
-11.7201
-33.2766
-25.7535
-30.9572
-31.6137
-13.5496
-8.4244
-24.2371
7.3066
10.8461
15.0697
-13.3873
-13.9734
-29.3227
20.6834
6.5602
-9.0043
-12.3883
11.5164
-13.2502
-7.2178
-4.1598
-9.7828
15.0359
-18.8356
-16.0246
-35.9344
-1.4152
-2.7816
-3.8887
-0.5806
-12.8714
-11.6426
-5.8930
-6.8106
6.1352
-23.6146
-20.2332
-8.9469
-42.4844
-24.9748
-1.7426
-7.7396
4.5516
-27.6305
-27.4162
21.8461
-9.3783
-11.9150
-19.9840
-21.9934
-9.7043
-0.6645
-13.5664
4.2547
16.1920
-1.7246
4.9074
-14.8213
-2.7179
-30.6102
-3.6670
-23.2195
-8.6502
-25.4148
-33.0287
20.4199
-34.6891
-5.9590
-41.0531
-15.0164
-22.3707
7.9203
-14.3449
-3.4677
9.1855
-6.7328
3.5055
-9.4367
3.4639
5.4463
2.8095
-3.0609
-33.5531
-9.9352
-36.3492
-23.4055
-4.1133
-9.5617
-22.4909
16.2188
-23.8455
-36.9227
8.0068
-27.8102
-6.9057
1.4685
8.2168
-13.2369
9.7668
4.6896
-7.0711
-16.8785
-33.0353
3.2746
-26.0459
-5.8148
7.4195
-42.0738
-27.1305
-43.0039
8.5301
-19.6398
-37.5695
-37.6437
-35.7953
-14.5898
5.0016
-2.4230
-10.1077
-14.5756
12.8004
-23.1844
-13.5508
23.0187
-1.6885
-13.0341
7.5280
-11.0434
2.1724
-6.5070
-10.8625
9.0447
-2.6507
9.2295
-41.1656
-1.9535
-18.1297
-47.9648
-36.1547
-8.6078
-10.8599
26.1949
-22.4492
-13.3912
-36.3755
-9.9594
12.4330
-5.9986
-12.0375
-10.0879
-37.4422
-28.7771
-6.0422
-15.5090
5.3754
-8.2982
-5.3977
-21.2660
-20.6025
-18.8544
7.0227
-0.8617
33.1695
5.3613
-17.4859
14.0053
7.0654
-12.6723
-11.3750
3.2160
19.5984
-5.8498
-6.5867
-11.0293
-4.2414
-14.0168
-6.9840
-37.8192
13.2215
9.6680
-20.2216
-12.7023
-16.6574
1.2492
-0.6674
-14.2374
11.1457
-10.4762
-3.3003
-30.2094
-12.9656
-43.0961
-42.3086
-12.7066
-37.5934
-11.6334
9.0594
7.4648
4.6664
-21.1561
-9.1180
-10.5645
-13.8523
10.5699
-35.5504
4.3799
-30.1094
12.0836
-22.7295
0.7953
-26.8201
-17.2052
22.0312
4.7875
24.5629
-22.0715
14.2105
-11.1990
-22.2703
-6.1968
11.5910
-14.5382
-13.8559
-4.2430
-15.9566
-26.4559
-22.2859
-21.8358
-17.3926
-26.8971
9.5493
13.9406
2.4719
-17.6203
-8.8604
-4.6645
1.6555
20.6812
4.9789
-13.6439
22.5619
17.3365
-42.0668
16.7480
7.6586
-15.5352
-31.3914
-30.9680
-9.9422
-1.5639
8.8707
10.5781
7.5145
-19.4590
-16.7117
17.2739
-28.2180
-29.9117
-22.6852
-23.3977
-1.3941
-1.6352
-18.4109
-27.3699
-5.2906
2.9699
10.0809
8.3332
-24.4562
-1.8053
-4.3215
-23.6914
3.5486
-9.3584
-18.1441
-24.1221
15.5492
-14.3672
0.9172
10.2120
-39.1508
-19.8958
-3.7578
-13.5025
-15.7301
-3.8492
-11.4379
-6.6043
-40.9086
-41.5047
1.4957
-21.5430
-23.0941
-31.5322
-0.2406
-11.6525
-13.9396
-21.1602
-3.4102
-31.2109
-11.9975
-15.8844
-2.9070
5.3461
4.3667
-10.1684
-49.3320
-10.2119
7.3379
-6.0113
-5.4797
-5.4184
-23.9139
16.4617
6.2699
-5.2957
13.0535
5.8603
-24.7409
7.8844
-9.3732
-15.8457
-39.7105
-31.4336
8.3031
-13.2578
-13.3734
-29.8422
-3.4625
-35.1531
-33.1293
-6.8872
3.8563
-8.4245
-42.3866
17.7547
-7.0563
-31.1621
-1.0383
-13.0430
-28.3445
-38.0742
-48.6258
-29.7023
-39.5859
-31.0395
7.0205
-32.3988
-19.6547
-38.7664
-36.3977
-13.3340
-5.4574
-10.1115
0.9383
-6.5520
-26.2408
-2.2984
-19.2543
-6.1100
-24.8203
-13.9989
-8.9509
-10.7025
-17.8703
-14.1199
-21.8320
-3.6465
10.9285
20.1689
-33.6688
-8.1461
-12.9070
2.5135
-12.9443
12.3090
-34.0750
9.7461
-19.6605
-23.7969
9.2775
-27.5105
-8.6094
-16.0190
-9.1977
-4.9824
-1.6425
7.7779
-29.7852
-45.4086
-36.5547
-7.3098
-8.2637
-14.0266
-36.6664
-46.6797
-14.2934
-24.8104
-3.4383
-2.0301
-14.9660
6.2629
-20.1555
7.2685
-27.7266
-18.4234
-13.4056
-22.4555
-22.1393
-38.5547
-34.3656
-8.1843
15.0129
19.6875
-13.9402
-17.8621
-25.0367
-27.6756
-7.3641
-21.0000
-1.0662
-10.8062
-26.0627
17.6668
6.4305
-14.3896
-14.8738
7.7172
26.6063
16.2465
3.8965
-19.4602
-8.7242
-32.6555
-28.3219
5.4508
-7.7852
1.8210
-23.9937
-2.4295
-10.6947
-34.7336
6.2270
-6.5117
-18.1203
-16.8180
-8.9771
-25.9307
7.9270
-1.9100
-5.9762
-16.6500
-29.0002
6.6973
-35.1535
-17.6930
-8.2453
-2.9660
-17.2430
-3.8645
-8.3496
-17.5316
-5.7135
-47.6570
7.2092
-31.6941
11.1003
-44.0176
-21.2766
-34.7586
-15.6623
-13.5832
-36.4487
11.8605
-3.0184
-36.9953
-14.2242
13.9500
-1.4201
-3.0455
-32.5422
21.1418
8.4742
20.0957
-13.0924
-3.8297
0.7469
-16.3691
-37.5492
-6.0460
-8.8539
-31.6383
-4.5920
12.0848
-9.4758
2.6006
-9.3727
-17.0443
3.2609
7.7514
-21.1648
-11.0961
-14.8579
8.9812
-10.0303
-11.3643
-0.6320
8.4668
6.1929
-16.3852
-1.3043
-32.2750
-1.0605
-15.7605
-3.2622
-24.9555
6.3594
21.1834
23.5293
18.8984
-42.7305
-41.9227
-28.6109
-6.5200
-21.5031
-9.6160
2.5602
-12.9159
-2.8398
4.8415
-36.4781
-36.1937
2.0410
-13.8459
-4.9661
-15.5297
6.6699
-17.4517
-2.7043
-38.8344
15.9885
0.7617
-1.0453
6.7090
-19.4839
-14.1803
-14.0473
-5.5316
7.7495
-13.2734
-30.3047
-10.8438
-10.7023
-13.3237
-10.7465
-20.0195
-31.6055
-5.6115
2.7918
-3.6636
-28.1977
-16.8096
14.4613
2.3324
-13.6051
-12.4418
-43.5477
-1.1688
-12.3258
-25.2230
-38.8246
-36.2137
2.6204
-21.4820
-30.4711
-33.1227
-32.8379
-11.0354
-6.1246
-3.7640
-11.5613
1.4567
-7.1846
6.5660
-32.4203
14.1234
19.7406
8.5793
-1.3551
-8.0703
10.6260
-16.8545
-19.0762
-5.4430
-32.0797
9.0121
-0.8078
-32.9590
-0.8451
-6.9931
-11.0008
11.8871
-4.6473
-2.6826
24.2357
-45.4297
-18.0125
16.6902
13.1039
25.7859
3.3266
-11.0479
-11.1008
13.8012
-22.2986
-30.7762
-29.6246
-4.7562
-24.2453
15.5070
5.4507
-11.0461
-8.5105
-11.3281
-26.6953
-24.7297
-18.3342
-14.7722
-2.8262
-8.3851
-18.8246
2.3742
2.9062
15.7418
-22.1070
-41.5508
-30.6037
-50.2039
-27.4734
-0.6379
-34.2875
-29.7133
-35.6156
-23.9804
-7.5676
10.4668
-10.6754
-5.3566
-10.6086
-26.0738
-13.0301
-5.7807
2.0531
-14.3352
-26.9988
-27.0047
-24.6145
6.3663
-12.5437
-17.3211
20.0852
-14.6797
2.0218
-9.4824
-8.1742
-31.0676
-34.8232
1.7246
-7.1875
-9.4422
-29.8625
-34.3383
-40.2313
-11.8877
-11.8105
-6.0781
-29.6621
-6.4553
-32.3570
0.0297
2.6684
4.6470
-37.3266
-19.5344
-37.6910
-36.8516
-6.5570
-2.3192
-28.1281
-55.6711
-8.1292
-19.6043
-12.7075
18.2387
-6.3430
-19.6590
-31.0652
-1.6473
0.5579
5.5008
-7.3082
-37.2797
-10.1949
0.8266
-28.7750
-35.7664
-57.8828
-23.8328
-22.4465
-49.4402
-5.9884
-3.1972
5.8127
-14.1086
11.4426
-16.4664
6.6031
-21.9992
5.0378
-6.7870
-12.2629
-10.2816
3.4074
-27.9539
-13.4568
-19.9484
-6.0279
-12.3207
-31.9191
-38.6006
4.0031
-34.8695
-13.3698
-10.2439
-9.2219
-5.0605
-6.4611
-30.7609
-46.8273
-26.6289
-26.8744
12.1520
4.1255
-10.8074
-34.1469
-4.7676
-5.8211
1.8928
-0.6711
-19.6852
4.3482
-6.6813
3.5154
-7.0512
13.1426
-23.3184
-31.6094
-21.6105
-29.5125
-14.8227
-0.4902
-2.4615
-31.6305
2.8438
-17.7855
22.4414
-25.9895
-10.0930
-41.9219
11.1367
17.0852
-6.5361
-50.4891
-26.9348
-11.4704
-12.9369
-7.8061
-54.2227
-27.6055
-9.1697
9.7056
-12.6910
-2.5164
0.4611
-34.6937
-2.0230
-3.3588
-18.6852
-9.9836
9.6201
6.2668
14.5509
-11.3192
-8.5629
20.0660
-7.2926
-0.4051
3.5460
52.7309
12.5606
-5.7207
12.0539
-5.4961
9.5950
-13.7801
8.0204
-42.6297
-16.9997
-19.6566
-4.9313
27.4730
21.8398
-25.7016
8.7031
-11.1523
-34.2414
-15.6477
-37.0336
-19.0156
-18.6348
-9.2285
7.6398
2.1055
-25.6352
-0.0306
2.3066
-14.1906
-28.9430
3.5695
-36.5258
0.9383
-27.1237
2.9709
-35.4314
-25.4094
-43.8695
-30.9820
-21.2695
0.3750
9.7512
10.5264
-35.0645
-28.9699
-31.4248
-17.9392
-16.3391
-17.5500
-4.9176
-18.1020
-12.4959
-22.8051
-26.7836
18.1285
-36.9557
-3.1520
3.2742
12.0363
5.4594
14.9441
-2.4409
-7.7084
-11.8804
-9.5469
-1.0137
-34.2164
-5.1129
0.0300
8.8877
5.6842
3.0879
-9.4291
-25.5329
-2.5253
-30.0016
-1.5730
3.0180
20.7703
5.9680
-2.4065
-10.4732
-8.4745
-22.4660
-0.4557
-44.4578
-4.2304
-29.4410
13.5750
-11.0148
-0.6645
-9.7734
-7.3811
-23.0000
-8.8328
-5.2442
-2.4235
-41.2547
8.7563
-16.3844
22.9031
14.0961
1.2095
15.0285
-6.1582
-5.0430
-29.8430
-18.6555
-11.0590
32.0035
-34.5305
-27.0164
-29.9090
-3.4539
2.9512
12.6523
0.3797
7.0527
-30.5842
-21.5440
4.7984
6.5832
-36.2242
-7.4867
-17.3720
-22.6617
-29.5271
-4.3324
13.9762
-20.7482
-6.7980
-29.2238
-13.9266
-27.9172
-1.3143
14.4617
-26.4289
-8.2971
-40.7539
44.6305
25.9527
-12.7273
-14.5402
-3.9498
16.7133
-3.8246
9.9984
-18.8875
-29.9367
-33.5234
-7.8115
0.0496
-19.6977
-21.8062
-40.5234
-6.0371
-18.0445
-3.8445
-18.4051
-25.0319
3.5582
-33.7227
-2.0547
11.2162
13.3492
25.7453
7.8410
-13.2465
-7.8484
11.6617
-34.2602
-4.8611
-21.4561
-3.5019
-44.8359
-41.5297
1.0734
-17.2969
-17.0121
-12.7844
-10.0961
-21.2469
-41.6211
-15.8554
-5.3654
-12.1411
11.6535
12.1459
-8.0686
11.7242
-31.5598
1.4488
-16.5889
-5.5523
-8.8797
-21.7352
-20.5195
-12.5502
-9.3336
-23.1264
-13.3737
-14.5805
-21.6273
-24.0891
-5.8297
-3.4051
0.6854
-1.5655
-31.5500
-6.4215
-5.1781
-3.9841
-15.8054
-25.6191
-21.0242
-8.6033
-6.5987
-33.7109
-12.3322
-35.6078
-5.4559
-31.7352
-32.9008
-8.3125
-13.2566
17.9680
-1.6227
9.4697
-26.4906
-17.8172
-26.9344
-29.1281
-9.7133
22.3262
-15.3352
-21.5414
-11.1457
-6.0102
24.9984
6.4774
-28.2563
-20.9570
6.2199
10.1434
-2.4289
13.6879
-13.3619
-15.7859
-32.5750
-4.6268
-21.3227
-52.7230
-1.8077
-14.0375
-20.5191
-5.3824
19.7762
17.9734
-15.9535
-33.6836
-17.1367
-28.6609
3.3359
-43.7730
-17.8949
7.9156
-7.5523
7.9516
-21.3727
-37.5641
-18.7875
6.8141
20.1688
6.7004
2.6444
-10.5232
2.6042
6.4546
1.1857
13.2172
-5.8375
-2.3812
-35.5602
-15.3594
19.5172
6.1902
-22.4950
8.9297
-9.7215
-13.2258
-8.1186
-24.3014
9.0662
-37.2133
-31.3035
-11.3984
-4.2099
7.4875
18.0414
8.5363
13.6135
9.8164
-0.2576
-2.3854
-12.0613
17.7562
-25.6207
5.0391
14.0520
7.3928
11.7215
-5.9273
-40.7484
-29.7344
-43.1734
-37.2109
10.2038
-0.8559
15.4023
-7.1484
-2.5650
-22.5848
-0.3166
2.6926
-5.8289
0.0348
-7.7115
-8.4107
2.7557
1.3630
-33.2008
-12.2223
-54.0914
0.8793
-9.7785
-23.4215
-23.4055
-11.8188
-15.9852
23.9637
7.1730
-22.6727
4.4969
-1.4781
-35.6250
-11.4574
11.5188
-1.5209
-14.3844
-26.0805
-20.9852
1.2121
-3.1719
-2.9422
-11.8359
-24.3852
3.2795
-4.0818
-30.4459
-34.6484
3.4992
-11.2284
-21.8344
-3.2746
-20.7230
-25.4145
-11.5966
-3.5015
-15.9977
-42.3438
-10.9551
-33.3727
-7.1996
-33.4969
-23.4707
-30.5242
-17.6655
-14.0766
-8.9699
33.1777
-3.6322
-38.9508
-4.1180
25.0156
-29.3703
-14.7361
-20.8311
19.3664
-2.6516
5.1326
-23.3937
-24.0980
2.1164
2.3795
-32.4633
5.7681
14.6051
-27.2383
21.2418
15.6313
10.3975
-9.8898
-31.5082
-21.5107
24.2002
-22.3039
-12.4135
-45.0258
-20.8133
-41.7355
-7.1527
-40.5609
-11.1148
-2.5402
-11.8548
7.4914
-37.3723
-3.2677
12.6023
-26.8609
-17.2083
-7.7037
6.3145
-32.8602
-5.2330
-27.2297
-17.5305
18.8623
2.9645
-28.2961
-13.6432
4.2570
-15.3682
-12.5531
-9.0371
23.6352
-20.2005
-16.2727
7.3033
-17.1884
0.0742
-6.7295
34.1039
17.1180
7.9863
-23.5992
-28.7039
8.5443
-29.4617
-3.4059
-28.7234
-54.1312
-41.4602
-15.6965
-14.2105
-14.6043
-50.3820
-23.4477
1.4490
-18.3070
-29.7064
3.6000
5.5986
-0.5527
-46.7281
11.9254
5.9664
-31.6461
-31.3388
-8.1527
-36.5926
-36.2242
-20.1992
-16.8027
-42.9055
-7.8762
-0.3963
-7.3879
-5.0419
-30.6664
-27.2299
-1.8617
-0.8973
15.9730
17.6242
9.8352
-11.9514
-12.7094
-18.5164
-4.2122
7.9615
19.9965
-2.4041
-5.6813
-40.9359
-17.6297
-32.1750
-17.2672
-40.3664
-10.0612
-39.5805
-37.2508
-13.1187
-22.0434
-5.8043
-49.9477
11.0248
-44.5719
-17.7332
-33.8664
-2.3092
6.3398
7.5469
6.7754
-12.4078
3.8617
-3.4047
-10.2949
-6.7277
13.3547
-24.5707
-41.5062
-41.7641
-19.1918
-33.5094
-14.4062
3.9227
3.8547
-10.5707
-3.4102
-13.5955
-15.1960
-14.9258
-29.6508
-1.3836
-17.6330
-14.4090
17.7719
-2.3516
-7.1002
-5.6939
16.5771
-2.0773
-1.8791
13.2312
23.0715
20.4750
31.4037
-12.4941
4.8482
14.2396
-6.7375
3.5816
-19.0499
-5.5000
22.9656
-37.1664
-11.5168
-2.2988
-2.4551
-39.8008
-44.6465
19.4754
-19.6814
13.7883
16.0408
-20.0992
4.4594
1.2896
3.8396
-50.3898
1.5693
-33.4574
-8.5477
-23.8265
-15.6723
3.9009
19.0859
5.2508
-7.5156
-35.4500
-10.7388
20.5934
-8.9328
-14.3715
-8.9172
-10.1320
-10.0027
-38.5949
13.4273
10.5512
-45.6320
-42.5187
-23.0871
2.7637
-13.4547
16.0492
16.0793
-26.7156
-2.3919
0.1926
-8.2316
4.6125
-10.0289
-36.5844
6.9633
32.4656
34.3180
5.4866
8.9006
-41.7273
-40.3598
-11.8837
-21.2570
-24.0328
-0.6475
-6.5592
-9.3208
-39.3352
-33.1312
-3.9613
-32.5602
-32.3211
-45.2945
-23.8312
-19.4410
5.1095
1.7031
-11.1692
-40.8312
14.9145
9.6551
-11.8467
-27.1469
-15.2148
-4.7002
-30.2141
-36.8344
-30.5484
8.9676
-12.9879
31.7430
6.8898
-7.4367
9.0250
-12.2043
-19.9637
-31.7281
-24.9430
-5.5704
-23.2285
4.0540
-17.6371
-14.0906
-31.6773
-42.3289
-4.6180
-6.5094
-28.0734
-18.8070
-37.0586
1.7682
-2.2098
-24.0030
-20.2949
19.1453
15.9535
-43.4164
-23.1699
12.5270
-13.4656
5.2133
-36.0184
20.9961
-10.9586
-9.4461
4.7086
5.9422
-16.2766
-5.0998
24.6662
-12.6807
15.5572
-17.4941
-30.3135
14.0645
13.9367
10.2855
-11.6591
-2.7222
-8.2051
1.5416
-16.8883
-5.9318
30.1562
-15.3719
6.6426
-17.5625
-41.6901
-17.2523
-23.2656
17.0035
-16.2164
-2.7350
7.3357
-4.2502
-5.0710
7.6613
-20.1688
-8.5137
-4.6027
0.3328
-28.1371
11.7328
8.8391
-10.2098
-9.8539
-5.3559
-7.7553
-44.4875
11.8547
8.3484
-4.9057
-14.2270
11.3320
-6.8452
7.8242
-17.6656
-16.0684
-20.3926
-43.4930
13.6187
8.5021
-30.5436
-2.1114
-26.2490
-14.2344
-39.7891
-22.5961
-41.0578
-35.7852
-35.2895
-19.4328
-29.3824
-13.1617
-28.6164
4.0570
1.6289
16.4219
20.4258
-8.1605
-8.4316
-18.4106
-14.7965
-6.8355
-0.4641
-28.5385
-16.9969
-31.8094
1.2398
-6.2492
8.3973
0.7932
19.6294
-13.6444
1.4842
12.4656
-18.3107
-3.8000
6.0578
-48.0547
-11.9171
3.3133
2.7859
1.9383
8.6023
11.7840
-0.2590
-3.0938
-25.7383
-52.4844
-34.8148
-29.4891
-13.2604
-18.7648
1.3229
-14.8434
7.8407
2.1174
3.3973
-21.7145
-6.9750
-27.4324
-33.0820
-14.3672
-20.8578
-4.7535
-40.8016
-19.7322
4.4844
1.1991
-22.6690
-34.7453
-0.3023
-15.4908
-18.6010
14.2238
13.4918
2.2527
-23.8450
9.1652
7.9453
41.5633
27.9203
27.9145
1.9454
-33.8453
-17.9070
24.6207
-36.3072
-17.7515
-8.1170
-5.4655
7.9816
-21.4375
-17.4955
-22.6109
10.1113
3.6238
-16.8397
-34.2305
-53.3063
-40.5727
-2.2692
-13.5441
-29.8586
-19.4709
-12.3007
6.5857
-29.5633
-0.3672
2.2801
-23.1859
-10.8654
-11.6430
23.1035
-1.0428
5.5660
-5.8846
3.6289
-14.9836
3.2193
-14.6070
4.3554
-24.3164
-1.3418
-23.2090
0.1246
-28.5086
-32.6641
-16.2062
2.8852
19.6004
-7.5402
-6.9846
-9.1146
-0.5270
-7.8816
6.1023
-14.1438
-10.4616
13.3438
-30.8531
-22.1906
-24.2346
10.1406
-11.8668
-16.6961
-31.6240
8.2094
2.5498
-13.0416
-3.8434
-12.4187
-5.6742
-18.6391
3.5060
11.4223
7.9125
34.3762
-20.5129
16.0875
-17.2365
-1.8956
-14.8065
-10.8738
-40.4059
-7.7125
18.4176
-2.9733
-23.8066
-9.2602
2.4502
10.2785
9.8773
4.8828
-6.2121
-26.3541
-25.8316
-7.2183
-31.5430
-7.9289
-17.5043
-11.6199
-29.7117
2.2164
-23.9606
-26.1994
-13.8477
12.5872
-9.1523
1.4453
-11.0025
-43.6852
-31.8570
-9.5771
8.0098
-13.0417
-10.8734
-31.9984
9.8715
1.2000
-22.5648
-4.1680
-13.5605
-5.5545
-4.6652
5.8490
-30.9367
13.8496
-1.3160
-8.5897
-18.4312
-23.2203
-0.9949
-16.9117
22.8270
-54.6133
-36.1961
-20.0834
18.1750
-2.7629
-30.5801
9.0734
5.1200
-31.4148
-6.4545
4.2428
-22.1578
-25.1107
-10.3195
-35.9102
-35.6773
-32.3689
6.2402
1.4127
9.2656
16.3953
-27.6668
-49.5711
-40.7578
1.8703
-14.4604
-9.0367
-1.5086
30.5738
-9.7442
-25.0929
-7.0672
17.6775
-11.1441
-29.1992
-26.5184
-0.7966
-21.3072
4.3871
-43.8484
-0.3985
-12.3492
-21.1410
-4.6527
-7.0832
-4.3953
-11.6514
-22.6666
-11.3498
0.8570
-12.2838
-18.4586
-19.0727
-23.2641
0.2562
13.6867
-9.2537
-11.8195
-27.7629
-32.7469
-17.2379
-9.0930
7.0340
3.4010
-16.8195
-9.6893
34.6195
20.4262
6.4645
-7.5009
-5.6269
-13.4906
-25.3724
-6.4697
-20.3582
8.3086
3.3958
-17.5541
-9.0262
-13.8223
5.0988
-25.8857
-17.7692
9.1443
-15.1848
-39.0672
11.1914
-28.5652
-23.1688
4.2820
-1.2273
4.7957
-7.0129
3.6191
-37.2172
-1.9329
7.0764
4.3541
-9.7963
-8.7246
21.0590
-4.7777
-45.0492
-38.5094
-32.1320
-32.4320
-17.5496
-13.7117
-21.2508
-15.2589
-8.0441
-4.7008
10.3906
-1.4341
-12.5770
2.5159
-4.2023
-39.8426
-3.4980
20.6867
-4.4941
-17.3859
2.4344
-34.9385
-23.4125
-39.5404
22.3367
24.4930
-7.7562
25.1961
2.5957
-27.1676
-18.8760
5.4906
-32.9422
-38.8844
-4.7118
-33.4203
3.5072
-37.3133
19.1136
-15.7998
-20.5023
-15.0607
-26.0234
-38.7145
-3.1676
-0.3889
-3.1482
6.2682
-4.8156
-19.7848
11.8559
-34.6305
-16.9699
-26.1453
-21.3972
0.9025
8.8812
-23.5512
5.1914
9.4572
10.6547
-17.1262
-8.4473
-35.5008
-0.5445
11.6159
10.7750
7.8859
-26.2359
-18.1785
-26.1234
-42.1602
-41.6113
-22.8156
-7.6783
-13.3754
-2.4612
8.4195
-11.9202
-6.5180
-15.7742
-52.3563
-33.1898
-12.9688
-35.3270
-19.0438
24.5609
-25.4660
0.4113
-6.0110
20.4453
-9.2773
5.0796
-33.2582
-0.3586
-28.8613
-13.7351
-21.1422
-30.5500
4.1329
-25.1187
-13.6299
-2.6971
-17.9047
-19.7051
-31.8128
4.6340
-15.4531
-45.3711
-0.0422
4.2473
5.1462
-8.0670
-22.1457
-11.4396
-42.0195
-37.4242
-37.6984
-18.2877
-10.0266
-31.6469
-45.5367
-27.3779
-6.3406
-12.4660
-25.6504
12.5324
-40.6625
-41.8937
-37.2016
-26.4594
10.9164
8.1059
-30.0113
-13.7082
2.3396
-12.4816
-17.1066
-13.2988
8.4641
27.5781
17.8816
7.8719
2.6488
-17.3937
-35.7598
-23.6844
22.8344
7.4945
-35.0082
-1.1977
-10.6629
-5.5058
-6.9951
-27.0719
2.0445
-50.0398
17.0996
8.2992
-15.5898
-24.1517
28.0484
3.4168
-24.2035
16.9412
-10.8176
-39.1453
13.8691
3.6797
-40.9141
-6.1195
-29.1094
9.8703
0.8127
-19.5402
5.4517
-42.1789
-30.6742
-12.3344
-6.4172
0.6759
-29.9062
17.9297
2.0176
-18.4072
8.6484
15.1453
28.3355
-2.2484
27.0359
18.0125
37.0305
11.3766
15.3652
-9.7179
-16.3117
-17.6629
-40.0172
9.5352
3.5984
-1.4531
19.3609
-9.2055
-31.3871
-32.3516
-34.4437
-19.2695
-10.1441
6.2574
-6.9741
-2.8893
-23.4883
-9.8582
-7.2598
-42.2906
3.1211
-24.9766
-16.0936
-14.1748
-16.2655
24.1445
-20.8859
15.3699
36.8961
-19.1707
-17.7716
-18.7062
3.8160
6.4703
-3.0051
1.3816
6.5824
-1.3316
-23.5241
-14.3927
-14.4215
13.5949
-18.6555
-38.9609
-36.7906
5.8787
-3.8742
-25.5891
-40.8875
8.8652
-20.4408
-30.3715
-7.7949
-26.7234
4.5504
-21.1777
4.6582
2.6535
7.6641
7.8943
-41.2031
-29.8878
4.7113
-15.4020
9.2957
17.2910
-20.1719
-42.7891
-21.7434
-31.4059
21.1781
4.4316
10.4355
-11.0043
-14.3602
-5.5634
-5.5847
23.1465
-23.9031
-45.8281
-13.3878
-2.6458
-24.9570
8.4484
-8.2484
-5.8840
-8.2152
1.6721
-1.8762
-0.7105
-42.9445
0.1578
-42.2153
-8.6593
-11.5434
7.7840
9.7016
-30.1977
-32.9969
-30.1930
-36.5875
-30.3023
-31.3375
-5.7229
-41.4020
-34.3008
1.6251
-11.1426
-15.8635
-1.5414
32.0344
21.6141
2.0342
7.5770
-7.0557
-1.4282
-25.5346
-36.2827
-11.4607
11.4816
-4.5938
-20.2785
8.4191
-20.7082
-21.9053
-8.6105
-24.3813
-18.1750
-24.6891
-44.2891
-17.8539
4.8477
-40.5443
-15.5688
0.9589
-5.5977
-5.6094
-17.1572
20.8629
-27.9988
-23.9574
0.3051
-21.6180
-17.0078
38.6875
2.6915
4.6031
-9.4133
4.3480
12.5977
13.0641
-1.7932
-10.7602
-0.8445
9.4416
-17.1855
-20.6820
-32.4523
-40.3180
-0.0210
-5.6084
-43.6242
-6.1469
-24.2262
-5.5011
-9.4836
-5.0141
-11.6233
-23.4484
-7.4423
5.4043
-1.7455
-7.9977
3.9949
-11.1812
6.2168
9.9777
-25.0109
17.3371
-19.3867
10.9293
-11.7969
1.7961
-4.6426
-19.7389
-12.4430
-21.4633
0.5891
-14.1279
-9.2979
-8.7947
-22.3762
-8.1460
19.7172
24.4383
-24.9547
-1.1828
4.6758
-14.7594
-6.7859
-19.7375
-12.6496
21.9648
5.2305
18.6818
19.7934
2.1879
-7.1252
3.6957
-16.8723
-33.4820
-32.7687
-45.7492
20.4193
0.6033
-20.4312
-7.7207
-9.7262
-31.5945
-8.7018
7.3449
3.9883
-18.9787
-14.5615
-20.2344
-12.5523
0.2616
-24.1969
-9.0388
-37.1398
-29.8395
-10.7490
2.0918
-36.0180
-29.1984
-27.1707
-28.9031
7.2598
29.4732
6.0502
-6.6194
-3.6080
-15.2801
21.2984
-18.0934
-16.7662
-25.7047
-41.2195
-41.7141
2.0656
11.3465
2.3436
-20.4664
1.6395
-7.4134
-0.5883
26.9227
1.9754
-8.5777
-1.3523
-9.0878
-7.7580
-10.8225
-4.2742
-0.6533
-25.9918
-13.1283
-31.2320
-12.4922
-40.1926
13.0753
-14.1283
-23.9875
-8.1296
27.6938
-12.6732
-37.0367
-27.3447
-43.3066
-19.1341
-20.0046
25.0961
-5.1805
-2.5383
4.1445
23.1689
-39.3781
-15.2793
-28.3516
0.7023
-11.9391
-19.6530
12.4031
-12.6316
28.3687
-3.7090
-53.4020
15.3785
-12.9912
-50.7781
-26.6137
20.4840
-0.9121
3.7020
-3.3332
-13.4904
3.9688
16.1973
-12.0328
-45.0070
-23.0766
-26.8602
-23.6000
-55.0797
-33.8609
-10.5415
-24.3266
-35.8527
-12.1844
-23.5484
-9.5035
-36.2773
-28.0410
12.0647
-14.0183
-22.2742
-5.4545
-0.7466
-0.4404
-17.8283
-23.2531
2.3777
-4.7361
26.3211
-22.9137
-11.5867
2.8172
-48.0234
-35.7680
11.0623
-7.8133
-13.1462
-2.2086
-33.9441
-13.2211
44.4742
21.2504
20.7322
-5.5521
-3.4881
3.3631
-23.7008
-28.5025
4.6387
12.8934
-31.7053
24.3965
-28.6441
-9.9109
-6.8166
-17.4328
-2.6172
1.7346
18.0043
-9.2477
9.5035
-2.1844
23.7477
19.5461
-10.7666
25.9324
24.3789
1.7496
7.2666
-29.0352
-11.9133
-23.3504
9.5613
10.2331
-45.5699
-28.2582
-33.3875
2.3344
16.0891
-5.6691
-2.8703
2.7260
-13.5084
-19.4016
-47.4461
-4.5664
-28.9836
-32.1641
-37.0852
-21.4027
-10.9021
-33.0000
-13.0234
-28.9031
10.2020
5.8720
-4.1051
-35.1629
-5.0859
-27.3289
-20.9141
-33.9289
-6.1133
-30.1699
10.4719
10.4398
-6.1531
8.3391
-20.3637
-23.0863
-4.9240
-26.0172
-4.8682
18.9520
-18.6180
-9.2330
-9.2727
-12.4607
-36.3557
-20.2398
-35.8621
-17.2764
-10.5418
10.4109
7.1516
-16.0303
24.3551
-15.0068
-11.0145
-7.7177
2.5517
-26.4092
3.6137
-24.8017
-9.3355
-11.9338
14.6778
-13.2781
-12.8121
3.0645
-42.2680
6.6871
9.4094
-22.0047
-41.3266
-26.6906
-35.5426
-15.1578
-10.1059
3.2519
-9.7033
-18.9133
-29.4492
-16.0383
7.4833
-34.4180
-3.6096
-11.0512
-47.7023
0.8552
1.2723
-5.4656
3.8234
-4.3172
-20.0588
-14.9684
-30.8375
-50.7711
-28.8172
-21.2547
-13.2317
-48.6959
1.6453
20.4523
23.9832
-3.8078
15.9734
19.5500
13.3891
-15.9379
-15.6938
9.7957
-48.4859
-15.7316
-6.0797
20.0211
-16.8656
-44.1148
-38.3064
-4.8531
-20.8648
9.1197
-12.8402
-0.4619
-20.7008
11.7406
25.1141
2.1273
-19.1168
-3.5305
-16.4469
-8.1800
2.9555
12.0992
25.5109
30.1832
-36.9688
-45.8227
15.7914
-13.7422
-28.3912
-3.9906
-12.8486
-26.3219
-7.8816
-19.4592
-44.1297
-47.8703
-23.9303
-17.8771
11.8008
-16.1313
-28.3945
-38.9039
-35.3672
-55.7523
-4.7165
-14.0529
-24.5547
-31.0965
-13.0984
21.5754
7.3875
-9.8740
-2.1086
-30.8172
-18.1437
-24.3383
-6.5828
-10.1983
-31.6805
-27.7742
-6.0168
-2.7500
-16.0211
-14.5969
-12.7281
-41.7875
0.2160
-22.9273
-6.4634
10.6633
-5.3793
-19.5398
-13.1121
-53.5305
2.2664
-7.5625
-13.3414
17.1234
2.8838
-2.1406
1.1734
-7.5584
-39.1664
-27.3873
27.9195
5.8830
-16.0807
12.9445
26.3383
5.0695
-8.3180
-16.8129
-23.1256
-12.2104
11.4555
13.7703
-12.7477
-31.8164
6.5871
-24.8005
-7.1848
-20.6402
5.6156
13.9357
-13.4484
-40.4562
-0.4594
-25.1027
-3.2547
-24.5470
6.5525
-6.9997
8.4559
-16.5930
-21.5867
-3.2542
-13.6328
0.0546
9.0199
-19.7826
-9.8676
-33.2117
-40.2875
-18.9727
-8.4598
-3.0969
8.5043
-16.9546
11.5121
-9.0719
-49.3156
-21.8156
0.6406
-1.3773
-19.5652
-25.7076
-16.1893
-10.6012
0.1391
-12.4656
-36.3775
-21.1426
-1.5008
-38.5326
4.6051
6.6301
-30.2547
-13.2521
-29.7465
19.1867
3.8730
15.8469
-18.6445
-19.6020
-5.5356
-42.9773
-26.3953
-33.0219
-5.7937
-20.2900
-28.2414
-25.5352
-12.5086
2.4047
-0.2988
-46.9555
-30.7406
-27.0758
-51.9508
-6.4340
-2.5574
7.2666
-3.5922
-28.5562
-8.4465
-5.7867
-3.6160
-5.8117
2.2926
13.7768
19.3848
-42.4320
-16.2086
-13.2473
-45.2555
-10.1484
-40.7594
-54.9328
-2.4480
-4.0481
-25.3453
-16.8128
2.2229
4.0910
20.8652
22.4480
14.6441
5.4234
2.3094
-6.3508
-25.3453
-18.7852
-6.7776
24.8066
29.8285
-23.1617
-29.7465
-3.4537
-36.6324
-2.2988
-9.7686
-40.5070
-30.0023
11.5969
10.9703
-44.2166
-27.6539
4.1273
-1.4012
-41.3547
20.2508
4.2945
9.7732
-11.6990
16.8777
12.0236
0.3850
2.5765
-8.1418
16.3199
-16.7104
-38.5395
-18.1359
2.4051
1.3887
-4.8914
35.8453
14.8734
4.8977
-6.5418
-15.7119
21.9758
-3.8488
1.1819
-8.2078
-15.0934
5.4579
6.0153
15.7563
-50.1766
-33.0609
-31.3934
-17.2117
-49.6570
-21.2893
-7.0693
-9.3379
2.4199
20.3322
34.8598
-16.6292
-1.7861
12.1277
-14.5164
8.3004
13.5348
-8.4547
-24.4234
-23.7477
-11.8350
11.6891
13.0548
-7.6334
22.8848
-5.5152
-5.7627
-4.8752
-11.3391
-40.0207
7.4387
28.1056
-2.3789
-18.0965
-13.9062
-50.0707
14.6902
-44.5273
-1.1637
6.2205
22.8641
6.0766
7.0525
0.1445
-22.6186
-23.4043
-22.7443
-15.7752
-9.6551
-13.1852
-30.8203
-18.4422
-10.9992
-20.3768
8.2887
-9.3982
-10.5373
-33.6684
1.9672
-45.4602
-36.5203
-10.0242
13.2098
15.9375
16.7402
-6.5945
-27.0582
17.5945
2.9862
-36.3518
-8.8060
7.3117
1.3482
5.7674
10.0184
17.2906
5.7508
28.7610
-3.5574
10.2652
-13.2355
-10.5258
2.8969
19.0266
-23.3367
8.7695
-63.1391
5.1567
-19.5637
-16.4332
-18.5570
-23.5719
15.4156
-0.0098
-5.0697
-10.1383
-6.3543
8.2512
-34.6969
-19.2092
-6.9086
-13.9926
-3.6437
-13.7918
-34.6039
-32.4367
-21.5594
-23.9555
-2.4234
-10.8541
12.2848
-5.0490
0.7059
-42.3219
-39.9727
-23.7699
0.5707
-4.8600
-54.1664
-30.6125
-40.4023
-28.4031
-29.4320
-41.6305
-38.6914
-20.4727
-31.0375
-2.5367
-11.7172
-4.8227
36.5113
-5.4410
25.6531
-2.7398
3.3926
10.4875
14.7297
-5.9064
9.6453
-13.8594
-27.3836
-12.2108
-1.3482
-15.6297
-14.9297
-17.3258
12.7538
-29.0587
-14.6668
9.2937
-19.5137
6.0486
-7.3055
-5.3170
12.7891
-12.8473
-12.0387
-35.0078
-22.2406
-4.3457
-30.7596
-12.6168
9.9117
-24.6689
4.0923
-31.3297
-25.1289
-13.3797
-35.7125
-39.2039
-9.8914
-9.5148
29.2215
14.5582
-1.1705
17.6375
-10.6990
-20.6140
14.0605
-17.0016
-19.1274
-8.1834
3.6895
-15.8088
3.8297
-5.3742
-1.1688
-1.3707
-33.3854
-40.0836
-21.7660
25.5879
14.6207
8.4379
-3.2984
11.0176
-31.2469
7.6672
-23.5969
-12.5082
-24.6485
1.6928
-30.6266
-2.8068
-20.2598
-12.7188
-12.9037
-3.4266
-45.6350
-8.5035
-1.1020
39.7508
-8.4695
6.9727
0.4215
-52.6945
-35.4074
-9.1094
-1.3836
1.1226
-13.2414
5.6855
-4.5357
3.7219
10.0896
-0.4816
-13.8781
-23.5172
-27.0234
-3.1125
12.9129
-1.4135
-27.4318
13.3602
-2.5910
-36.3477
-19.0555
6.1980
-8.6902
-1.4977
-11.2953
-10.4451
-9.9949
-32.5914
-24.5375
0.2256
-2.2523
-55.1445
-16.0336
-26.3289
-16.6320
-2.9646
-7.8451
14.7542
-6.0641
-38.7387
5.8027
-26.0605
-49.2109
-29.3344
13.9410
-36.9180
-31.1871
-19.4789
-43.6109
18.8344
-12.6846
-3.0742
-0.9156
19.1703
0.3984
2.0225
-6.9051
-26.5117
-3.4918
-8.5102
-6.1937
12.2088
-29.1457
13.0244
34.7828
-0.6258
3.7344
-33.4406
-8.0723
8.3957
4.2590
-4.7850
-16.7605
-18.8508
10.9184
-25.9141
-6.4510
-31.1398
-15.5047
16.8922
32.1094
12.2891
-1.9354
12.1051
-30.8531
-32.5758
4.5447
-20.0602
-46.4664
-9.5149
-28.7191
-32.3223
7.2551
-0.0123
7.3512
3.7044
-24.8160
9.7426
-31.5447
2.0055
4.6082
-3.0961
-17.3942
13.4403
-8.4472
-23.9013
6.5047
-16.5489
16.8684
-15.1258
8.1729
2.9258
-24.8297
-36.7368
9.0557
1.5786
6.5512
4.1602
-10.7311
-28.3920
-0.4828
20.2941
19.8652
13.2539
26.1559
16.2234
-9.6484
-15.2071
-52.4820
-13.3879
-2.8764
-21.0234
-12.9796
-11.2745
-1.5305
-5.3854
-8.2395
12.0742
1.4983
-6.7703
8.8752
16.9895
-7.1039
-16.2138
-13.1146
-9.1936
5.6988
-28.6938
-3.2828
-21.3170
15.5939
-9.6324
-19.6957
-57.4781
-28.4309
4.0258
-10.9922
-2.1813
-9.0121
-3.9912
-21.4344
18.3436
-37.2852
3.2715
-22.7799
41.5168
-0.6013
-7.4362
-21.6043
17.2891
6.9563
-38.5820
-14.2312
-9.9320
0.3391
-19.1688
-14.7906
-39.2008
-17.6078
0.4262
-15.4180
42.0734
-7.4980
7.2648
5.9258
-8.2025
15.1965
-9.5664
-33.9000
-13.8137
18.6352
2.8496
-11.3979
-3.5078
-3.6193
-14.4980
-13.5908
-1.0727
-23.6766
-3.8463
-5.3399
22.4516
19.8852
-17.3850
-7.3109
47.8961
1.2209
23.1715
2.6109
-36.2750
-21.9512
-24.3186
23.6133
-30.2289
-6.9500
28.9188
1.5488
-2.1533
8.6305
33.7297
-10.6074
-18.3590
-4.5586
-24.0021
-19.2340
-21.6794
-33.2465
-12.6078
-23.5652
-5.2754
-4.3676
-4.9092
-14.3164
-32.2992
-23.8727
-9.4802
-13.3816
27.1586
0.7961
24.7777
7.2533
-4.5938
-28.3809
-1.7586
4.6195
-7.9711
11.8047
-18.8895
-20.3430
-8.9737
-25.9547
2.0170
-17.8965
-22.1826
18.8145
11.7957
-34.8086
-23.0906
-26.5070
-31.6430
-16.1715
2.3559
-41.6266
-23.0645
-44.0180
-2.7016
-6.0125
-38.5164
0.5789
-40.4766
-23.6719
-5.9055
3.1373
-15.5898
-9.6449
-28.5734
-17.2785
-17.1838
-13.9703
-4.5496
-19.6467
-3.5680
5.7355
28.2980
-0.2352
18.6449
-39.8289
-35.5916
13.7551
-1.0797
30.2982
-9.8883
-10.9557
-21.5449
-22.7578
8.0061
-27.0029
-10.4426
11.4937
-15.5811
-12.4824
14.2480
14.5391
-4.6801
-32.7336
-34.5336
-0.5855
-6.1980
8.0270
-40.1344
-4.1558
-14.8020
27.7793
-18.4625
-17.6086
-8.2453
-35.8570
-5.5398
22.3977
4.0687
21.2086
3.7591
-26.7039
-16.8211
-6.0512
-33.5066
-29.5352
-7.1980
-19.9719
-27.0969
-22.7008
3.5994
-33.2766
-15.3898
-19.0812
-1.5984
14.1844
-25.0305
-8.1654
-14.9734
-42.0828
-22.8625
-9.3516
-1.0739
2.1562
16.6027
-16.6616
-6.0156
20.9719
22.5207
-12.6098
-7.7544
-2.0750
-12.9602
-12.0903
-4.3029
-54.0211
-28.3219
-26.2703
-5.1713
15.3218
-45.1023
-27.3594
9.5867
22.8797
-19.8531
-7.5062
-6.6905
-17.4922
-16.6219
-2.9314
-12.1424
1.0992
-1.4648
8.7902
-18.0945
17.9617
18.8046
-29.6508
-20.0851
-41.4466
-25.6898
9.8988
-26.6344
-23.9266
-6.6580
0.6291
-7.9123
-39.2289
-11.2504
-20.6750
-42.1672
-1.5406
7.3304
-31.7945
-32.2691
-23.5109
-31.5148
-42.6813
1.3816
-33.0776
-3.5555
-8.0938
-13.4988
-50.1703
-21.1289
-2.6414
10.3047
-10.1696
-27.7277
-28.8289
6.4227
-29.4836
-17.8906
-3.5596
-43.1477
-46.0787
-24.6383
-22.2078
-7.2760
-20.3920
-0.6629
-0.5461
6.3137
-4.3919
-16.5914
-25.8703
-25.9641
-36.0070
-25.3488
20.8438
39.4805
15.2371
1.6329
-12.9023
3.8359
-17.3475
14.8258
3.7234
4.4414
18.8871
-27.2281
29.5734
1.7250
15.8969
33.3668
1.1711
-21.6865
5.1090
-0.6652
9.8184
0.0195
-17.7172
-13.2561
-27.6719
-43.5500
-16.8289
-48.2875
-10.3219
14.6223
-12.0650
-6.9953
24.2258
2.4613
-22.6656
-36.6781
-6.0875
-29.6246
-28.3461
39.7141
13.1414
5.1883
0.2809
1.9727
-15.2422
-20.2176
-28.4962
17.0387
-41.0906
-11.9273
-4.1648
7.3035
18.1742
34.1934
23.2699
-26.3281
6.2267
4.0219
-28.0281
-0.8668
-14.5258
21.6441
-6.7688
-10.1855
-14.8134
-2.7070
9.6289
-1.2313
-7.2977
-4.5140
-14.1410
-25.4430
-49.8305
-20.4352
-34.4219
-48.9437
-29.7654
-7.5129
-18.4727
-39.8000
-22.5125
-23.6794
-3.4301
-50.5727
-2.5463
-11.3107
-5.9680
26.6755
-16.5705
-4.8956
20.9536
-18.0293
23.2402
-15.3391
5.1511
5.5743
-18.3645
-6.8617
42.3742
-29.2270
4.7840
6.4923
3.2094
17.9602
1.2922
-12.9910
-48.4285
14.8695
18.2031
-6.3686
26.6309
-3.2969
6.9059
-22.5511
-9.3145
-11.9150
-20.7148
-12.9221
4.7066
-28.5449
-20.4521
-33.3430
-10.2230
-10.8885
23.4762
-14.1570
-1.6148
-1.5536
-12.5016
-36.3805
-13.4348
-50.4469
-4.6062
-31.9055
-33.5180
-48.4555
-1.3844
9.9619
-3.7420
-0.6367
0.8133
11.5992
-22.6516
8.8289
9.1441
8.6008
-11.5465
12.1547
-11.6341
-22.9719
-26.2186
-21.3451
3.2953
-32.5887
-38.4945
-11.9930
8.9800
-14.2629
-43.3625
-37.4547
-41.8060
17.5898
-24.2016
-46.8625
-21.9176
-7.9340
3.6666
-13.1349
39.1242
-31.7158
18.5680
-11.1535
-18.9227
-26.2755
7.9602
42.3961
5.1980
-17.9078
-20.9703
-33.2711
-21.8125
-38.9543
-33.2539
-37.2223
-16.1209
-33.4320
-18.1623
-27.9881
-8.0340
-18.6396
-11.1598
10.8477
-48.3719
-35.2188
-35.6617
-36.9281
-40.5594
-26.9273
-28.2078
-0.1549
1.0102
-24.3742
0.5209
9.7285
-4.2539
9.1035
3.6260
-3.3744
4.4172
-18.4105
3.6976
-0.1416
-21.0738
-5.2381
4.1937
-45.5738
-13.7183
-0.7625
-26.5625
-42.0142
-5.3758
-22.4398
7.3263
-19.9250
14.7406
-12.6810
-23.2516
3.3004
-12.5910
-27.2029
-44.5852
-1.1484
17.0375
6.0896
-15.0363
-18.2969
-9.1266
-17.5338
-19.1063
-49.4031
2.0742
8.0621
5.6387
28.1844
-5.6570
-42.0918
12.0828
-7.4809
-27.5840
-41.6422
-1.4633
14.4539
-28.1059
-7.4219
-22.6258
-39.5844
-20.3947
31.6969
-32.5133
-61.1578
-41.5227
-20.4037
-46.2055
-27.5641
13.0902
11.8680
-5.4187
14.1781
18.1080
4.8031
16.2941
4.2043
10.3156
-27.7730
-0.7209
-27.6961
-35.1758
16.7180
-10.6266
-42.0797
-0.5974
27.3687
-2.3258
-23.6738
-6.0748
-25.7867
-44.6570
11.1830
-27.0101
10.0227
-0.1152
-21.1480
-50.6035
-4.9357
-7.1738
-22.2430
1.2566
0.2809
0.2947
-26.5063
-2.9863
-8.8687
-13.6234
-9.4338
11.0350
-12.9461
-11.0799
9.4355
-46.3461
12.1796
-3.1239
-1.3268
13.1328
17.9891
26.2918
14.1322
10.1791
-13.1488
0.4869
0.1968
8.2762
-13.8016
-24.6914
-28.9930
-11.7531
-6.1879
-14.3766
-21.2016
-42.3391
-36.7055
-19.2414
-19.7047
3.3429
-3.0814
12.8738
-2.5145
-31.4336
5.7602
-1.8121
9.1402
25.9195
13.6766
26.1781
-19.8383
12.3864
-32.3285
-3.6055
2.9473
-32.7914
-1.7977
-25.0863
-15.4824
-0.0559
-8.9555
10.4915
15.5801
-3.5450
20.2145
-34.2605
-26.7219
-48.0445
-43.8937
-29.8000
-28.3594
-42.1340
-28.0008
-13.3363
-7.9883
-9.4629
-31.0133
-7.7062
-1.9008
-21.6111
-33.3926
-20.8893
-18.7312
13.5949
3.0227
7.1852
6.8371
4.7371
-10.6516
14.4451
-9.9285
-1.3020
-31.2959
28.9688
4.7729
-48.4758
-5.6203
3.9606
-35.3867
5.6316
-7.3424
-0.2824
-24.6217
-21.9602
-37.8484
-37.9188
-15.3219
-30.7492
-33.4805
0.4543
2.2684
-6.9406
-26.5195
21.8766
14.2324
2.7055
-4.0128
4.9520
-15.8428
20.7684
-23.0871
-14.5271
11.5734
-0.0737
7.0239
-17.8446
-11.9368
-14.1766
-19.8680
-23.3003
-14.5848
-14.7299
-5.3172
-1.4741
-50.9422
14.8527
-30.5695
-11.0173
-4.6063
27.3813
-4.8119
6.2578
24.0766
-4.8075
9.0953
-10.2328
15.1020
5.7234
11.8707
3.7816
-17.2392
-31.2691
0.0086
23.9672
28.7105
-5.3422
12.3363
-23.9672
-12.1064
-19.4062
-39.5406
-42.5570
-1.3121
-20.4484
-25.6211
-38.7422
26.3148
10.4000
-21.3717
1.2103
6.1924
-28.2365
-32.9633
-28.9125
-10.7250
-13.5582
-9.6751
-50.8125
4.8242
1.3941
3.9940
-32.1808
-24.4262
8.2516
11.9863
5.4375
13.2066
-38.3609
-47.6500
-38.9863
-24.3687
-14.6574
0.9660
10.9484
25.3789
-11.2217
7.7277
-19.4906
-40.4414
-9.4106
12.5223
-8.9149
-3.5593
-41.2711
-21.0773
-25.8914
-20.0381
19.7687
-41.4664
-43.3785
-6.3621
0.4246
-7.3756
-19.1512
34.7480
0.6014
-3.2934
-24.8297
-31.9438
-38.1555
-37.5930
-4.9055
-34.6457
-5.7816
18.1699
-2.8781
-2.8312
9.7178
9.6156
27.1012
-20.5352
-7.2867
16.2832
-18.5102
-39.2758
-9.9547
-3.2836
-5.5281
-20.5750
16.8586
-25.5654
12.7318
3.5096
-40.6883
-18.3023
-0.3648
7.7387
-38.9070
-35.5133
-1.8711
0.9891
18.8344
-11.0102
-7.3773
-48.1867
-4.4965
26.6266
3.8352
49.6523
9.3930
-41.1760
4.2535
3.6453
-32.0926
9.4820
11.0984
-18.3152
-19.0969
-27.5293
13.8535
-4.5707
-7.2609
-35.1682
-8.1470
5.0427
-2.4015
14.2219
-34.5859
-38.7105
-0.6469
-38.7160
-6.8727
-28.7734
-21.8730
-13.2494
-8.9426
2.0664
7.6453
-31.5812
-50.0008
-10.5363
-8.8287
-2.8180
0.3585
-16.5977
-46.9828
-13.5078
9.5094
-24.3281
-7.6223
4.8789
18.6352
1.2305
10.5559
1.4906
-11.3406
-36.4938
-40.8086
-45.7930
-43.3891
-37.0137
26.6039
-0.8352
6.1906
-0.5623
0.4132
-8.6055
-58.8039
-17.7824
-11.1352
-33.8367
-23.5703
-2.3380
17.9727
4.2027
-5.8150
-36.0039
-10.4984
8.1809
-22.7363
17.7281
-7.9408
-7.1010
-15.0468
18.1252
-14.5074
-24.2376
5.0853
-39.6555
13.5879
-12.6227
-26.8297
-25.4344
2.8718
-26.6336
11.5308
-30.3438
-45.7961
-18.6117
29.1562
32.3391
-3.4825
-33.7375
-25.4569
-6.3856
-11.9426
-16.1121
-33.4992
21.3551
-15.0167
-19.2430
-12.9445
-11.9998
-24.0359
19.5824
18.4234
21.8215
-5.2187
-19.7730
-11.7734
-22.1145
2.4184
-2.8969
20.3348
22.5461
-7.4494
-6.2397
-20.2156
-48.6219
28.8484
-12.7371
3.2348
-2.1568
-26.7680
0.8664
-34.9086
-5.7016
-48.8039
1.6797
-47.0219
-30.5945
-18.1031
-0.1570
-17.7066
4.8230
-29.2445
-19.3383
-46.7406
-18.4545
-20.3461
-2.6488
4.0125
42.3773
32.2586
8.3938
-2.8684
4.3094
16.9328
10.8564
-36.2047
-15.6789
-51.0391
-22.6602
5.8453
-36.6672
-24.9922
-17.6906
9.4703
-13.1934
1.8319
-38.2174
32.3316
6.5773
-17.2910
-12.4715
0.1564
-24.3455
8.8178
-4.5383
-18.0664
-0.6430
-32.4328
-38.2547
-46.6750
-21.9078
-52.1785
-5.9010
-43.8187
-9.9848
-3.5758
34.0887
-5.1404
-40.3812
-23.2719
2.8884
-12.6098
-7.9836
-24.2992
2.4547
1.2560
-12.9719
-10.9273
18.1580
-35.4551
-22.7070
10.1354
-10.5832
-39.0996
-27.0578
-8.4191
-4.9461
10.9489
-10.6798
-34.2270
-6.0117
7.1695
23.8750
52.2090
13.1088
-35.7266
2.1780
-36.9484
-4.7191
-9.1281
7.1828
0.0968
-54.0055
-21.3125
1.7572
24.5688
-28.5055
-2.1836
-24.2980
-0.5188
20.3617
5.4824
-14.4629
7.2547
18.8328
-31.5277
-11.5806
1.1656
15.4336
-13.3836
-27.9848
1.5660
-6.1814
-7.6156
-29.9629
-21.5980
0.8953
-11.0708
-40.6570
-42.3750
-9.5813
-11.6500
-31.4969
1.5934
16.6075
-24.2430
-15.9500
26.2582
2.3195
-14.6113
10.2957
-17.0090
-24.4668
-5.7091
36.4827
-41.9648
-30.6016
-32.6344
-21.2197
-13.9887
-41.3344
-10.7039
-13.3594
-34.1691
15.3328
34.2211
-0.4254
15.8531
21.2062
-2.1104
8.5332
-42.1922
-13.4711
-13.4581
1.0934
-0.2512
2.8915
10.8016
-8.4117
-2.8727
-41.2602
-20.0953
-19.7531
-22.9562
-22.7953
-13.6618
-15.5988
-17.8785
3.5231
-33.2027
-6.1301
24.8367
-16.8209
-8.8328
-14.4028
-22.4695
-19.9326
-17.1316
1.4773
-7.0836
4.9895
-31.6406
-18.1016
-42.0680
-33.4262
-11.0844
-32.5391
-2.9766
-39.3695
-52.1375
-13.3875
17.8865
-44.0999
14.3539
22.4527
7.3945
-5.5922
-40.7438
-8.1766
-31.6367
-23.6086
-31.8156
-18.6539
-39.3315
8.6062
-4.4207
-9.7219
-12.1734
22.5578
18.5785
-14.7551
-3.0076
-41.1570
13.7219
17.7828
3.9129
-3.8200
11.2783
-7.9422
-24.1359
-26.4719
-33.9211
5.0260
-34.2078
-18.4039
-5.3634
-25.6580
-17.0703
-9.1174
-22.2354
-26.1156
3.2342
-13.6512
55.6652
10.5562
-9.3587
-45.6734
-19.0570
-37.1055
21.0297
6.4703
5.9617
-22.4091
5.5141
-16.0151
11.1402
36.1063
2.2156
-30.2973
-2.1441
-7.2000
14.6578
18.0812
-17.6664
1.6070
19.4640
12.3969
-5.5579
-16.6676
6.0355
2.4965
26.8957
-16.6390
-33.0254
-1.0160
31.3066
-7.5094
1.6629
-36.0703
2.0707
-13.0079
-13.3887
-27.7162
12.0785
16.3242
-17.2691
4.3918
7.0781
16.6723
18.7496
-2.7447
-25.5578
-16.9027
-5.7226
-22.0810
-33.6125
16.6219
-34.2148
-3.8859
-15.4079
-35.9437
8.2876
-16.5164
-16.2203
-14.3000
-11.4656
6.3529
-15.6398
0.0680
-3.7367
-20.9313
19.8823
-42.0242
-7.1793
-17.9594
-24.6930
-0.2541
-17.6565
22.2738
-15.6090
-18.1870
-0.8738
-26.0863
-48.9809
8.4158
-24.4502
-16.7910
-21.7619
-6.8198
1.0328
5.3551
-13.3008
-25.5461
8.3633
-0.8857
-9.1297
-24.6922
-16.3102
-34.0227
-53.7523
-1.4210
-26.5630
-8.1246
-39.4656
-8.9102
-18.2836
-7.8758
-11.5719
1.9383
-8.2117
-21.8447
-7.0789
9.6439
-19.7500
-0.5305
-7.7051
-5.5391
-5.5488
-14.0375
13.6812
14.1395
-25.5977
6.8813
-12.4733
-7.5104
15.1859
-38.7313
-7.7047
-34.3828
2.4467
-46.1992
-2.9181
-34.9963
-16.3080
-9.1067
-8.2271
12.9927
6.5729
-32.6707
5.1269
-6.1773
-40.2484
-14.0604
31.7492
4.2172
5.9141
49.7609
11.6369
-50.3375
-5.3105
6.8809
-1.8883
9.3521
-33.8563
-3.1242
31.1508
16.6500
2.9609
3.4414
-50.0984
-25.9070
-5.8975
-26.2895
-10.9316
20.5816
-12.2346
29.5020
20.0133
22.4117
2.0123
-13.8609
-29.0299
26.7863
-48.7445
-33.5266
-36.0207
-17.0891
-26.2496
-6.9355
-14.5141
-7.9463
-7.9215
-4.9563
-26.2094
-7.7779
-14.7719
-28.5337
-18.4863
-12.0145
-25.2240
-34.6555
4.8109
10.1492
-7.5863
-12.8182
-3.0059
-22.1547
-38.4820
-18.2102
-32.7912
45.3937
3.7164
-17.6711
6.6227
14.9430
36.0969
48.9664
35.1270
-20.0969
0.8027
-21.3539
11.3656
-50.4227
-20.9336
10.1973
4.2078
-29.3879
-23.2336
-50.0383
18.1805
16.0828
26.4559
13.2898
18.4109
-14.0875
27.8400
2.2297
4.0078
28.1582
-5.0082
-5.3793
30.8422
37.7750
16.4949
-14.4602
-34.6070
-6.8662
-0.5436
-39.4609
-21.5320
-12.3062
-19.9391
-14.6209
-12.9215
16.9156
3.7238
-25.0414
-13.6391
-31.3398
-19.0559
-21.0473
-12.7102
14.2582
-8.8300
1.3230
-16.1398
5.0906
1.5863
2.4473
-21.3402
-2.5798
10.9843
18.6836
10.9750
1.0414
-13.6422
-15.7871
-17.9445
-33.7000
-48.1312
-59.9289
-14.8227
-16.6902
-2.0953
1.9994
-30.6766
7.3016
18.3448
-7.3881
-11.3992
-35.1820
-7.3984
-16.0367
-38.1859
4.9195
-3.6027
5.9637
-17.5102
-13.8991
-38.1125
-16.7316
-37.0633
-17.1070
-36.8453
-22.2775
-3.3945
-13.9156
-11.1194
-33.1414
-7.6426
-42.5328
-27.5408
-16.7809
-27.5859
-33.3457
22.8385
-9.1975
-15.3133
-8.9641
-14.5162
-2.1305
-48.0305
-32.0535
4.2992
-24.3719
12.3449
-15.4438
-47.3984
16.0699
-4.4281
-8.3414
-19.4641
-35.2539
-25.0805
-49.4840
-3.0125
19.8391
-7.8063
13.0363
17.3438
28.7879
13.0665
-6.2996
-40.0000
-7.2014
-30.1863
-6.0061
-24.1896
-2.8561
-14.7182
-7.4447
13.4508
17.6578
10.4552
-9.8911
-9.2080
11.7414
-25.8969
4.3141
-32.8039
22.2066
3.6912
-30.6832
-34.0926
8.3148
-28.4117
-16.7238
1.5211
1.5965
11.3512
18.9418
-34.9074
-10.7238
-1.1713
7.8680
-31.9461
-13.8207
2.7835
11.2258
13.9875
-20.3261
-13.0789
28.8055
16.1059
5.4898
-13.7750
-20.6078
-34.4203
-12.1773
-8.1652
12.1313
-35.1469
-26.5203
-53.0570
-32.4375
-12.0162
6.1201
-25.1594
-31.9521
16.6055
26.1086
4.0082
17.4305
13.7402
2.2320
43.4609
2.2727
-37.8441
-9.6938
-11.9469
1.3895
43.1188
21.0886
-19.5117
-32.9090
-3.7906
-11.1645
-8.7148
10.7014
-29.6316
-9.4350
-34.4141
-22.1945
-16.9637
-5.6504
-51.8270
-29.8188
-43.3195
-8.3313
18.9855
-16.9734
-8.2867
-3.6469
33.7902
-2.7562
36.8727
13.2820
1.1641
19.2031
3.9664
6.6195
12.3805
10.6340
17.1305
-6.3465
-23.6165
-2.0695
10.8508
12.8973
39.2293
13.5418
-12.3797
-13.5508
-31.7859
-49.0023
-33.5660
31.7973
-33.8309
9.9148
27.9406
3.2406
36.4945
21.7814
-16.2459
24.4117
-25.5002
-3.2757
-30.5590
-1.4195
-36.7539
-23.2500
-16.9273
-4.4453
-22.7199
-38.3255
9.2563
4.8436
4.2084
-13.0730
-0.5004
5.9535
47.3176
-15.5449
-2.0356
1.6770
-21.9250
-33.3492
-9.3086
-28.2883
-5.2891
-8.9656
-30.7117
-7.7707
28.2508
1.1922
-9.3091
4.1582
-11.5678
-30.5219
-7.4383
6.5508
-34.0344
-4.5059
1.9031
-15.3667
-18.3148
-34.2414
-40.2242
-42.9500
-27.7867
-42.6250
7.8094
-7.4699
26.7318
-20.8398
-22.9562
-11.0088
-7.9160
-3.0746
-30.7984
9.4609
22.8602
-4.7045
6.0305
-3.8251
17.7766
-24.8344
-16.3360
-19.4246
-39.8605
-11.4493
-9.8881
1.4305
-54.6594
8.9335
-34.0238
-29.8684
8.8590
-2.6928
-21.4461
7.3617
7.2391
2.8414
8.4949
6.5496
-17.0523
-21.9754
-7.5238
-29.3711
-40.7848
0.4422
-16.1125
8.0375
-5.9336
-2.3868
-33.4594
-2.5563
16.0789
32.7676
11.7562
-20.4133
-12.3260
-11.6973
-7.0363
-23.4414
41.4020
0.1624
11.6293
-0.4215
-7.8594
-17.4449
0.3137
-15.9094
-30.7594
-13.5957
0.2078
-31.3473
23.5125
-19.0381
-9.1469
-1.9852
-57.1727
-16.5914
-30.1895
11.9734
-2.0938
-8.8875
-17.2629
1.8484
-44.2930
4.4562
22.2311
6.6883
15.8977
0.5113
-0.1203
18.4250
38.8969
6.7188
13.9723
-7.9004
-7.8522
-36.7344
-16.6789
-3.0505
10.3441
-32.5750
-46.9820
-56.6156
-26.8234
-17.4754
-21.5863
-17.1297
12.7506
-34.2062
-36.7988
-18.3850
-12.3146
-23.6195
-51.3586
-43.5789
-5.4180
7.6592
18.5305
-22.7934
-3.8820
-9.9870
19.5762
20.0066
-9.7598
-15.7789
-20.2645
-25.6525
-4.2964
-30.3563
-49.6320
-5.1781
-34.4437
12.3511
4.7797
33.6822
8.9803
-37.5703
-6.6865
22.2797
-11.7352
15.5148
-13.9773
-37.7367
-22.9348
19.9820
27.4961
25.5195
7.5199
-14.3547
2.6063
-23.1816
-25.1080
11.2686
-16.7721
-20.3386
42.8520
-6.0969
44.9289
30.3258
-22.0875
-10.8033
-16.3848
24.1113
-14.6709
8.6242
-35.7789
-31.5305
-25.2516
12.5985
-16.5021
-11.2779
-25.4156
-15.5547
-4.4154
-27.2609
-31.2719
-12.2838
2.9309
7.2471
-9.6359
-23.0159
-9.1906
-34.9477
-41.0832
-49.8977
0.6731
-12.1584
-5.1016
-56.2687
-16.3227
32.7203
-11.1460
0.5715
8.3117
3.2422
-12.9516
-37.6383
-19.2809
1.8266
-37.6469
-10.4677
-1.2219
39.6437
29.5484
20.0211
5.4141
31.6633
30.5406
45.8195
17.2457
4.3734
-4.5870
7.7211
23.1365
12.3141
30.2289
-33.0789
-31.9813
-30.9293
-25.5156
19.3980
-0.1516
-21.1437
8.8402
-6.0410
25.4809
-15.8586
-43.6906
-0.9070
21.5000
-2.9838
-24.3371
-7.8734
-28.2531
1.8951
-7.8098
-25.0680
-30.4508
-25.8312
-29.1414
-24.1766
-62.2305
-33.2613
0.0737
-21.7137
-31.6393
-3.0980
2.8412
22.1814
-45.5828
-17.5691
-17.6321
5.4823
-4.1242
0.3011
-20.4264
-43.7547
-8.5727
-13.4936
5.3129
-11.4951
7.3793
-27.9246
-14.2488
-15.1258
-28.1094
3.6328
-2.2852
0.1821
-31.2295
-9.8600
-0.0346
-11.6875
-21.7292
-47.8977
-23.7496
-53.3742
-13.6977
-32.0086
-20.5422
-20.7891
10.1785
-13.4113
19.8426
-9.8675
-29.7109
17.5723
-8.7298
-10.2873
-8.4617
31.1117
33.5277
-10.8617
-43.1625
-12.5719
-29.1895
2.1925
-40.3375
24.6617
29.7398
6.0738
18.1988
-26.5742
-12.9102
-11.6602
-40.5289
-12.1509
-15.3303
-16.2535
-5.2454
-3.5035
-16.3240
-37.9578
-31.7367
-1.4713
0.0485
-18.2617
-26.8656
-39.7273
-17.9217
-17.1848
-14.0194
27.7313
18.6437
18.7104
-43.3320
3.5998
-44.9094
-2.1799
1.5078
-47.8734
-37.9314
-46.1035
29.2711
18.1320
-31.5605
-24.1196
5.7557
23.6277
-21.4320
-18.6082
4.2492
2.3283
-17.5379
6.0844
17.1430
22.3969
22.1855
2.2176
-19.5090
13.7332
-17.0109
-6.3059
-34.1707
-30.9333
15.9000
-12.6373
-24.5510
4.1117
11.9428
-3.3914
43.8508
26.4984
-10.6996
-8.8656
-34.7840
-15.2406
36.8363
4.1312
-25.2027
2.3121
37.7059
6.6031
5.5440
-7.9055
-10.5708
31.3266
-22.2812
-27.1660
15.3867
2.6117
-33.0676
-6.1852
-10.5437
-23.8762
-9.9499
-19.9062
-6.5319
-41.1045
49.9461
45.5320
11.0232
-10.7265
-11.9211
-44.7898
-44.5852
-39.3648
24.2574
11.5082
-18.4867
6.4232
-28.6930
2.0646
-17.0717
22.3094
43.1328
-5.2626
-20.6107
-1.4910
4.5512
-30.7258
-13.6266
-11.4594
-21.2094
-13.4020
-22.1445
-15.2064
-12.2081
-18.3914
-46.8359
-49.7039
-30.8754
42.6117
14.0523
15.5602
-41.6887
-7.5133
9.4480
14.9316
12.2203
21.8430
-6.2797
-6.6715
5.7814
5.7629
-38.7760
2.5332
-5.0641
5.8590
-12.7285
-47.6219
-43.9570
-7.8936
-8.6383
24.1586
35.6367
24.8863
-15.7789
-13.5564
-29.1797
-30.9867
-30.5580
-31.7926
-3.7562
25.1469
25.4598
30.0164
47.0957
-27.5520
-16.5906
-2.4663
-0.9870
-30.9674
15.0617
-2.9747
-7.4832
-0.5973
21.1348
1.0855
0.8438
-26.2822
-3.3059
-1.7219
46.8805
1.8906
-49.7160
-14.8818
5.1789
2.6517
8.9586
21.5902
0.0297
45.7359
16.4295
-35.9250
-37.8383
-22.8469
25.2555
4.7027
8.6187
5.0420
-8.7477
-50.1570
3.4863
3.8184
2.3049
-33.3883
4.7896
7.8945
14.4805
-8.5508
-21.9141
-12.1324
-39.5922
-10.1230
-29.1763
28.9969
-2.4527
-20.2679
-9.3922
-11.6336
-32.8359
7.0035
5.7311
-17.1508
-36.0770
26.6168
10.4801
1.1625
-12.2879
-27.4984
27.0238
-8.0742
6.0875
-18.1121
8.3770
-2.7912
-16.9852
-5.9119
-29.2891
-31.9510
3.6104
-5.8703
-39.5164
-12.3984
-16.8516
-16.7695
-47.5500
-15.7096
-20.5836
-44.7625
9.5012
-18.3270
-35.5430
10.2914
-47.5836
14.8961
-18.6738
-4.5409
-24.4982
-3.5744
13.7664
-2.1117
0.2449
-23.7227
-2.4574
18.1742
30.8285
14.9656
-3.3367
-8.1611
-3.8348
-7.7572
-16.3465
-10.8656
8.4090
3.3910
-8.4217
-24.9180
-12.2621
-30.9094
-23.1844
-12.4375
1.5304
-26.4838
10.2011
-23.7924
21.2594
39.0035
3.8982
-49.4562
-22.6453
-27.8557
31.8391
25.5758
0.2182
-28.6297
-1.3245
-32.5018
14.2605
-20.0695
-13.2922
-37.9656
5.2734
14.8406
-8.2773
-20.2437
14.6223
12.8875
-3.5906
7.6105
1.5773
1.0049
10.1457
-4.8822
-1.9000
-32.0891
-18.0969
5.5206
7.3000
5.8402
-38.8516
-8.0780
-31.1070
18.2102
-24.5119
-42.7641
-39.8773
-16.2664
-50.9203
7.8398
-14.4891
-30.9766
-11.2750
-29.9820
1.9570
13.6359
28.4848
6.7348
-37.9633
-31.9909
25.8715
-4.3734
10.2527
-22.2746
-26.8385
32.8457
-6.0008
-11.6957
12.1516
-5.0388
-11.9547
7.5879
-30.9232
-20.1428
8.0199
17.4121
-30.6516
-25.7297
-30.1008
-1.5781
-32.0234
-2.2058
-10.1532
-25.1660
0.5602
-5.2627
-34.8944
-22.8394
5.2387
4.1354
-30.8156
-48.0492
-21.1248
-11.5387
-37.9687
13.4121
3.8096
-28.6844
-32.6945
-21.6672
-15.3254
-35.1971
7.1762
16.8777
19.7812
22.2965
21.1063
26.9598
19.9004
-26.3304
37.5687
21.7359
3.5443
3.7891
-45.0445
29.0195
-8.6062
-29.3023
-2.5159
-9.7062
38.4961
24.1297
-5.5750
-19.6967
5.9414
6.1582
-19.6911
-23.0734
-23.0445
12.6008
-12.6873
10.4490
-9.1027
4.9514
8.3742
30.5172
19.5285
-14.5424
-4.5555
-42.8002
-27.7840
-30.5844
-37.0805
-47.7289
6.8054
-20.6555
24.9364
-39.9625
17.8598
-16.5072
23.6984
3.2867
-3.5492
-5.0215
9.4844
7.6574
-10.3324
-26.9758
-8.5352
-31.3762
-1.5184
16.1711
-10.9858
-31.9771
-36.9102
-0.2074
0.9713
-48.6188
-33.6437
-24.7500
-44.3458
19.0242
9.6094
33.6008
-6.0348
-8.6378
-30.6031
-0.8818
2.1700
1.0465
1.5555
30.2203
3.3312
9.0234
12.9570
43.2047
55.5367
39.5695
16.7586
-12.1602
-35.9172
-35.7180
4.2383
5.3554
11.3887
15.1945
0.8645
16.1859
25.2910
-18.3359
7.0852
-4.4949
-0.4480
-44.1931
-33.0725
39.6523
5.2258
2.1457
-2.5699
-8.6413
-11.5738
9.3012
-21.8203
-16.6406
4.8118
7.9352
22.8547
16.6770
-19.9468
22.5008
1.3674
5.7406
32.2289
-22.5625
11.0941
-14.1469
4.6121
4.2240
-18.1609
0.9250
-16.9359
-2.3893
-3.3693
-24.6422
-33.9086
-34.8883
-37.2396
-4.4455
24.3051
-11.6820
6.0617
9.6422
-10.0965
-15.4617
53.5523
23.1930
-11.0090
-23.5191
14.5617
-14.9052
-5.9645
-22.7023
-20.8656
-8.7383
-7.1570
14.7920
-21.6539
-39.4094
-0.7727
-8.1516
12.1578
-4.4323
-28.3269
-21.4641
-15.2055
-17.9031
-39.8859
-8.6141
-9.0656
-3.0375
13.9094
-24.8855
-8.4055
-8.0027
-21.4824
-41.3930
-31.4506
-20.6031
-5.9008
2.4061
-0.6910
-10.0656
-21.6602
-20.2375
-37.9277
18.7172
10.8055
-10.2031
8.0708
-56.7000
-15.8770
-36.5414
-2.9423
-3.1528
-42.6047
28.2169
-39.7023
19.5516
-3.8438
9.2023
17.7574
11.9246
-33.8980
-43.7476
6.4544
-26.5305
-45.9008
-19.9133
5.9464
-4.5777
-8.1555
3.1422
7.3402
22.6215
-23.5562
-23.5223
12.1750
28.0797
3.5834
12.0164
-7.4881
-29.1531
-3.9193
1.9937
-18.1301
-28.1758
-36.9031
-16.0113
-45.9117
-40.2953
-22.5449
-13.6785
-45.4633
-42.1414
15.0652
-20.4070
2.5470
-22.5781
12.8422
10.3437
14.7301
-15.1199
-3.3047
-4.6738
-3.0581
-16.7100
-14.7777
-2.8002
-33.2504
-15.6375
-24.0691
-36.3402
6.8625
9.2984
38.0641
47.5469
8.8023
23.0039
31.2053
-26.2283
18.5082
-11.5793
-39.1599
10.7656
14.6066
-16.0295
2.9172
-3.7430
-17.9770
-14.3795
-9.0717
1.9262
0.8617
3.6859
-27.3566
-22.1562
8.7568
-2.8852
-36.7807
-4.5486
19.4312
40.0656
15.9595
9.0645
-32.4281
-48.6914
-9.6770
10.0997
-26.2516
-26.2414
-44.6852
-34.2477
-27.6227
3.8590
-45.2195
-26.8328
-29.6539
20.3145
-1.1660
17.9898
25.4438
5.0379
-23.6947
18.4098
-30.1695
-0.6094
2.8578
22.1199
-7.2113
0.3125
11.4254
29.6703
22.8230
10.6832
-32.7379
20.1348
-13.3117
-21.0797
-28.2227
-34.6449
-15.1687
6.4391
4.0742
13.4742
29.1859
9.9166
-0.9715
-25.3516
-0.5304
-16.1074
-1.3695
-10.3309
-5.5932
-42.0203
-34.7436
11.9876
-15.2172
-32.3457
-12.5758
-49.4688
-32.4197
14.3734
-18.9523
5.0832
6.4549
-26.3055
25.5955
-11.3406
-12.5484
-3.0563
3.1453
20.3723
-2.5648
-3.7227
-8.3539
4.1936
-24.8102
-41.6882
-16.5490
-16.3553
6.3746
-6.6871
-46.1875
6.0792
-20.9750
-0.5645
14.1070
8.6586
7.2488
-17.4891
-23.8508
-26.3625
12.2545
-11.6424
33.9391
3.5914
-29.6013
-40.6375
-38.7812
-10.8625
-42.8789
-16.9619
-24.0809
-21.8203
-13.4943
-16.8695
-31.6443
26.6117
15.8926
-21.7570
-3.5241
-16.5242
-11.6406
-12.9980
-58.7406
-30.3109
0.5751
-42.4508
-20.0027
-43.9961
-12.2176
-16.4462
14.7535
0.5207
-2.6602
-40.5789
-54.4000
-37.0281
-23.9172
-32.7494
-3.7185
-15.2148
-20.0152
-15.1203
-12.2309
-20.6823
-2.6014
1.3109
23.4965
11.4617
8.8555
38.2742
30.0242
16.2661
-15.9078
1.9178
17.9715
-16.6313
-19.3223
12.5484
22.9781
24.8977
32.1918
4.4898
1.5488
-34.3055
-12.5012
43.2008
0.6531
-4.9023
12.7266
36.9859
7.3011
-30.2945
10.5230
-22.5789
14.8344
18.3883
15.8371
-15.2672
31.7791
-33.0201
-3.9854
-46.5367
-41.5469
-45.9652
-21.3891
-53.5648
-20.2812
-13.1332
-20.3066
1.6699
-21.0031
-44.9938
-44.5484
-41.8859
-35.2527
29.9066
-9.3135
-8.2029
5.6842
-25.1211
0.7617
33.4500
36.8480
13.0629
-19.5452
9.4203
-11.4079
19.1547
14.7570
23.0586
16.6727
9.5816
0.1660
-15.4301
14.7031
-5.6828
-12.4965
-35.7367
-22.4852
-27.0418
-25.9156
-40.1391
-33.2484
-10.7352
-12.2316
-12.0797
-45.2000
-1.2555
-45.8523
-7.9223
10.8555
29.6125
6.1711
44.4918
1.9344
-13.3947
13.5024
-21.8422
-33.7406
-40.6672
-15.3895
-44.0586
-37.7938
-29.6305
-30.5562
-11.5500
-18.7051
-26.4971
-4.4250
-52.9844
-16.6664
37.2641
61.5938
19.7766
12.1961
12.8438
-12.9963
3.2332
-5.9629
-34.8219
-30.1172
-21.3039
-17.4039
-0.6176
20.7250
-3.6750
3.8418
5.4137
22.5868
-27.8289
-59.8391
-23.8883
7.6000
-9.8770
-36.7355
13.0047
-8.2213
-10.4543
-1.3867
-23.2445
-30.7944
6.4313
-31.5305
-4.1773
-40.6734
-41.6086
-25.2555
19.5484
1.7271
9.3502
8.0245
1.2041
-32.4531
-9.5202
-39.4477
51.5180
16.7906
16.9555
15.8594
35.1930
23.2638
-35.6723
33.1766
46.2664
46.3586
33.5352
35.3746
19.9844
15.3223
1.0895
-13.5797
-30.8488
-8.3852
-15.9859
-1.3269
12.8384
1.8075
-41.7469
-21.4164
-28.2742
-39.3773
6.5348
7.2367
-2.2188
4.0687
-9.2356
0.3387
-17.0245
-17.6525
5.6490
24.7188
-34.7383
7.6994
-9.2133
-23.0110
-7.9129
11.7160
-10.2113
-40.5898
-25.7148
-52.4492
-43.0797
-52.7332
-10.2168
-24.7645
-7.3844
-42.2539
-43.5648
-11.6798
17.1348
-19.1509
-22.0187
-15.8355
-6.1263
20.3480
-13.8929
18.8947
-20.6125
26.1266
16.8648
0.9281
16.1018
8.0555
30.0547
28.4199
-43.8898
-5.1427
1.3119
-1.6289
-6.2183
-10.2398
-21.0429
-44.9680
-14.6445
-42.5094
-30.9711
-13.4354
-14.1480
-32.4266
-8.9164
6.5557
-41.6398
13.8585
-28.2289
-23.3137
-34.8234
-33.8160
-30.4273
-21.6930
-23.7789
6.2398
-25.5207
-11.9234
-39.0781
10.3770
-4.7569
41.9688
-5.5648
8.8918
-7.6387
8.1559
-26.3625
-17.3367
-19.8094
-18.4293
-33.1968
22.0921
-25.9828
16.1434
-2.7949
-18.1703
-9.0619
-8.3184
6.2893
-35.8043
-33.7188
13.0305
40.9061
-6.1355
11.9312
10.0367
19.3086
13.8463
-3.5687
-41.9082
15.0102
-13.0344
-16.5799
-33.2375
-38.0406
-25.8951
3.2456
-48.7898
-56.3930
-9.4146
-36.1641
-6.4322
-41.1094
-22.5148
-35.3883
5.0691
-2.4336
-23.9863
11.4793
-31.6266
-54.3469
0.2367
4.1633
9.5484
30.2383
49.3703
17.9816
-0.5838
-10.1625
-14.8484
-16.1352
-15.6156
31.1482
-5.2953
-26.4352
-16.9320
-1.9262
-15.4428
-41.7383
-27.2391
-18.9344
-49.1836
-34.5203
2.1332
18.0721
-12.2848
-10.7188
9.0443
-11.6883
-46.4273
-6.2054
-14.3820
11.8949
28.5086
34.1586
39.4137
18.7818
-35.0453
-0.0765
14.5002
-38.8297
-35.4500
-14.6500
4.8076
20.2566
42.8148
2.7262
30.9844
20.1004
-29.3664
-24.2102
22.2836
16.0730
5.7848
-4.1780
9.3898
32.9508
12.5959
8.4067
-38.0609
-56.6461
-0.1711
-0.9391
23.7195
27.4109
19.5016
33.1941
5.8910
-4.6205
-20.5234
-7.2762
23.8789
17.3340
9.5410
-41.0586
-19.1422
-44.5719
7.8726
-18.8550
2.9334
11.3375
25.4617
10.9203
3.8859
15.1828
11.7977
9.0156
-3.9141
-11.3234
-5.7086
-14.5859
24.0559
26.7518
14.9641
8.3520
8.9189
-43.7508
-20.8319
6.1789
12.3531
-1.5391
-26.5572
21.3996
5.0109
-11.7910
-1.5641
-14.6160
12.4723
-6.8523
-19.3563
-8.5605
-41.2422
-10.9688
-20.6797
-9.4621
-8.2159
-15.7320
-1.5318
-1.9914
-4.3496
-33.8047
-42.8281
12.0285
-18.6355
-5.6758
24.8547
7.7727
-0.5030
-12.0280
18.4402
-14.3440
-21.8656
-9.2812
52.0062
29.9969
19.1742
-21.4148
8.2395
-34.0879
20.1031
13.1305
-9.7184
13.4844
47.8207
4.0842
-13.3578
-47.8547
-15.3441
0.1428
11.0574
18.4164
6.7109
24.1922
50.2203
6.2422
37.7242
7.6555
24.3930
53.4805
12.2531
9.9360
-4.2785
25.9250
-11.8527
7.0159
22.2418
25.7039
0.4863
6.3656
21.0047
-15.4953
-5.9740
11.3781
22.6754
12.5422
-48.8859
3.7711
4.3332
10.5832
0.1530
-4.4469
-47.0375
-47.3414
-26.2078
-28.5508
-16.5461
-51.6117
21.2475
-31.9844
-42.5383
-53.2336
-42.6133
-34.8248
42.0789
29.6777
18.3227
1.5977
27.0736
-23.3359
-42.1711
-48.2133
-37.1156
9.0497
24.1656
-45.9109
-9.1523
-42.5059
1.6452
-58.9469
-42.5687
7.2787
1.5742
10.6430
31.2320
16.7422
-0.8320
4.5842
-1.0352
-6.7498
10.3426
8.6703
2.3773
11.6680
14.9457
-44.6766
-27.7879
-4.0484
25.0934
19.0125
8.1348
16.3996
-3.0047
8.5422
28.7469
47.7703
-15.8569
45.3914
48.5742
43.6047
50.6211
18.7699
3.6195
18.7500
24.8234
-0.0641
0.4480
3.8467
-21.2738
-15.2719
-36.7266
-8.0109
-46.2500
-5.8859
-25.9402
-31.1594
-53.1375
11.0270
12.3254
-6.4936
-1.6063
-35.0758
-28.4348
-11.9680
1.3109
-31.3648
-22.6238
-39.2516
-16.0803
-13.7281
-18.9392
11.6313
30.9992
5.9836
18.5305
6.3266
-9.7129
-33.4633
-26.7313
-25.3202
-24.5234
-42.0094
-8.0783
-2.6225
-6.3299
1.7204
-9.0828
-51.6539
17.5672
-15.5967
13.7410
-32.0832
10.9613
-13.6752
2.6418
-18.1929
20.2723
20.0449
-38.6578
0.3697
-15.1317
-27.5523
-19.2309
-24.1238
-21.7355
6.6996
2.6710
-14.5172
-44.9879
-27.9798
8.8051
24.2691
16.4652
30.9602
-6.9977
-9.1957
-2.2824
-16.8059
-25.7398
-42.4969
-3.5398
6.9184
-50.4648
-27.3703
-41.7031
-2.4768
26.1820
-5.9674
11.4859
-28.1344
-35.7682
17.9199
2.9836
-8.2043
-25.0008
-24.5230
9.7309
-17.6468
25.0492
-18.8029
-23.1875
27.5652
-3.1993
-2.9016
-20.1984
-64.3953
-29.9844
-42.2145
-24.1773
-13.3815
-7.8570
-10.6535
-22.9547
-5.3164
3.8734
1.5064
-34.0094
-33.8469
11.5914
-10.8979
21.5750
-16.6305
3.7359
-8.7873
-16.0992
8.8566
16.8195
-16.5961
31.6160
-29.3930
-38.4914
-27.2973
-24.6134
19.4625
-5.2458
-13.5273
-9.5095
-39.9766
0.9230
-20.6872
-22.0746
-4.4004
5.9457
-11.8672
2.9180
9.1141
30.3352
19.1969
17.0898
-29.2516
1.3633
25.6867
27.7727
36.5648
-2.8758
-24.8732
-24.8797
-12.6939
-0.6922
-52.7672
-45.0008
1.3070
-57.2631
-21.9393
-33.3789
-22.6709
22.8355
11.0283
-5.6484
-35.2266
-11.7727
30.0930
13.8375
-3.4969
29.3969
13.1672
42.5012
3.8697
-2.8512
5.7078
30.6922
6.4973
-26.1722
-1.2725
-36.2891
1.2820
2.9148
11.3852
44.0613
5.7107
14.0799
-12.6133
13.2981
-20.7668
-11.1805
-37.2406
-7.8375
-8.3102
-37.2625
-8.8898
-27.8782
38.8281
-17.6824
22.9391
2.7133
-2.3812
25.0078
14.2523
-22.6535
-40.8047
-43.1789
-29.1047
-10.5839
-30.6238
-30.6109
-10.6573
-49.3094
-12.4922
-64.0820
-36.4273
34.8828
1.2707
32.6963
-4.3908
22.0023
16.5492
46.4555
-2.8055
-3.2262
16.2754
41.6898
57.9852
53.2836
22.2215
12.2758
0.2221
-49.2922
28.5402
-4.3168
-26.1516
-60.7953
2.0367
8.7848
-14.8293
10.9809
1.8102
13.8641
10.2277
-14.6145
-27.8828
-9.9414
-35.1961
-16.7926
-10.0012
-40.3953
-46.4797
17.2375
20.8672
12.6652
15.8453
35.4883
43.6203
25.8258
30.0500
0.4977
-2.3309
-44.0641
-0.1594
-6.6719
1.1746
4.0504
-19.4219
-41.1102
-13.2602
-27.3253
17.9828
46.5582
13.1078
-10.3846
2.8018
-35.7289
-24.9305
-36.8797
-52.4148
-21.2602
-53.3289
0.2909
-41.3717
18.9713
1.7290
-35.0453
-37.9820
-36.3070
-23.1281
-35.9875
3.2586
-11.1621
23.3258
3.0719
21.9977
27.2383
-12.8395
-20.9879
20.4545
-3.5387
-16.5102
-26.1975
-2.9920
-14.7664
-38.5352
-51.0867
-19.0570
-27.6242
-53.9445
9.9464
-39.1922
14.8434
-18.2398
-24.0899
-15.4351
-8.4012
9.4406
-60.7383
-8.2807
-28.3891
16.8386
-17.2781
-5.1531
-44.2375
-41.9109
-19.3559
9.5264
-11.5328
20.3133
10.8695
12.8809
11.9143
-20.2238
-12.7738
-15.0883
-9.7379
-19.8229
-7.6951
24.6871
1.3096
10.2578
-12.0273
-13.2475
-0.2537
8.1531
11.3154
18.0096
-18.1434
-7.6777
23.8937
21.9391
-16.6930
-39.8141
10.9937
-18.6180
20.0621
-10.5797
3.8842
13.0531
18.2320
40.2109
39.1648
0.3336
16.3602
-15.4660
-43.4762
-6.6764
0.1593
-28.5570
-29.1594
-21.6867
25.4695
24.0887
18.1242
-2.5432
17.5340
21.2523
-5.1195
23.2434
-13.1135
-6.7937
7.4195
-31.8375
-1.9109
5.3273
-5.4458
-10.3492
-20.0365
-10.0512
-7.8027
-7.2250
-49.8484
-32.3617
-38.8609
2.0098
-14.6609
12.7619
-35.5677
1.9359
-4.0914
-12.7750
22.8086
0.5650
19.0023
23.4648
24.8211
15.6518
-0.2359
-15.4903
7.4961
3.2619
6.9250
5.2957
11.1223
-18.9395
-1.7086
21.3008
8.7959
-6.6359
-35.6523
-39.9641
-20.5734
-7.6844
-3.6826
-13.4989
-7.7277
-51.9453
-6.7571
-39.3820
-34.0374
26.1078
-20.6109
-13.1906
-36.5906
9.0926
3.9461
9.5676
-57.9094
-38.5383
-53.5570
-23.7773
-9.0260
3.5261
-17.8207
10.4906
26.8055
35.3641
11.2727
17.5609
3.3633
-15.3781
-10.3565
34.3383
45.6867
50.7531
-3.8648
5.5088
-23.0426
-8.8168
-9.2996
-8.4786
-11.3855
-30.8183
26.2891
-19.4490
23.8888
-4.1992
0.5293
-29.1949
-7.9518
-28.1467
34.8727
53.4059
12.8395
15.4898
12.8410
-7.9430
17.0734
-17.5469
12.1500
36.6574
30.9844
33.4258
13.5586
1.6719
20.7523
39.4574
17.7656
0.3836
-22.0406
-7.0750
3.1726
15.6129
-5.1369
-48.1336
-10.3668
-0.2492
-23.2734
5.2312
-8.2770
-19.7664
-28.8418
4.1699
-33.9031
-3.8148
-22.5664
-2.2383
30.4445
11.9184
12.2762
14.5625
3.1367
7.3547
-12.8805
-13.2992
-7.8703
-38.7959
29.7660
26.3255
-36.2820
-22.5527
13.7584
7.0930
1.7367
29.3719
40.5258
-6.5460
-18.8020
-5.7401
-8.1492
30.7215
34.1742
24.0203
-1.5111
3.2064
-35.4133
-0.8254
14.0535
-8.9494
18.6250
16.7687
-4.1588
4.6027
-2.8082
-45.3352
22.6221
-6.5334
29.1363
3.5895
11.9406
14.9582
-11.5234
4.5596
-16.8711
-52.7453
-16.7384
-18.6742
-6.9512
-39.0609
-10.3318
0.3578
-14.2991
30.8641
25.5727
-5.4168
-32.9230
-39.4605
-0.1741
-11.0990
-20.6578
-13.1475
-28.2133
-20.0078
23.6197
-22.1371
-16.3016
-23.8656
-2.6305
-34.8707
-18.0531
8.1777
-20.0395
13.5437
15.4875
9.8008
25.1344
15.2000
43.0781
33.8574
37.8633
54.7055
42.2457
-3.4844
20.4719
22.2563
46.8383
46.2586
2.3922
10.2031
5.6969
-9.5359
8.1280
7.3227
-23.7484
17.0013
-38.4453
-49.5469
22.4352
38.6398
16.5672
5.1070
21.6676
-23.8672
3.7258
56.3984
29.6508
41.8367
6.5234
34.5477
7.3684
-0.4996
-36.9758
8.0867
-4.2735
-37.0418
-9.4684
24.1746
47.5883
-7.3602
2.2387
-5.9209
-3.9895
-35.6359
10.6035
-40.9766
-9.1350
-0.7312
14.1082
7.4121
-11.1801
-6.9000
15.8718
-13.7086
0.6359
29.0383
24.0953
25.7945
13.4910
9.5613
16.4516
-27.1695
-26.3242
-32.2203
-16.5934
13.2359
20.3461
25.4184
7.7234
16.1023
61.0984
26.9887
17.6355
21.1473
12.4477
-17.2793
11.6203
2.4605
23.2508
-18.6559
11.3195
-46.1195
-21.7219
-57.9437
-42.4012
38.5348
20.3805
13.0875
19.5844
-6.1043
-15.2451
15.3871
10.3887
-5.9047
-7.6520
12.2270
-19.7444
-0.1818
5.0579
-22.2547
-23.9529
6.1359
54.5742
-23.0066
-43.3906
-28.2277
2.0418
-20.3516
-26.5026
-53.7406
-14.9539
-40.8434
18.3395
14.3671
-39.9617
-27.4251
7.0039
-7.1617
24.0422
24.3092
-27.9428
8.4211
13.0578
0.6734
-26.4469
8.4797
-21.5863
-27.3168
-7.5793
32.3984
28.0723
-8.3297
-38.4016
-42.4484
18.2477
11.1527
-19.9152
-49.2430
-33.3422
-13.1574
4.7625
14.2008
-14.9620
2.4402
11.7648
-12.1219
-24.0133
-37.4789
-25.1383
-33.2352
-14.4953
-32.8281
-29.3957
-30.8344
-22.0621
-40.8414
-38.0207
-5.1016
-55.1641
-34.3820
-6.9651
27.1203
20.7883
18.5391
22.3680
29.8227
7.6391
-12.3363
15.4875
-29.9562
40.1477
29.4332
5.1730
4.6445
49.8414
27.3852
12.4578
21.2500
16.1508
3.9875
54.6430
15.1055
25.9879
-20.2250
-23.7336
-41.2594
-47.4898
-58.8898
24.2359
-12.1129
-34.8742
-25.8902
-35.3441
-11.9662
5.1918
-2.3172
36.9711
51.3773
55.4789
43.1375
28.2035
-16.2955
11.1980
-10.9156
-15.4945
-38.5008
-2.1781
7.6961
-9.7923
1.6352
25.3398
19.7270
24.5535
-24.8199
-17.3367
-18.7453
4.7309
30.9777
21.6094
29.6500
46.0586
32.2609
29.8262
13.1629
-15.5287
-7.9112
12.4594
-15.4400
-7.6273
10.1680
19.3008
17.0945
-12.0531
-11.8215
-23.5516
-31.0078
-46.8344
5.0260
-28.6430
-41.4418
-26.5086
-30.8275
14.4834
-21.7301
-17.6148
-8.0133
-50.4148
2.3639
-44.7313
-50.0664
-7.7309
0.4102
-0.4426
-36.2336
-18.5227
-10.3637
-11.8941
0.7414
-32.7646
-38.0973
8.6094
1.3152
-13.1297
-29.4992
-10.7939
-0.8639
-10.5982
-11.4207
30.8727
45.9859
53.3977
54.9562
-14.2098
3.3082
-5.3305
6.4238
-14.7512
-33.0016
-34.1985
-27.0262
10.5566
-33.3406
2.9660
-0.4146
-10.0266
22.7301
12.0703
5.8984
1.2387
26.2867
-7.0625
10.2703
2.3172
-47.0273
-38.2562
-49.1211
-21.4763
-6.9658
-17.5844
-22.6767
-34.8734
-1.1652
-22.8719
2.6436
-13.6875
-36.7672
6.0354
-41.2582
11.1667
-38.4203
6.4437
13.7426
-2.5742
9.4672
3.8766
16.8633
36.4078
46.3012
-4.3250
3.7148
15.2547
35.1020
43.2160
20.9578
-26.2289
-36.7812
-16.3022
2.4540
-0.5805
-23.9531
0.5041
15.4391
-31.3961
0.6543
-2.3068
-38.8602
-39.2445
-41.6539
-44.4734
-8.8369
-44.6016
-18.4656
-39.5574
-29.9914
6.9187
-21.7867
-40.8711
-27.0176
2.7922
-52.9625
-43.8898
11.0547
-42.4938
-41.6523
7.9724
8.0164
3.0404
-52.0289
-15.0898
-11.4572
-8.1492
26.2082
-1.9305
34.8336
36.0672
3.7556
2.4394
5.6016
2.5766
-45.2492
-40.6344
-10.8320
-25.5164
-2.3458
-16.7840
-15.5984
9.0502
-15.9008
6.6055
34.8172
44.2453
50.6922
47.4914
22.7117
20.4438
28.5535
19.9344
-4.0883
18.0555
40.6109
53.0707
18.9039
-13.3859
-6.8906
19.9141
14.7156
16.7914
21.7242
8.9500
8.1996
-2.5943
12.1578
8.2992
19.0602
5.7344
29.3687
-5.1453
5.5172
-33.9233
1.6168
16.7527
-20.5846
-0.4680
-4.3938
-33.2875
-28.3584
-5.3250
-26.3594
-23.6445
-1.0202
-10.5221
-3.3137
22.9484
-27.9434
9.5684
11.4576
2.9172
19.7721
0.8934
-3.7266
-24.2094
-12.3570
11.8008
15.2984
-9.3304
7.5159
9.4724
-42.4648
-43.5469
33.4766
8.7785
10.1139
-7.8090
-20.5361
49.0848
7.8281
-20.9744
3.7477
-1.6855
-5.2555
29.8172
12.4055
29.9203
20.7977
30.0734
22.4203
-3.4672
7.2625
-27.0133
-44.1312
-48.9961
-44.2305
-11.4672
-2.5445
-49.9789
-47.4047
-50.0641
-34.4062
-30.1070
1.6742
-21.2473
-3.8256
16.6727
52.7203
-0.0320
3.8270
-37.0060
28.3750
11.3813
-2.7475
-4.6137
-44.6266
3.2398
43.5875
6.7688
55.3719
33.0406
3.5953
8.0481
-3.1846
-20.8484
30.5539
44.9094
-6.2000
-17.2806
12.6863
-17.9457
23.3062
17.6902
1.0234
-8.5953
-26.8461
20.6023
-19.2047
-5.8195
7.9727
56.5977
52.1602
11.9816
-23.2332
-10.2250
-28.2180
-36.1059
4.4242
-41.2492
-20.4891
-19.5180
-46.1273
-30.4547
-47.7711
-1.0160
4.2998
1.0777
-4.8259
-26.3406
-0.8672
-18.8547
-36.6367
-36.8344
-4.1598
8.0355
4.7926
35.4797
57.8633
27.0574
-12.3210
1.4508
-26.6858
34.9156
-6.0766
-36.9082
-32.0789
-26.5242
-53.7055
-54.6141
-17.1697
-12.8416
-6.7209
5.1570
0.7969
31.3973
-8.2820
8.4043
-0.8484
-39.9781
-13.8540
18.0711
28.4629
11.4078
5.3383
6.4992
-0.5530
-2.1025
4.3961
44.8406
12.0809
3.5933
-4.1020
8.9348
10.8133
-39.3072
-22.0238
-43.8236
-21.4949
22.2891
-37.4062
-39.8352
5.3004
-18.2625
-49.9258
-23.2433
-13.9792
-11.5172
-29.8586
-15.3141
-5.0996
-57.2945
9.0172
-9.9496
-0.2348
4.2008
-3.8400
1.0621
18.9516
26.3461
58.2445
42.5322
-6.5070
-9.8883
-0.4266
7.6279
-27.9008
-46.9582
8.0355
3.6381
-31.0195
-21.9680
-4.6813
-37.8500
36.0164
-3.0902
2.7328
-3.0506
-33.5990
3.2604
-35.5258
-34.8414
-43.6586
-9.4797
-6.8611
-13.6219
31.5719
23.4031
26.4719
44.7242
14.2648
13.8505
-10.1700
16.3953
-49.5570
0.3910
0.9395
-22.5820
-29.0717
14.0290
-43.1377
-0.8301
-6.5406
-10.9848
30.5570
-13.9300
-3.5834
4.7958
-16.8289
-3.6641
5.7469
21.8164
26.8453
8.9094
23.5547
40.6480
32.5516
12.0875
-0.0582
-7.3953
8.3258
29.8391
8.8195
-5.7621
2.2317
-9.7756
-18.1033
-6.6711
-38.8352
-28.0891
-16.3078
-9.3691
-32.9516
-22.9461
-1.3145
-8.6660
17.9468
-12.2398
-11.8648
1.8805
5.4711
3.3918
-18.9574
-49.1406
-43.6117
-28.0594
-42.2531
-2.4783
5.4871
-5.0360
-26.9883
1.7801
-23.1667
44.1426
9.7775
-19.0719
2.2652
3.9477
16.6941
-16.9543
-12.1949
7.4953
8.4650
-1.8188
2.7885
-0.4887
-3.7520
-39.1484
-23.8727
-31.8594
-38.0094
14.6133
38.4688
18.0242
-3.7894
25.3941
-19.9473
-16.8770
-30.2375
8.9574
-17.4615
-6.2724
48.7691
1.7531
-0.5521
12.1160
-42.2996
-23.8336
1.8679
13.0445
-0.0852
-1.4656
6.2695
-4.9240
21.4066
-19.0074
-3.3309
2.8266
-24.2617
-41.6711
-52.1344
-39.9203
-28.0338
6.5375
13.5625
30.8895
10.7471
-15.0004
7.0161
-18.0805
-30.6344
-7.7367
19.6633
26.1125
2.6588
9.4092
-3.0580
-11.0479
2.8945
-46.4361
32.2594
35.6773
40.7641
33.3633
13.9391
21.2270
2.1195
23.6187
35.0297
19.1215
1.4014
-16.1219
-10.4164
-11.4808
-45.6719
-39.0957
-1.5112
1.7684
-32.1895
-9.0462
-48.6500
-14.1126
-40.3094
-24.5141
-25.2555
3.3709
17.6367
23.8590
-1.7172
50.1234
14.2637
14.1551
21.2234
40.6164
15.0977
15.0887
-7.5402
-0.5844
-42.1234
-34.4762
-29.7102
1.1188
-12.6152
-33.1095
-10.2750
16.4094
14.4812
47.2812
39.9883
-7.3086
13.2430
8.8355
-20.1916
-14.7362
-40.1094
-22.0719
30.2734
-14.2372
-8.8939
5.6031
32.8805
8.1652
6.1797
8.4488
-38.6109
5.1463
-11.3906
-45.0875
-32.0641
-17.2551
-17.9734
37.0145
7.8354
-12.2869
-31.0219
-45.4859
-14.6793
20.3742
-21.2838
2.6383
-10.6062
2.1461
-54.0648
-1.7637
-16.0430
-30.1141
-29.7914
-0.5375
2.6902
10.7266
7.8969
3.7066
-19.2766
28.8414
16.5031
45.2875
43.7211
48.4688
41.0539
33.6852
28.9031
-3.0570
-8.1414
-0.2375
15.2568
-38.1156
19.0336
22.5492
41.5828
17.2957
2.7482
-45.3914
-21.6435
-24.4336
-33.5172
-18.8805
-38.6609
16.8359
0.7773
-2.3707
-20.6102
18.0452
-35.3875
-9.6508
35.6016
9.6961
12.8826
-40.0672
-5.4332
-7.5408
-31.7934
15.4469
23.8984
39.9836
8.4023
41.7023
25.5184
31.1703
-11.9172
-9.0238
-48.8102
-15.2250
-18.5363
3.4094
-15.2238
-2.3824
-38.2500
-36.7658
-3.1570
15.0891
14.9191
-0.4875
2.0144
5.9005
-23.2865
-28.3500
-32.3008
-22.8178
22.7594
20.8391
35.4531
-12.9973
-1.8085
11.3164
24.7586
21.3023
-19.6451
8.4433
-48.1180
-62.2055
-38.8141
-33.6117
-18.4720
5.6105
2.7291
-43.4266
-35.0625
-18.2719
7.9872
-49.4119
1.3727
53.7883
13.0758
32.7387
51.8625
33.3559
-1.8570
5.5105
-6.4680
-29.4234
-32.4993
32.8145
7.9256
-15.1538
-1.3500
-13.3044
10.9910
8.6187
13.0199
6.4156
-0.3352
-10.8590
9.0961
-21.1430
-28.6535
14.0047
16.3531
2.1660
29.0648
-13.1852
10.7156
-9.9945
10.5086
26.0477
37.5258
41.8203
-38.4305
-13.9290
35.4297
40.7664
7.8887
-0.2537
-3.8660
3.4378
-23.6620
-44.0523
-37.8898
-54.9094
-36.5578
-15.8359
-53.0953
-30.6641
-49.6500
-42.4898
-15.0482
-6.4933
-57.3164
-15.4020
-6.6213
-25.1609
-15.7945
-23.1008
-6.7054
1.5883
-19.3898
22.9859
-3.8979
-16.4180
31.7750
-3.3270
6.3133
61.9406
16.0859
45.4648
19.3805
-13.4795
-28.1758
0.6359
-15.3750
13.6344
19.4883
10.4141
31.6367
16.4883
-2.8692
-40.4313
-28.0703
-4.3191
-4.0660
-7.7192
-19.6234
40.6978
-9.0172
-45.3477
-52.6625
-1.3188
-16.5859
21.5516
32.4863
43.1824
-10.7857
-20.1560
-6.6245
23.7926
-6.4117
-1.0298
-8.9194
-34.9539
18.7258
19.9578
17.6141
2.2324
26.4785
-36.6500
-10.0061
-28.8262
-6.9078
-35.8547
-35.9547
-42.2992
-28.9916
-23.9711
-23.4979
4.7047
31.4805
1.5999
-13.3902
26.8813
11.0859
46.2977
35.4883
-4.0009
-13.0262
50.4586
28.7875
11.0552
-7.0945
-46.9133
-12.6101
-6.7141
-19.1578
-49.4445
-51.9516
23.7461
21.6547
-2.2762
-1.2094
-4.6404
31.4055
-41.4520
8.6687
-11.5641
-17.8000
-11.0403
-13.7808
-5.2102
27.9592
-2.5324
-18.0076
16.9742
-18.7365
-16.0512
-6.5797
-55.3063
-4.6715
8.9232
-17.5625
-15.1572
8.4242
-2.5000
18.2801
-26.7297
0.1391
1.5887
-13.1992
-9.2812
-0.6338
-16.2031
35.6441
1.5034
-42.1766
-43.3063
-6.3609
-31.0723
-8.0750
-36.9719
-45.1750
-25.6320
-48.9156
-58.4219
-0.0031
-27.1227
-17.4271
-31.1070
-3.4949
-39.8742
-33.8812
-24.5920
10.3281
-2.1793
38.4109
23.0809
-31.3289
-28.6156
6.2919
-26.0555
-31.0375
8.1711
20.1098
9.8303
-26.9383
-40.4828
14.5504
-3.2472
-17.1836
-30.6766
4.1896
-24.2383
-22.2359
-26.2781
33.0727
25.7086
4.6859
2.1301
-2.7391
-3.6410
10.9252
-20.7281
-12.9887
17.7930
-41.3875
-38.2938
-28.7185
-30.8617
-21.9514
20.9508
23.3323
-49.8023
-51.2953
-26.5387
17.1583
-11.8016
-2.7836
20.0539
3.3026
0.7746
-26.1566
3.3064
2.6512
-50.3312
-22.1117
-19.2148
-12.2471
-3.2375
0.0078
5.0047
-34.5356
32.4480
-15.1656
-37.4789
-8.9609
-23.2051
-5.2748
13.1791
-21.6938
31.7965
21.2723
10.6937
-28.5945
-14.5926
-12.4289
-8.3539
10.3820
20.1891
-15.9293
-34.2836
-28.0008
-37.8789
12.4750
-17.0654
-10.4051
-1.2371
-3.2687
-1.4020
4.8875
-19.0545
11.9539
-9.4219
15.2531
-6.8150
-27.3039
-47.6883
-22.5193
-27.4312
-32.2695
-47.0273
-32.9348
-19.5746
28.2734
18.7055
6.0766
16.7152
22.7672
26.5102
39.4988
2.0430
21.8059
8.4433
-4.5562
-6.7564
-2.0410
-20.4896
-32.4953
43.9383
29.8844
-17.4926
-0.8772
-23.4773
-21.5508
-19.1016
-33.3715
-13.9793
19.0555
57.6496
-3.5766
-44.1848
-20.2172
-41.8875
0.4109
38.7770
-16.0668
-27.8193
-34.8602
-40.8508
0.4363
16.7742
-5.1813
-37.6371
-23.6918
-6.5604
25.4445
51.1125
26.5656
23.4797
42.0742
9.6000
-2.1134
-23.8164
-42.7383
-49.2477
12.7775
-19.5027
13.6789
16.2715
23.6844
-2.5531
30.3375
14.9707
18.8344
34.4836
19.7363
-4.1766
-4.6883
4.8641
-7.8281
6.6754
-3.3271
-14.4820
8.5319
-10.9578
-8.3395
-3.3305
-27.7514
-49.2172
-2.0703
0.5469
8.6438
12.8289
4.8008
-3.4711
18.5234
25.9531
45.5453
7.6961
16.1332
-29.2148
-11.5477
-40.6078
-25.2672
-20.0742
-11.7557
-2.0613
18.1961
