18.0854 52.4397 82.6582 110.7554 145.3055 177.2821 205.1461 229.7332 251.4196 270.3691
30.0341 62.5312 94.1297 121.5320 147.9922 193.2005 227.3542 253.6620 283.3720 306.4637
69.4222 136.1236 196.3827 295.9058 343.0912 407.1739 459.3522 500.6369 560.1007 642.3808
24.0165 46.9026 69.1508 94.0032 123.1108 148.2936 173.9094 191.8316 208.4359 224.7873
27.3618 61.9683 93.3523 115.9022 148.7032 188.9334 243.0170 315.1756 387.7656 469.2065
54.7065 107.2655 158.4896 206.6428 251.0279 284.5651 309.8014 327.4585 343.0561 356.5386
15.7753 30.2404 44.5033 58.4956 72.4888 88.7957 109.0287 132.3048 161.6888 197.0455
39.1733 76.8876 114.5468 150.4773 189.1174 228.2831 262.3313 286.9961 313.4388 334.2184
13.1566 29.9540 46.4998 65.8620 87.3261 107.6600 130.5635 154.8546 182.3024 208.8391
41.8931 84.2503 114.6905 148.9313 188.4884 228.7598 262.6891 297.6065 326.7804 350.2769
37.3468 85.0783 115.8171 145.7894 182.4670 234.8460 279.3726 307.9930 336.0853 361.3514
9.2556 20.0038 27.8188 40.5261 52.7353 63.3154 73.5962 83.9071 93.2398 102.7439
14.1719 30.0314 43.3507 64.0793 81.8103 103.3087 134.1447 160.7850 199.1998 236.0857
41.3433 94.3742 123.1771 184.1011 226.5463 264.4250 307.0967 338.9717 392.1175 428.5493
34.6025 76.7134 103.8332 142.6008 172.9494 199.0697 241.8275 267.8248 308.4964 358.7196
50.8742 92.3871 144.4575 191.1004 238.0238 291.0616 345.1804 400.9248 475.5138 544.6759
99.8155 206.7296 302.3520 415.3514 503.4212 585.1185 676.8378 767.4904 840.9140 886.4066
41.4011 89.5767 138.4473 174.7546 218.8797 284.8033 359.1174 422.9100 483.1413 537.1175
82.5750 154.0108 256.8231 398.5668 506.3154 620.0298 718.0564 770.0719 829.2179 902.3588
15.4291 28.5160 39.8563 51.6266 64.2873 85.7419 119.3356 159.5792 207.3582 262.7618
61.3123 120.2096 175.3953 234.5969 300.5724 365.9257 423.9836 495.0287 561.5487 630.1281
63.5345 125.2833 190.8307 259.1905 315.7358 361.1882 398.6457 426.1115 450.0006 471.7925
12.3387 24.5655 38.1776 56.5895 82.7099 112.9560 160.8415 206.0764 255.8715 313.6912
92.1487 171.8521 247.7119 326.9683 401.7126 495.8771 545.2419 597.9434 660.0979 708.3589
14.5597 27.3494 41.5646 63.0003 83.0964 103.2883 123.1670 164.1233 206.3338 252.8850
57.7720 148.5095 245.8316 295.9551 381.7771 455.6125 529.1235 587.8234 656.9086 720.4227
47.5683 159.1861 292.4145 388.0905 491.1172 570.5999 637.4414 713.0129 762.4035 840.7734
10.4498 22.6262 36.5074 48.0325 66.3295 103.2464 154.9668 214.1529 283.9519 354.0131
65.7536 127.1451 182.4634 234.7000 284.6709 321.2588 354.6910 389.9706 423.7774 457.8725
36.0876 71.2935 108.0825 143.6986 185.8038 232.8049 289.9464 344.6690 397.7160 457.2242
60.4077 121.6684 183.1053 237.2790 290.2739 340.4728 391.4603 440.6170 488.8801 539.9716
54.7986 105.0398 157.8212 210.1097 258.8174 306.2360 348.7564 375.6849 400.3420 419.0657
11.8611 23.5950 35.3379 48.0435 66.1683 92.8299 130.2555 173.2600 221.1852 268.0819
53.3990 109.2977 167.3049 234.5051 288.8059 337.1899 380.2848 422.9856 469.2632 511.3178
33.4493 69.0968 106.0702 145.3827 182.3166 220.1352 257.0879 288.0604 314.9401 337.7402
24.1833 43.9016 68.7683 91.5954 111.8884 144.2084 175.6702 216.3354 260.3994 310.7740
56.3919 108.2358 166.8518 229.5938 298.5508 383.6116 461.7105 527.9815 595.7176 673.6829
84.3585 171.7381 273.5542 359.9032 459.6729 571.5938 639.4650 732.9130 803.9694 902.3513
64.5269 127.3370 197.6625 262.5749 315.0077 364.4999 416.6972 463.3105 515.1554 545.4870
32.6757 70.8675 96.4212 115.4619 128.4141 152.8262 173.1838 192.2354 214.8442 241.5627
18.2567 36.8229 55.1765 74.3748 98.3097 135.3603 180.5983 231.9602 290.1462 350.5849
62.5594 123.9690 185.9856 258.4270 334.4148 404.6393 480.2094 550.1933 622.0806 694.2978
121.0690 256.4183 388.0777 534.5460 649.7477 797.7521 911.2895 1048.2086 1141.8314 1287.4804
63.2013 124.8929 181.3267 240.0853 292.8113 340.7708 390.9141 441.8805 498.6728 551.3325
89.9384 156.0195 214.7544 279.3806 350.0801 417.6525 490.7178 594.1099 678.8434 754.5976
80.8902 156.9087 242.1541 346.9711 429.6186 506.7671 567.3086 663.8766 719.7090 767.7254
64.4431 121.2957 166.0182 218.9555 272.3849 334.1309 388.5981 457.1430 510.6930 556.7683
51.8550 110.8075 163.2206 216.5902 276.3287 340.9760 398.6093 460.4436 522.0134 583.4368
82.1422 163.7773 226.6180 300.8718 398.6880 459.5548 515.9619 565.9953 638.6224 675.9396
11.8269 20.9353 30.1288 42.9361 59.8660 87.6209 121.3593 167.8685 221.9976 282.1985
118.3248 188.9303 259.9366 351.8003 440.0198 541.6186 634.4168 736.3719 809.7031 895.8015
84.2889 197.3851 280.0240 366.7834 462.5893 570.4182 643.7335 691.0322 733.2327 816.1728
16.8855 33.9621 56.3013 80.5690 112.2635 150.9790 194.9079 240.7920 287.6264 338.4062
67.5173 139.0367 192.5014 252.6959 300.2639 335.0220 372.2817 430.8007 455.6768 516.1246
6.9835 12.2712 17.7565 23.7142 29.6874 35.3718 43.9729 52.4530 61.5710 71.4721
10.6631 22.7370 36.9113 51.1827 69.0882 95.1909 125.9027 163.2662 199.3823 240.2570
50.6951 97.3583 149.5121 213.4468 277.1584 315.8426 372.6570 406.0289 455.1377 501.8472
50.4700 80.7522 119.0532 172.9517 216.3374 248.9510 302.4406 344.7887 381.1905 407.7662
8.0966 16.3384 24.1616 34.0990 45.6342 64.9406 84.9135 109.1155 138.9181 170.0298
37.8978 74.1081 111.6463 143.9585 185.5948 241.3074 307.9446 380.4090 443.1060 510.1187
71.0771 165.5932 269.1145 356.4737 506.3111 601.2986 677.1118 756.5305 799.0359 848.4028
13.5289 27.8167 42.7719 61.0287 81.1467 103.5924 126.4331 147.2313 166.7394 182.1390
34.7767 63.4739 83.4032 104.8261 129.2635 148.2242 173.5598 204.3713 243.0319 277.4289
21.5599 46.5912 70.8131 93.5012 118.1264 153.2909 195.4218 244.3260 293.5125 344.6502
63.1331 119.0703 173.6769 230.8588 294.4082 356.2085 421.2748 477.6199 543.9886 604.8662
69.1337 136.2967 202.2969 278.1017 343.6561 412.7970 487.1001 559.0054 633.5591 703.6965
149.3663 264.1144 340.9106 480.5561 574.4322 722.6705 813.9662 898.7972 973.1988 1053.9957
84.0463 167.5430 232.8248 310.1674 361.2225 424.3535 477.9619 522.2768 566.1842 619.7690
22.7026 45.4571 68.8940 97.1396 126.5491 153.3789 180.0270 199.1497 215.9338 230.6043
22.7570 49.5482 70.4285 92.9606 122.8234 164.4196 217.3437 285.5290 350.4676 439.7125
105.1170 185.5804 273.8229 379.2539 545.6541 642.1129 730.5337 804.4748 863.0683 904.8099
8.9948 16.7508 25.5572 34.7018 51.0102 81.1217 126.2264 186.0436 248.2422 315.1867
66.1001 121.9440 180.6623 234.9343 288.0134 340.7258 390.0334 442.2181 493.2949 548.4077
52.7131 109.4546 163.7350 217.2650 267.9440 311.6713 348.2433 382.2649 412.0917 446.6638
46.9549 91.7698 132.4594 177.7235 217.1394 266.0089 315.9167 371.1153 421.8051 479.0899
52.8634 101.9241 153.9993 205.5773 266.2246 332.2576 397.0833 461.3228 531.4886 596.5825
94.7507 185.7542 273.6748 344.2402 414.9425 486.9817 553.6759 606.0312 668.4120 733.1484
37.5221 77.4459 114.8835 154.1876 196.0824 225.9068 256.7244 292.3689 317.7230 340.7719
21.2270 47.5520 75.4194 100.6476 121.4640 149.3119 180.5899 210.8715 234.7014 263.1799
17.2889 33.5530 48.8135 64.6267 78.8268 99.2074 121.6540 147.2489 175.2602 208.4217
35.7739 72.8016 115.7431 161.6315 214.9069 265.7646 320.8091 375.1845 431.5986 482.7479
94.2030 210.7380 287.7250 393.9699 536.2403 616.5726 735.7904 807.3720 866.1804 936.8469
51.7423 103.4925 151.8882 210.5707 277.1313 357.1591 431.4487 512.3412 597.0122 692.0045
152.7916 280.6332 405.4006 527.7708 632.0708 774.4153 900.7012 1027.6776 1115.5272 1257.1862
124.4162 254.6504 380.1251 475.7571 567.7111 687.9789 778.3749 863.0069 944.0806 990.7975
29.1641 65.0969 104.4136 151.7083 205.9463 269.2225 330.0287 405.6075 492.2096 582.0803
123.0261 321.5037 494.5116 641.8341 707.2531 846.9745 1015.5764 1187.8377 1362.4751 1462.0182
73.4613 126.8976 191.6998 263.5431 322.0109 384.7761 438.5212 484.5511 532.1962 585.3123
66.9711 124.5053 191.4795 277.2265 354.9406 402.2410 467.9209 521.4070 579.0824 627.2888
39.6457 110.2814 158.5467 216.1670 298.1004 371.0194 442.1748 504.6487 582.2306 666.9558
165.3385 287.5406 417.7021 500.8536 610.6868 707.8259 815.0118 905.4933 1023.7645 1155.7866
118.4924 223.7553 310.8044 380.0525 450.4689 563.7880 615.8945 711.5292 805.9750 866.6683
47.1132 82.0221 118.8953 162.5827 210.8804 248.5341 288.1973 342.4402 390.2981 439.6982
54.4274 122.0826 187.4719 248.2310 300.9056 360.6298 430.7986 499.5265 574.3411 649.0092
59.7340 120.8264 180.4837 244.5423 315.4081 373.0745 430.4327 495.1784 556.8224 615.6735
83.7768 150.6655 212.7416 267.6997 333.0845 409.1439 470.2897 566.2857 639.3340 691.3998
50.0652 113.9369 170.8982 232.5906 294.9635 351.8248 415.2845 475.6649 521.6254 566.5290
74.0128 137.8784 201.4937 263.1049 346.1650 426.3896 504.8715 587.6792 687.4368 770.9846
83.2321 154.5742 225.3575 297.0543 399.8201 481.7979 559.4673 603.4878 669.9729 737.9745
37.8282 78.2250 128.8648 171.6620 202.9994 231.5587 257.8788 305.6357 326.2809 372.4530
34.2946 62.6670 91.3536 117.5076 145.6825 178.3874 215.1014 253.8675 294.7218 339.6551
40.8985 85.2129 133.8639 183.1032 241.2499 303.8966 368.2868 429.0360 492.0947 557.6349
80.2435 173.0195 271.3879 334.5956 424.5769 526.5097 612.6543 669.8456 703.0540 799.7341
26.1106 55.5080 87.4454 123.6173 173.7796 231.8602 290.8071 357.4014 423.7832 491.9338
124.3402 263.4390 441.9783 496.2200 584.2862 702.6885 879.6638 1040.5770 1172.6378 1293.8257
96.0012 201.5923 295.9150 413.5611 565.3989 654.3147 761.4043 872.3930 960.7559 1084.7712
94.2515 164.3284 263.3808 340.1542 451.3937 541.3297 617.9132 715.4134 773.1261 873.6431
95.3800 188.2656 278.6938 384.4883 493.4298 637.5346 734.3442 849.9085 950.2115 1059.4389
118.8406 299.3025 403.2597 515.9766 639.8740 749.4150 871.3029 1018.1321 1172.3160 1301.3695
151.3717 349.8222 471.4371 634.5340 890.6668 988.7786 1151.9226 1307.7312 1454.3899 1535.0903
157.7287 300.6471 424.6676 520.0508 636.8983 767.3533 859.9105 977.9235 1105.6063 1222.3356
57.0206 116.0970 179.2483 247.3039 325.5169 401.5923 478.9599 550.9911 625.3231 698.0769
129.2820 315.6738 454.7295 560.5565 717.4260 810.0428 917.9937 997.8593 1121.2730 1258.2335
82.3024 161.6954 214.5281 300.3507 382.1137 475.9364 558.4244 631.6757 694.3425 755.0031
128.4662 229.5340 351.8428 487.4240 599.1154 723.2237 825.0092 938.2221 1103.9515 1208.5430
73.2787 137.1278 204.5696 287.8831 383.1766 463.7529 557.9622 643.0359 734.1559 822.3585
131.9826 244.1616 366.1927 471.2124 608.4884 708.3791 838.6840 946.3344 1009.0189 1197.5626
17.3849 33.5476 46.7024 60.5391 71.8330 84.2592 97.5596 110.7008 124.4645 146.2530
33.9285 62.6678 89.0269 128.1345 174.2840 215.5968 263.9911 305.6713 363.1130 416.1341
132.5476 293.0566 418.6200 532.3722 709.9180 805.3577 918.7122 1028.3607 1188.9981 1282.3417
84.1413 229.9337 307.5345 401.4889 494.9801 569.3468 684.2063 756.9535 845.0966 946.5778
17.3294 36.4032 59.4427 74.8641 100.4627 139.0491 181.4890 240.0344 309.2681 384.8558
64.8096 127.7541 186.7337 248.4605 309.8676 369.0190 426.0669 483.5976 535.7946 586.9196
73.3398 145.5319 207.6545 267.3833 316.6468 372.1446 415.8768 457.4891 498.0321 538.0324
26.4191 51.2599 72.7577 91.4028 116.3093 137.9364 156.9758 172.9277 188.9372 210.4315
18.6855 37.2663 55.3776 71.9591 89.3994 110.0803 129.1382 146.8752 163.8488 174.0861
6.0245 11.4227 18.0472 30.4870 48.2863 81.4339 127.5290 183.0708 244.1500 306.2583
77.2491 155.2223 231.2376 298.2933 370.4915 430.2957 503.5642 556.9270 611.4447 694.2311
55.8322 125.8781 185.3237 242.9843 295.6305 345.7403 382.5222 415.0096 460.0100 492.6257
8.4830 15.1989 22.1585 35.2690 53.8465 72.8065 93.3059 114.9726 139.6518 169.6265
48.2540 117.1069 165.4025 226.2671 272.3270 308.4105 337.2216 378.5128 422.9091 501.7697
53.4567 116.2470 146.1525 196.6415 231.2660 258.9552 303.5161 338.1968 368.5504 402.0713
13.9114 20.7811 27.3565 37.9126 50.8537 63.9008 79.6294 87.7373 100.4337 116.5804
27.8113 48.8001 65.9283 89.8117 112.9804 141.3124 183.1764 227.0969 284.3749 341.9353
47.0442 88.9830 130.6056 167.4168 213.5716 259.9783 310.3377 372.3655 425.1367 485.5280
61.2064 119.7971 183.2080 246.0186 298.9492 339.8774 372.5233 401.4787 426.2280 443.4716
7.4013 14.3956 21.3492 28.3704 35.2878 42.6541 51.1578 61.2456 72.0531 83.9392
19.0665 38.3484 53.2728 78.0903 104.9887 138.8865 185.1088 234.9079 294.1423 349.2057
60.6672 125.4382 193.2319 268.7374 332.7509 398.5913 470.7421 545.8861 614.8382 683.2192
115.7020 211.8292 292.0238 391.4997 478.8221 569.6497 639.6442 699.5133 766.8803 834.5402
44.1436 88.9371 130.8672 176.3021 221.5321 261.5942 304.6820 353.5282 394.5486 438.1431
46.4359 87.2876 129.4796 171.9720 224.4984 278.2987 330.7243 381.3716 439.2954 485.2309
52.6692 112.0536 165.8341 217.8897 273.1646 315.4651 360.9124 406.6721 455.8143 508.1940
41.3807 81.8542 121.8501 165.5964 208.9402 251.4983 290.6157 327.9604 362.3172 396.1458
33.2413 70.4608 107.1361 144.3997 181.9928 226.3091 271.5681 319.6517 373.1179 422.9011
64.5534 122.3859 184.1084 249.2607 307.6093 370.2105 444.4877 513.3581 599.1321 659.7681
68.3705 127.4100 189.4886 242.2441 292.2449 345.6091 390.5857 428.4845 460.3444 494.1216
15.9215 27.4679 41.1636 52.3697 61.9864 75.2459 93.1758 117.1205 148.7831 182.7385
46.1158 83.9612 122.8705 165.2622 202.9195 239.8149 276.9248 304.5002 333.2730 352.2812
20.8161 44.4407 62.2255 84.5756 105.8126 135.9020 166.8765 207.3421 252.9118 295.1042
36.1013 72.2947 107.4759 141.3233 177.5411 205.3836 227.8273 245.2476 260.4012 273.0956
17.3426 33.8249 51.5387 75.2451 97.2216 122.6138 152.9861 192.4531 233.9091 278.2937
33.9332 65.8944 101.9156 137.8107 175.9123 214.0148 251.7440 286.5670 319.0721 353.1453
51.1592 103.4924 147.9479 197.2632 246.0656 289.7304 344.3498 383.3927 416.7911 463.4659
38.1879 73.3675 113.5180 150.8478 185.4038 219.7213 249.3036 281.6065 313.1849 345.9043
13.9204 29.6772 47.0272 61.1496 77.7909 97.2005 120.1569 149.6021 185.2892 225.8884
45.5097 84.1653 123.9592 162.1146 204.3912 251.4315 299.7490 344.4038 395.2564 440.2657
46.7810 98.2735 146.4465 195.2858 236.7454 274.6206 302.8132 324.2144 343.2277 359.2833
5.6427 10.5698 15.2737 20.3153 25.5607 34.3619 44.9977 57.2425 71.0923 90.4412
23.7599 48.8717 70.8203 98.4832 129.9012 172.8781 222.9482 280.9074 341.6035 406.7017
114.0400 185.1768 296.1977 444.9498 542.2899 642.9649 758.4484 869.4999 1015.6381 1132.1582
97.8173 235.5900 364.4469 471.2825 606.4864 721.9592 860.4272 980.9742 1083.5797 1200.4764
132.4744 245.3641 361.7559 467.9787 573.0654 669.8170 779.8565 873.8196 988.3162 1097.5838
157.0599 291.8282 409.7794 531.7708 643.2679 808.6595 903.0902 967.4447 1130.6480 1263.7669
52.2984 99.2662 152.4483 209.5714 285.4767 350.1768 418.5337 495.2175 562.8175 634.1322
138.6050 292.9007 406.0641 504.0422 606.2143 680.3428 768.3037 891.0745 987.4310 1122.4552
52.1869 102.3999 150.9232 199.8605 248.0498 298.3449 348.1513 395.5293 447.0625 494.3895
54.1607 107.9149 159.1211 213.5055 269.0851 325.0142 375.8919 429.0824 489.1415 543.7705
47.9279 97.0644 150.0323 212.2818 274.5891 345.0228 419.7780 502.0439 589.7237 675.7848
139.3652 244.2298 361.2770 467.5900 563.4723 666.5962 757.8422 874.1093 947.7678 1065.1389
118.8077 237.5790 369.4728 492.6207 627.4711 710.4187 789.2190 875.1953 956.7276 1018.8415
19.8108 38.4573 55.6745 76.1827 92.9168 107.0279 124.0367 138.8729 156.0090 164.8942
6.7996 16.1389 24.9270 38.7664 52.8815 72.5504 105.7959 141.3099 188.6662 240.3250
50.7905 108.2458 167.6799 214.4911 264.3917 324.4426 389.1691 447.3957 513.2049 571.8788
58.1861 115.4202 168.1634 220.8895 272.0301 314.5212 355.7872 388.1547 418.4616 443.7523
25.7158 49.4891 74.6318 100.2942 130.4250 169.2111 210.8869 253.7442 300.7267 344.7584
68.0961 126.2119 196.0237 256.8075 323.6442 415.4134 493.1660 566.4694 638.8365 706.2058
108.5321 205.3316 271.2671 355.0727 432.0324 495.0994 592.7567 665.6025 725.8573 809.6300
47.4403 90.9532 141.0724 187.4101 229.6202 268.7629 300.0662 324.2849 344.0920 357.7013
9.4685 16.7221 23.9101 30.4576 37.8311 43.4924 48.3593 53.3717 58.1170 63.6329
6.6403 12.7631 22.1332 34.2941 46.9304 58.8548 73.2576 92.7757 104.8497 125.0017
20.5906 41.8868 67.2280 91.4053 118.2309 153.3112 190.4362 235.7252 290.7917 346.0394
57.9620 99.0722 155.6091 218.3000 289.5501 361.3964 433.5608 504.9335 575.6016 645.2219
108.6278 214.6708 373.1187 471.5317 556.6725 638.9663 782.5659 884.8482 1025.4675 1129.0217
47.0324 94.4790 147.0692 201.0062 257.9282 314.0835 369.6910 425.3058 482.7760 543.3387
87.3801 184.1950 253.3259 322.7966 393.0720 462.0648 536.8223 601.0075 677.4343 762.4286
48.6079 100.9166 158.0013 216.2843 287.7144 366.7051 446.4116 523.2150 616.0402 699.3056
96.6615 184.0065 288.6843 388.5706 486.5471 614.8118 720.2512 825.7548 911.4405 1014.6493
114.7563 182.1183 292.8783 376.8691 470.3250 561.5426 658.2055 740.7529 787.9364 863.2055
102.7598 174.9020 228.1744 304.9314 387.8915 445.0713 511.3290 571.8363 648.1295 731.5297
70.1021 156.5187 222.0557 290.5446 404.9673 470.1395 532.9870 598.3591 649.4191 719.7919
79.4620 211.9137 312.0391 400.7526 484.2434 566.0557 657.0292 691.7981 774.3428 830.4958
10.0516 19.0161 26.4393 33.0655 40.4377 50.1146 64.3354 81.2796 100.4910 122.3475
21.2862 44.0001 67.4016 94.1786 126.3084 170.0376 224.0786 285.2390 341.9564 409.5053
80.8976 154.1993 235.8612 313.4607 401.5949 494.7035 547.9411 624.2493 690.9197 737.7984
50.6347 101.3516 150.7145 199.0744 253.0180 308.3910 361.2352 416.7264 469.7351 523.4585
56.3773 112.1571 167.2751 227.3094 280.6807 328.9863 385.7164 432.6163 489.6922 535.9127
40.9655 78.5176 118.5845 156.4237 193.4179 227.5343 261.3146 295.2138 328.8105 360.6831
59.9279 104.6136 149.4469 194.4011 233.1231 282.7194 326.5329 388.7548 451.3490 513.4598
44.1564 103.1450 153.3730 202.6718 260.2866 313.4551 370.1457 427.3861 476.7457 530.6320
42.7369 85.9185 129.0757 172.0742 212.4613 250.3358 282.4585 306.3481 328.4704 344.5688
23.4796 45.9464 73.1669 98.3437 125.3069 151.1032 187.2193 229.7251 279.1431 328.2416
39.8766 81.4651 122.4229 165.4785 210.3480 245.9758 282.0761 312.9996 344.6474 374.2969
24.3315 56.5384 98.1291 141.3714 184.4342 235.3172 299.8808 374.1375 452.1670 530.3669
99.8204 220.6909 322.9736 433.7416 518.6705 614.9906 701.4583 785.5482 902.1833 1018.1908
121.1340 220.3851 290.5929 380.5137 467.9174 551.1960 679.9708 817.3352 899.7564 1010.3883
132.9798 243.9853 332.4657 425.1936 558.5839 663.4595 742.2643 815.1387 902.3944 962.5485
11.9407 36.5617 52.1983 72.0399 95.3317 117.0615 143.3737 175.2201 205.0544 229.1578
17.5258 34.2434 51.8316 71.8923 99.9692 137.7362 184.2631 237.5925 297.3531 361.8479
75.5653 166.4487 245.2008 320.4629 389.7629 442.7805 495.8415 529.4022 556.0580 584.1562
19.4535 40.2430 59.3960 78.1187 105.0795 140.0715 182.7337 234.0588 286.6936 340.4003
54.0647 118.0522 175.3263 239.3154 299.4331 354.4728 399.3564 446.3613 493.7148 535.1935
59.2195 119.8508 193.4719 239.8562 302.5178 362.4215 423.4255 499.0354 579.7951 661.9707
55.3746 110.6294 171.1648 226.5897 276.6801 321.3173 363.8963 394.6744 420.3550 450.8528
18.2782 36.5140 54.3742 72.5784 90.7981 111.3808 135.7186 165.1681 197.8586 239.8934
42.4323 83.7157 125.3352 165.6996 210.6756 256.1844 298.5836 346.8334 390.3617 429.9288
47.0925 93.6727 136.7776 188.6088 235.5984 284.3518 336.9474 385.2191 443.5907 500.4814
69.3178 149.3488 247.9008 318.2443 386.5954 456.6077 521.7452 576.5138 615.0043 659.3206
44.5492 95.6338 146.7730 202.3267 252.6704 289.1085 321.2332 355.9451 383.9908 415.6541
12.5955 26.6234 42.1542 58.1897 78.8956 108.4411 141.8349 186.2219 235.6030 289.0892
57.2964 124.0128 181.3750 240.4066 293.9528 336.4626 380.1549 428.0922 472.5199 494.1634
21.5649 35.9935 48.9021 66.4524 78.4227 93.6099 114.6285 138.3731 167.4818 210.4872
33.2181 63.6610 91.3802 119.9704 149.3613 178.4873 211.0270 244.0118 280.2868 317.5140
36.0843 84.1079 127.7751 166.8064 207.1154 255.7903 302.2927 349.1778 398.1417 436.7815
21.3470 40.8370 59.9469 81.3118 109.7348 150.6728 197.3623 253.8211 315.2064 379.9091
74.7767 149.0021 224.7313 285.5260 351.5486 413.8456 480.8179 541.8850 608.2503 675.6833
80.0637 146.7913 215.5145 295.8138 360.4874 426.5513 488.0073 558.5398 627.5242 688.3737
96.1473 187.1497 253.5232 337.7029 413.8708 491.7078 575.7976 645.1183 712.0218 778.0633
90.7577 165.7711 224.6062 290.2462 385.7757 460.8169 544.9531 613.1797 674.2289 747.1115
28.4514 58.9502 91.5861 125.1223 161.4653 201.0683 246.1723 295.2829 346.6408 400.7094
69.9712 138.5585 221.3277 283.2823 331.7635 387.3130 426.5390 467.9779 501.5070 528.0132
14.7257 27.5651 40.0131 55.1479 70.3346 85.2354 101.3164 118.1197 137.9088 158.7939
19.3685 38.8499 60.4441 82.0678 108.9310 143.6920 186.0625 232.3874 281.7970 330.5506
90.2912 165.4181 242.6414 310.8803 387.6378 448.0686 510.3629 586.8712 653.7852 719.7422
84.0189 166.8495 231.3876 312.2986 382.1035 457.5854 517.2891 571.0880 644.7344 696.9748
45.8373 96.1729 148.1436 202.8039 246.1517 292.7928 328.5156 362.7363 389.3575 412.6928
30.6469 53.8843 76.5140 101.4108 125.9378 159.1041 203.9246 244.7233 300.8039 364.9087
51.3377 106.6758 155.2069 206.5941 262.6806 308.0010 353.0338 399.7770 445.3174 492.5065
38.8720 78.5658 117.8584 156.0021 195.5835 237.3437 280.2201 323.4858 372.4976 417.9699
49.7534 98.8044 150.6477 196.6553 245.5847 299.9485 349.8241 403.3174 460.0325 515.9259
59.5994 128.1526 183.6317 239.0093 299.4231 350.2242 390.9865 423.6917 448.0467 465.3212
20.0573 45.3987 69.4445 103.0117 136.8526 174.3800 207.6971 242.4914 275.4881 309.3138
93.2030 136.9998 237.3215 325.4810 383.9507 468.6402 569.7921 645.8886 720.3897 836.0051
184.1788 265.4267 369.2713 449.1166 613.4050 704.9389 813.5744 919.4153 1011.2327 1116.5171
150.4932 252.3412 342.3332 444.4939 532.9515 660.7474 759.8595 836.8463 995.3605 1172.4355
120.0199 172.7786 305.0422 447.5204 506.9338 562.2080 630.9393 696.5664 774.4022 905.6970
31.5061 75.0351 123.8244 167.3981 208.5867 248.5536 306.0359 359.3824 425.3147 481.7681
41.1332 84.6822 124.9679 160.9469 202.2519 248.4555 303.5284 359.7527 420.5976 483.6146
67.2600 131.5920 197.0496 254.7385 309.4476 361.5610 414.9774 465.7645 512.1952 563.2443
44.1174 84.7796 127.7033 172.3991 228.4565 286.1069 349.2020 409.8405 468.0012 528.7498
110.7529 202.3194 264.2028 330.1340 400.3061 468.6205 519.7501 574.9408 627.9130 680.7851
29.7729 61.0896 90.8696 121.5375 152.9966 182.8581 209.7430 230.6694 247.7457 259.8874
9.8228 18.6086 28.7157 40.4555 52.2409 63.8164 75.0136 88.7105 101.2886 113.1591
33.4094 59.4393 76.1481 94.1437 119.3323 147.0239 178.9989 215.7444 247.7943 297.4159
36.9449 70.8625 104.0736 137.9040 171.5725 213.7756 259.8129 308.8803 355.4770 406.0645
44.6678 88.2477 133.5771 181.9978 227.8114 263.8487 294.0153 321.0354 344.7893 369.2990
26.2686 56.2355 85.6256 114.5328 142.3007 182.2989 224.8914 275.2330 327.9841 380.3603
44.9655 90.1766 137.7133 185.3975 231.3370 268.8128 299.4821 325.7954 351.7357 377.7473
25.1322 52.6302 87.0841 113.3248 145.4802 184.3586 231.0903 286.9803 334.9800 391.8783
63.6765 119.0544 182.1157 242.6685 297.4599 360.1014 418.7701 476.7977 532.6434 586.7623
51.6441 106.4320 157.0773 211.8058 260.3558 307.0976 344.3488 371.7283 400.0326 418.1551
24.7899 41.9335 68.7840 95.6084 139.0971 166.1239 197.6302 233.8856 255.7072 276.4934
52.0334 93.6811 150.7512 188.9939 238.2673 295.5669 334.6421 399.1268 459.3687 513.9948
27.6516 56.7825 81.9502 108.7752 135.6831 164.6973 206.8546 249.9830 298.2380 360.6364
71.0556 141.9053 200.1607 259.9359 332.3623 408.4144 473.3742 525.6195 576.4974 623.9624
41.7410 82.8303 131.1555 181.0563 223.7708 265.0623 303.2899 334.4599 365.2518 390.1776
32.2168 79.2795 114.2214 151.7384 188.0807 223.1525 274.6449 314.4857 362.6794 419.1506
51.5631 100.4355 148.4284 198.7692 247.1960 296.3178 337.6338 377.6337 412.3890 449.1152
35.6104 78.1424 119.9549 158.4455 194.1262 227.9579 258.7867 292.9884 320.2946 347.0967
35.0004 66.8535 101.6537 132.7771 170.0963 205.9983 236.9995 269.8985 314.9692 349.1717
26.6249 53.7897 80.9886 110.0454 140.6780 178.1815 217.7856 260.2672 307.3936 353.9484
48.4877 99.6051 147.2037 195.7863 245.0508 289.4931 322.5321 352.4712 380.5271 410.6753
29.9468 54.8758 82.7537 114.5622 151.0858 192.5016 238.9748 290.9198 346.8997 402.4358
60.9152 119.8209 178.0065 237.8697 295.8964 363.1786 421.2443 490.3102 555.6860 619.0981
48.0802 99.0705 146.8397 193.9472 242.3216 290.5832 339.8830 389.5019 438.3782 486.8276
49.8119 96.7827 140.3221 193.5379 247.3795 294.9758 334.2719 368.2670 396.8058 417.5453
29.0186 58.4114 93.2790 113.2186 132.5436 158.4840 189.9045 225.7261 267.5743 300.3115
29.6317 63.2686 89.4061 126.5553 167.9767 209.8418 267.1793 324.0897 384.6393 449.5663
121.2907 224.6819 337.9798 445.1558 582.5200 714.9684 826.4781 952.3178 1057.7689 1223.2033
47.4056 81.2814 119.9270 152.9355 181.5387 227.0945 259.9944 294.8342 318.2457 360.9853
15.8710 33.6089 61.2260 95.1762 136.5340 191.0310 253.6153 326.0706 402.5766 482.7578
102.0843 216.9864 324.1293 423.6978 515.3932 594.3927 691.4457 792.1162 902.7531 993.5814
70.7158 132.4706 195.9992 262.2509 329.0288 395.1369 453.6243 509.4756 552.0949 611.8510
58.0721 113.7831 175.8709 242.0529 301.1711 368.2628 434.0113 506.1858 561.0365 623.9170
49.6845 100.7631 152.1458 208.3400 262.2413 311.9573 356.3983 400.7456 456.2744 512.3890
44.0433 86.2873 131.9811 175.9630 220.1030 258.3070 292.3354 319.8497 348.6964 369.7367
17.3844 33.3445 47.6974 66.1919 86.4919 117.3402 153.9181 198.7295 250.4376 305.6514
96.6286 188.5905 268.0114 370.1749 465.2684 570.7059 684.5397 780.8765 869.2903 979.3220
116.2148 253.1689 443.5301 624.8828 708.7694 841.5587 967.3703 1069.0186 1189.2883 1309.0520
29.8140 76.4696 114.3451 165.3111 207.9278 253.7046 296.9804 350.3174 383.2119 417.9562
16.6189 31.9384 47.5114 63.7715 89.4641 122.4503 165.5416 216.1637 269.6672 333.0186
80.8741 163.6521 252.8906 319.1304 379.9288 456.8756 527.4329 600.8310 672.3224 733.3290
74.4021 171.1853 249.6680 317.5223 391.2580 463.3077 528.8784 597.3662 658.9665 743.1454
53.2049 136.4904 219.0982 286.7450 357.3828 403.6914 462.4225 552.6417 623.0377 659.6263
33.9191 66.9524 100.5101 136.3295 181.6507 237.2620 290.9835 346.4175 405.1167 464.6679
83.4411 154.1535 252.8931 337.3602 425.6176 508.8243 600.2699 681.4710 749.9359 815.8891
84.1184 166.0632 248.3399 327.4230 384.5411 453.2030 506.3346 548.2407 579.7205 638.3555
20.1927 36.1412 57.4783 77.2187 102.5591 130.4100 166.5210 205.1367 254.7962 300.5843
56.4550 116.7885 181.2964 247.5940 298.9044 354.8961 420.6646 492.4875 554.0737 611.9605
67.5929 126.1095 187.7764 250.6250 300.5677 351.9402 405.1224 445.8899 488.2435 509.4282
25.1256 37.1331 51.6634 65.5196 91.0315 128.4232 169.9064 211.3548 273.9573 342.1654
76.7468 158.8209 229.6417 318.8856 394.7527 467.2854 552.5212 636.9333 716.4183 795.7934
122.4008 319.5135 424.4990 569.1189 731.2135 845.1266 941.6632 1023.6517 1198.7478 1384.2292
120.6336 253.3328 330.7598 404.8687 507.0366 616.9067 708.8063 861.4601 969.3689 1042.2600
15.1290 26.0491 41.6402 55.1558 76.7556 113.8300 167.0151 226.3449 287.9477 359.8500
72.0246 142.8926 207.8469 270.4426 326.7712 386.2381 447.2269 507.1553 561.4626 618.1010
51.0280 102.7642 158.0053 215.5316 271.0535 319.2293 366.0472 410.6211 456.0447 499.8521
59.4160 138.5687 186.0471 229.0520 307.3634 367.8623 440.1687 509.6050 577.6131 659.6789
84.3083 169.1325 238.9776 321.4853 383.8414 431.3004 493.2600 531.0173 557.9660 602.7462
12.4162 26.4954 45.5982 71.3893 101.0208 141.0193 189.5992 240.5609 303.0111 362.8272
158.1462 236.7686 315.0257 407.7485 516.6036 596.0364 682.4658 779.6559 876.6236 993.3776
83.3279 171.2458 242.3685 339.5301 428.6140 493.5506 555.0432 609.7224 674.6107 753.0041
61.0378 134.0578 189.6228 240.7259 311.1869 399.2644 472.1623 550.7552 627.7526 705.5154
90.5786 184.8191 255.2679 369.0102 468.6597 578.9809 659.9158 727.7847 803.8413 898.1812
85.0240 138.6344 251.4127 351.3071 408.1243 506.3947 558.7298 614.9105 666.7401 706.6881
20.6146 40.3987 59.5720 79.4969 101.4823 124.0127 147.5848 170.1749 192.7909 218.7799
33.0674 68.6213 102.6485 145.3548 187.6979 231.4249 273.5138 312.8973 351.7667 389.3556
67.1866 110.2175 135.1182 193.0758 221.6849 300.1217 332.7204 380.8482 442.9906 477.7631
21.1850 45.2088 68.7974 97.0668 129.7037 175.7532 233.7008 287.9479 353.5077 414.9922
76.0742 162.1015 237.7601 326.1808 400.1722 490.0171 561.6063 664.0967 744.9604 830.9538
102.1491 253.5227 343.4550 439.2373 523.4275 603.3710 698.0711 808.0145 899.5970 960.7055
42.8128 91.3216 158.4261 225.3178 283.9059 346.1520 416.3364 491.5764 578.3232 671.1209
144.2646 252.5244 354.3052 437.6163 569.9192 637.3642 715.8628 786.7401 853.8735 962.4337
53.3942 102.4964 157.9253 217.5416 279.5581 347.7613 411.9199 474.5582 540.6835 608.6930
147.7926 292.8127 462.6958 550.8885 669.6458 781.3412 850.3227 962.3162 1032.6883 1065.3453
20.0454 40.2679 60.2596 80.2845 99.8490 117.4117 134.2884 149.8557 163.5654 175.0447
12.4993 23.8446 35.0963 50.9121 64.8561 78.8266 93.9466 104.9531 117.2929 128.1744
19.4386 37.6852 54.2045 78.1759 112.9373 174.2709 239.5082 308.4380 389.8457 473.2024
143.7220 283.0044 423.1693 540.9583 721.0937 832.8918 983.2679 1096.3756 1222.3265 1397.0373
106.2216 240.6523 365.9425 468.9423 578.6884 694.9140 835.3885 936.6728 1074.3348 1195.1844
123.9018 266.6284 374.1461 520.4810 620.4517 744.7327 886.3245 1062.3582 1140.1261 1277.6713
86.6405 158.9443 233.3758 297.4402 375.3481 468.4678 594.2742 691.1524 801.9813 900.0441
151.8751 304.1602 427.4433 628.9079 756.2667 868.3769 999.6587 1103.2739 1240.4314 1364.0205
61.9409 122.1403 187.6768 240.2749 289.9764 334.5751 371.0085 403.7357 428.7915 442.6860
7.2147 14.2542 21.0973 29.6992 38.3998 46.2984 54.8989 61.5881 68.2986 73.5819
8.7229 16.5474 24.4464 37.8775 48.6997 68.1560 85.3025 104.4947 127.1449 152.6787
38.3392 94.5066 124.6855 162.2578 197.4915 247.9230 312.9983 389.3300 462.2721 537.0703
121.4110 246.4993 365.0484 434.5831 508.6084 612.6663 746.9032 838.1683 964.3687 1055.1400
62.5759 131.2372 205.2151 277.3147 359.7823 423.2725 511.5127 580.7045 650.2823 724.3952
105.3539 188.9073 255.6209 332.8847 409.3157 488.5701 587.1951 686.4533 779.0497 900.9070
72.7871 160.0132 275.7574 384.3962 501.9412 613.0102 722.7179 813.4919 924.5196 1032.3978
27.8470 60.6121 84.3849 119.4461 148.2044 179.3952 219.3377 247.3709 281.2333 310.1224
30.6981 69.4204 104.4497 155.4750 191.0857 228.8560 272.9806 313.9066 375.3090 427.6428
30.9314 57.3833 91.8057 141.0530 191.2514 231.2358 274.4459 319.2687 362.3422 408.2098
98.6017 176.5471 254.6227 326.9234 399.5160 490.5375 620.2113 716.8527 795.1087 870.5176
35.8947 68.2054 98.9631 133.6820 166.1045 191.7097 211.4332 228.8934 246.4699 267.4212
20.5023 42.4045 65.6828 85.3293 105.6789 123.1014 145.9487 167.6135 188.6625 213.2777
21.5721 42.3985 64.2554 95.1190 123.4166 156.6693 186.2650 220.9289 256.9012 296.4225
76.5378 152.3353 196.9709 271.6860 309.6782 375.2359 423.7147 467.3753 499.6417 544.8197
23.9834 38.8191 57.8072 71.1916 85.0227 105.9402 137.1590 178.6851 230.9385 283.0300
43.7241 84.2008 126.3244 172.9924 219.7829 262.2896 297.6472 329.3897 353.0657 373.8323
41.5403 80.4823 146.8442 190.8306 246.0062 351.7060 382.7523 441.1359 470.1795 528.0877
19.9623 35.2699 51.7728 73.8813 97.8497 130.8822 165.7813 204.8959 247.8641 304.9050
77.4519 146.3223 207.0535 278.9372 353.3932 445.5009 510.0732 570.9240 635.4376 689.5756
48.2584 95.6219 156.3007 208.2228 278.2702 374.6306 462.3378 501.6053 546.7998 628.0545
66.1893 145.6812 196.5391 241.0471 299.0405 348.5430 383.5666 431.3913 496.1381 556.5616
37.5387 73.6157 110.3285 159.2035 206.1287 247.1823 290.5747 330.2347 352.6391 387.7663
18.7058 37.1960 57.8318 84.4032 109.4703 132.9367 157.6078 178.4188 200.1353 238.4616
60.9680 98.1903 146.9753 212.2676 261.6122 322.7122 375.1936 413.3789 433.3327 503.5230
29.4526 51.5491 86.8977 107.5084 136.5285 162.6254 198.4628 230.3873 265.9190 285.9712
54.1033 111.1298 166.6701 226.4099 267.6748 317.0665 368.9724 445.0182 517.6120 608.6064
61.0387 122.4087 184.2359 243.9260 298.2272 360.8069 423.6606 462.9892 511.5855 557.7246
50.6159 102.8220 149.0394 193.2072 245.4044 309.2865 373.2167 447.8594 514.4703 596.5166
143.8802 247.6537 315.3232 451.6965 611.3408 726.2084 783.2587 881.5072 958.0280 1059.3438
35.8750 81.9315 142.1102 200.2971 279.9376 367.3523 465.4304 554.6042 650.8519 732.9428
90.0781 162.2514 240.2599 320.1779 386.2136 435.8402 481.3259 515.0158 555.5020 573.5671
24.1286 48.6292 70.0795 91.7713 107.6448 126.3475 154.1916 181.4936 205.1504 235.0095
28.1213 55.1951 76.2624 98.0146 137.8853 183.0080 248.2326 313.0610 375.3921 448.1201
117.7880 221.9159 305.2426 411.0052 523.2971 619.1662 700.5534 794.3097 885.1423 964.1168
107.6905 196.8521 298.8838 389.6510 495.4083 607.8657 693.1664 788.8807 895.6653 1000.8372
46.0972 93.3297 156.4874 254.6982 309.6341 376.8252 431.0648 475.9602 550.3188 621.1577
69.6669 144.0511 218.7803 306.1162 381.9951 428.1611 479.5877 546.2425 587.3030 618.7031
18.8903 33.9146 50.2897 64.6909 77.0977 88.7533 103.0585 119.4679 142.1639 167.6971
26.3306 51.6529 75.4514 103.5136 134.0934 164.3822 191.6539 216.5685 238.0093 255.2151
24.6560 47.0885 77.2685 123.9236 163.5560 196.9736 231.7329 266.5184 305.8786 337.9450
116.5187 232.2844 334.0668 432.6257 483.8810 528.3416 587.9871 672.7906 734.2775 806.1688
35.1005 85.0978 127.3981 160.1838 199.7876 242.4921 286.4066 337.1747 394.0443 459.0714
54.0124 101.8887 154.5020 199.9204 244.5697 289.6071 333.6284 374.6690 415.9388 460.9187
40.4209 79.7929 115.1705 156.7971 200.6643 238.9793 274.4970 302.4700 332.4161 362.2478
35.9801 64.1997 97.4401 133.6451 169.1633 211.3684 255.8297 288.4921 328.4811 364.9582
104.3623 157.5794 184.3244 234.7602 285.7588 345.0441 420.4323 480.6887 561.0270 647.8974
82.7706 188.5931 331.8959 421.2783 547.9738 640.6923 730.3841 782.8882 897.8523 989.0767
36.6764 72.1543 110.5505 148.6567 193.6294 230.2951 262.9256 287.9675 308.4403 322.7971
13.3461 25.3747 38.8482 54.1384 73.4684 104.2957 140.7569 185.5747 239.8653 296.6483
55.5374 110.6139 158.5767 210.0942 269.8886 331.6988 388.4950 452.6090 521.6200 587.4883
87.7177 186.6762 278.8867 378.0113 460.0100 532.9542 619.6504 677.0392 740.9310 799.8222
81.8766 183.5371 262.0493 334.9707 456.6605 571.4488 654.9892 727.2892 792.4774 873.1978
67.0589 121.3928 182.5970 249.0839 327.3355 406.6443 479.0095 552.8733 622.8621 698.5057
129.4891 285.7364 377.9554 484.2896 592.9322 681.5205 755.5688 841.5612 914.7688 981.9268
12.5959 23.3935 32.5657 43.7699 57.3471 83.5000 121.6398 166.4494 222.9788 287.4519
80.5116 152.3748 218.2429 291.9749 361.8629 413.2770 459.0857 493.0542 520.1972 547.2859
7.6439 14.3168 20.3228 26.1191 32.1818 41.4197 53.6987 71.5701 89.8463 111.7230
19.5347 37.3348 55.6075 74.3230 100.0941 133.6392 174.7875 221.2974 274.0962 333.2555
62.2966 134.1225 202.6027 271.4380 340.0857 405.5844 470.1699 545.4122 607.8057 678.9089
85.5252 163.1213 268.5175 357.0625 455.1668 527.8766 609.7514 692.9500 797.8028 897.1444
46.9594 118.3630 181.5417 241.4739 305.3263 367.4323 432.5824 495.6898 541.7682 607.3654
54.1790 103.2223 161.9633 228.6582 294.5438 359.7022 429.2094 493.1269 571.5865 638.7888
125.2358 214.8357 328.2210 431.8208 534.4663 655.3803 734.4360 816.8948 898.2971 979.3985
38.3556 78.2209 115.7682 162.0448 213.5904 265.0075 313.1200 356.0573 412.1469 465.3453
64.0862 201.3233 292.7484 369.6965 460.5578 526.2533 592.1381 674.5586 777.1447 853.9585
38.9091 75.5940 127.4836 183.4381 232.2797 288.8432 350.8138 420.3445 470.1930 527.6031
63.4839 146.6491 211.8022 323.7458 408.9445 489.8635 574.0933 618.9081 735.1223 812.3404
53.0041 98.4090 145.6000 198.9176 267.7644 311.9477 360.7520 418.8672 458.6163 502.8902
41.5945 86.9821 129.9391 178.6248 221.2299 264.2100 300.0170 330.7621 357.6709 384.6995
31.1216 56.0948 81.1562 124.3867 159.5682 207.3176 258.2130 311.9871 377.0452 442.4676
114.9247 218.1313 305.9969 394.7022 471.0095 545.1298 598.9169 648.1841 687.7971 738.5496
22.4705 44.6747 71.8526 106.4402 142.5483 190.3624 242.3365 302.9881 368.0263 435.0528
88.6146 200.8385 281.3650 350.0655 428.5535 509.2211 591.9891 659.5376 743.8382 806.7540
40.6105 112.4655 166.2561 219.3216 270.6123 318.7658 352.2225 410.7994 466.7699 521.1099
36.7799 72.9077 112.3175 151.2481 195.5184 240.2817 287.4529 342.1837 399.6841 456.8386
69.8241 131.3227 208.0006 297.4214 370.5345 441.6101 518.9931 609.8181 670.1616 716.0019
44.9258 102.1271 150.3215 198.2440 263.6613 316.4408 370.9078 423.4868 466.9604 526.3388
33.2375 61.8084 90.5565 120.7526 148.1976 183.1771 222.8611 271.0244 320.9519 374.9455
52.1377 103.4014 152.7221 211.2254 273.9601 333.9040 395.5313 449.9659 506.1419 565.2553
107.0583 225.1051 295.6559 355.4857 455.3125 553.3444 626.4617 734.2111 806.5742 924.2194
52.9773 109.7605 171.8016 225.1563 278.9278 325.6285 371.6111 411.5472 456.3076 512.0589
45.6887 93.4386 134.6788 181.2266 239.1598 293.8273 356.7126 416.1965 479.4144 546.0597
97.5586 165.0188 276.5022 354.0285 455.6681 542.2303 615.1411 727.0896 810.3479 881.5457
69.9821 127.8631 235.6560 315.6701 405.8536 476.3949 537.9923 607.5244 660.7179 731.1638
50.5198 98.5882 150.0105 209.7163 260.8133 318.0625 378.1304 431.6020 481.8168 531.2897
62.3503 141.2265 218.5338 289.1999 346.3858 419.4284 475.1754 528.8839 578.2824 620.1215
33.6660 67.7201 103.5696 142.2012 181.9181 222.8303 264.3216 307.0966 347.9804 389.3201
63.7612 109.6726 163.6936 228.0752 288.4309 354.3825 423.9310 495.2149 569.9471 633.0748
62.6695 123.6120 195.2033 257.1617 316.9786 381.3387 432.8349 479.8331 525.1192 579.8688
59.3354 112.3323 225.0247 292.7983 368.2199 427.8623 519.2833 579.5023 658.5116 733.0731
50.2855 108.4673 157.8783 210.7584 262.1060 309.9932 352.9792 388.3097 435.4730 472.5713
31.1025 62.5324 95.6724 129.0608 164.4794 200.1921 233.5348 269.4851 306.3118 343.5632
44.0114 89.8930 128.9802 179.5541 225.4390 264.9963 308.6871 337.3257 368.1965 386.8403
17.8307 33.3241 55.0495 78.5744 102.5345 140.4400 182.1693 226.6743 285.4676 341.2641
54.1115 103.1974 152.4984 206.3290 261.7134 318.3671 375.0349 428.4593 477.3496 528.4181
55.5372 113.4139 165.6573 228.8986 284.0880 347.3753 384.3442 431.7572 477.0737 525.5519
36.7299 77.7161 115.4794 162.0818 212.5672 262.3103 315.2287 370.9157 427.5299 481.0358
84.7574 196.2652 272.2550 356.7743 447.9569 504.2526 608.7146 672.0770 744.4836 819.9807
41.5071 83.8783 127.0425 168.7598 211.8259 255.4304 287.8972 314.0483 333.9828 350.9184
11.8521 22.1014 34.1825 47.5485 61.5675 79.4873 95.4924 113.3012 134.5909 163.0087
46.4979 87.6532 126.0185 179.2903 238.4649 325.8120 408.4277 487.9605 577.3375 664.1975
217.4354 414.0191 532.4572 589.1496 725.6738 854.9467 1100.4021 1224.8536 1370.0290 1591.6364
90.7373 204.7206 294.2685 376.3503 448.8200 508.3004 562.5408 618.9043 695.8250 760.4821
16.1713 40.5642 60.1609 87.3725 109.9348 131.9119 157.1645 187.0806 208.2138 243.4455
43.3355 105.6011 164.4551 215.5812 253.8916 317.6009 354.0372 378.2159 412.4042 448.0911
13.1116 29.5603 57.2827 93.4525 137.4527 185.7759 247.3681 319.9942 402.9252 484.4106
87.2598 185.9054 281.1604 384.6029 487.2396 589.0102 690.1005 781.5901 873.1275 976.4348
114.1984 240.4060 363.3975 478.7049 633.6353 754.6137 871.0293 939.3057 1029.9674 1117.2355
24.0562 57.3392 81.7943 111.7340 144.5850 182.9408 233.0367 280.9030 337.4839 397.8022
89.6879 145.0690 209.3339 296.9896 367.7383 432.2180 501.7600 564.6796 626.1331 679.1230
61.8459 113.8072 164.9343 225.1195 282.0601 345.8058 394.3611 451.7779 504.8258 569.9678
54.4509 114.1572 164.0573 219.8696 280.0350 332.9923 391.3560 447.2655 508.6085 566.0236
78.1794 152.0125 235.8125 305.1442 382.7706 472.2264 540.2937 628.3574 719.8547 804.1461
81.9737 159.5525 247.3262 320.1203 390.2473 479.9002 547.0374 620.3235 677.7423 762.7978
65.9229 124.6383 197.3402 266.6842 347.3346 419.6427 476.1752 544.5019 603.4163 665.2460
62.3715 183.4923 294.9589 383.4229 471.9387 535.1005 650.2416 736.5564 852.2918 948.9204
57.0589 122.7865 205.1514 277.4601 354.7273 426.0063 504.1982 586.2157 670.9052 752.8089
125.5638 292.4788 454.8775 572.5777 703.1603 849.5800 1062.1462 1261.0757 1402.2880 1527.6847
112.8594 219.6805 294.7013 370.2355 472.6120 571.4292 673.3361 789.7321 895.6409 973.1771
99.6186 178.3661 260.1914 316.4487 387.5020 450.9322 540.9403 626.8714 712.1463 780.4102
57.3807 117.6116 180.6849 246.9856 309.1732 362.9069 406.2828 453.3974 498.4417 536.9223
41.6979 89.7115 140.5748 194.9664 267.2669 339.2783 405.5749 490.8673 555.4566 641.5091
98.5981 210.2317 304.3466 423.5059 528.7172 593.6307 698.7823 788.4037 934.2184 1029.2802
142.6155 318.2196 444.4519 562.8052 683.5531 783.2441 921.6937 1021.5568 1157.2556 1265.0844
109.7224 316.5568 485.5680 610.3799 702.7660 829.2308 936.9827 1045.3750 1223.5233 1363.6446
139.5834 287.5749 397.3849 501.7154 624.8626 780.4915 878.3587 1043.4003 1162.8611 1250.4886
49.4389 99.2725 155.4055 206.9672 260.7875 314.8961 367.9689 421.5421 473.2291 521.1151
67.0846 140.5668 194.0386 245.6878 300.2839 345.7117 377.5456 406.5181 439.8217 465.1869
10.5362 20.3652 30.7331 44.9413 58.1527 72.0149 83.8927 95.8939 107.5086 117.7611
25.8804 47.2085 70.0732 102.0472 137.3191 171.7141 210.1185 247.9732 296.0804 343.3881
150.8236 313.9324 414.3652 490.3323 625.4595 775.9560 848.4084 939.1145 1018.7252 1182.0539
64.5463 163.8653 226.7342 322.2153 411.1185 499.9714 634.4515 714.0368 793.7917 884.6090
140.4387 240.1399 367.9339 448.1098 554.0196 672.5240 775.0476 857.0800 893.3694 1013.7659
32.4036 68.0981 93.2076 120.1127 147.7244 179.2396 220.8790 264.1901 310.3343 364.0295
43.9272 82.4029 119.7178 155.4268 194.4786 220.7346 249.7566 293.1457 335.4515 380.9751
49.0605 97.3335 144.7003 188.4323 236.0674 285.5263 322.8751 363.4131 401.9131 437.4156
35.2259 69.5932 102.1433 137.9162 173.8666 206.5400 235.3985 260.7314 283.8750 301.2672
29.7545 62.9855 98.1641 128.3401 156.8614 196.1934 233.8916 275.6462 323.9522 369.4322
52.0054 102.0675 149.7260 219.0303 291.5356 342.1391 410.7602 496.8295 584.9349 659.6289
48.7628 99.1006 149.2381 202.1429 251.5829 293.2783 328.9070 354.9785 375.0164 390.1664
17.3393 37.6773 56.9841 73.3237 101.0151 121.0905 146.3139 175.4744 203.5237 243.2443
41.3680 77.2102 111.7541 154.0934 192.8665 222.0934 255.6231 277.0110 302.0851 332.5140
57.5375 100.2821 147.9548 185.2455 223.2319 247.3456 294.8727 333.2573 388.8749 449.4383
38.3894 73.7931 106.0713 137.1552 170.5292 206.8858 251.1673 297.1658 342.9726 389.0512
48.6315 95.2029 143.7912 197.9792 255.3591 323.3478 386.8318 449.1943 511.3311 577.3985
86.3879 207.1923 319.7111 400.5432 491.7160 552.6181 621.6840 667.0444 723.1779 781.2549
8.6742 17.4260 28.0141 44.2417 57.9038 72.7030 87.7232 103.6677 120.8579 138.3565
57.5321 108.2848 159.5322 229.9400 261.9250 327.4525 406.5086 467.7356 543.3175 591.0864
132.7557 212.8272 294.5613 370.4741 472.9678 522.6336 580.3828 617.1429 703.1993 791.3709
24.7136 51.2469 76.1538 103.3066 126.6284 149.7327 172.3041 195.8516 228.6101 253.8116
9.5484 21.1767 31.0331 43.4664 59.9561 82.5424 111.6203 153.3663 198.8368 243.6192
46.7672 98.8705 144.5201 190.6770 240.4941 299.1302 355.0415 418.3957 473.7844 537.8120
71.2370 133.4365 209.6042 267.1754 335.1129 401.1846 459.2557 517.1536 573.2264 623.4003
48.5519 95.9093 147.4767 200.6932 253.0528 297.2154 339.9079 378.4278 419.8216 459.3841
54.5103 127.9764 188.3711 234.0186 283.6058 349.2164 398.6878 485.0906 533.3970 565.7714
10.4326 21.1263 33.9166 47.8712 64.0860 91.8503 128.7984 172.9973 220.8733 277.0457
70.7491 139.1116 212.6284 277.7886 353.9930 434.4416 508.4524 584.1992 644.7448 722.9170
87.8254 188.0671 259.0401 331.7563 414.8810 458.3624 531.4206 570.6977 642.5180 692.4939
25.0358 52.1547 81.0339 120.7077 161.4935 201.6490 243.2179 302.8019 363.7276 417.0439
96.1262 183.4294 277.8705 340.4234 443.2585 531.5881 622.4624 690.5648 745.7077 820.3430
9.2492 16.9621 24.3050 30.2100 36.6417 42.6171 49.2742 55.5884 61.7595 67.7113
5.5146 10.8008 17.2142 25.1101 33.9915 47.5271 65.2196 88.6734 112.5907 139.4052
43.7014 83.5746 122.5334 159.7116 200.0914 228.7600 257.8828 290.5819 315.1012 350.3993
23.7612 49.1402 78.8177 113.8941 161.8266 217.0766 282.6466 352.1569 421.5977 494.8573
112.7427 196.6717 320.8801 414.0351 485.8535 563.2585 640.8065 727.4283 827.5548 901.7656
46.9273 89.5535 134.5989 183.1892 232.0273 273.2614 309.6283 336.6709 359.5136 376.0133
17.0031 46.7529 75.6917 95.6258 109.0637 130.9050 157.6929 186.2149 208.8504 240.3784
19.7940 42.3853 64.6376 89.5308 111.7345 137.0335 164.2263 192.0294 219.6828 245.9462
66.3803 117.2154 177.8949 236.0532 278.2392 329.7376 398.4851 464.2331 529.5674 573.7107
30.5000 85.9679 118.8534 160.9759 206.4105 259.3649 322.9077 378.5921 440.0728 523.2698
46.5874 93.5279 141.8246 190.9955 239.7540 288.8938 337.3957 388.6107 437.9393 485.6657
55.0390 149.5465 213.9487 285.0003 361.8026 429.6157 513.5550 588.9031 653.6992 732.4822
91.4314 189.8283 307.6123 393.1364 509.5450 597.1192 726.4574 833.5633 940.3616 1036.4369
60.3507 124.1644 209.7413 274.9712 343.5805 397.4512 447.7102 513.4069 584.8155 652.0021
51.8494 99.4543 152.9873 212.9194 291.3836 354.3154 423.5890 486.6612 549.7110 621.1536
83.9313 198.2738 349.1126 490.7303 585.5562 706.4785 821.5271 911.2017 1030.5784 1086.7493
80.1074 136.3609 236.1850 281.1425 364.9661 422.6928 507.2241 587.0890 662.4496 719.4205
59.9007 118.0262 177.0365 229.5636 297.7329 347.8651 408.6346 461.0298 522.7820 583.6713
57.2778 115.4908 173.6506 226.8922 280.2294 320.9252 356.4849 394.0344 425.6317 460.1732
35.2158 69.6229 113.6423 152.6317 198.2595 257.6050 317.0668 385.9830 449.8111 519.3388
88.7595 183.4340 260.1177 343.3958 446.3310 554.2613 641.0562 712.9611 827.2795 936.2062
66.3862 132.1286 194.1791 252.0639 297.0637 351.7406 409.2865 467.1956 527.9653 580.4925
49.5058 104.1461 156.4277 209.4905 268.9462 320.4030 376.9464 426.3423 478.8439 531.9287
61.7741 143.8636 220.7346 284.7285 348.3680 430.6317 504.5461 558.3022 620.8754 711.5868
65.9632 123.7024 180.8259 242.9319 302.5272 353.3094 412.8454 463.3620 516.2193 572.4733
52.8710 118.6466 219.2441 271.3141 322.9969 397.7206 464.6014 520.6646 589.2602 650.0397
44.9472 76.8362 129.3599 177.2874 215.7245 261.1514 325.1437 379.8450 443.5342 509.3621
57.6627 128.2076 193.3129 248.1022 296.9916 342.2007 393.0076 446.3123 482.5424 518.5860
29.4790 57.4092 86.3563 113.0245 140.1720 169.3271 204.9808 237.1118 270.1174 302.5856
40.8655 78.3636 114.9955 159.2369 203.5358 252.8693 303.2570 347.7696 394.1250 445.2989
44.8604 88.2109 132.4555 177.6858 225.4008 269.4897 312.7427 353.6842 393.2884 432.8479
51.5031 101.9957 147.9092 199.7919 242.7551 288.6525 329.2602 366.7275 411.3372 450.3712
62.2979 136.7404 197.4549 256.1593 312.9214 377.4746 481.5385 567.8339 641.1107 728.8933
83.6991 159.8975 235.6757 314.2464 379.6927 451.7117 539.2879 629.8499 715.5614 795.6663
75.6024 172.2079 247.2060 316.8183 375.6005 438.9063 499.4015 553.3771 608.7208 691.1601
77.5487 143.1985 219.7180 301.2163 391.1129 460.1931 559.9570 647.7726 727.6480 786.4085
54.9332 111.0652 160.2274 213.5140 263.4489 310.3817 371.4893 426.8849 479.1937 530.6700
50.8249 98.9128 147.3187 190.1627 233.0847 272.2654 315.6258 357.9980 400.8846 446.9912
44.1000 92.9085 143.6257 189.2201 238.1859 298.3425 350.7812 404.5126 464.2976 515.9236
64.3065 112.1610 155.0024 207.9604 258.7909 313.4690 364.6425 405.9375 456.9221 503.4635
38.6771 79.7694 119.6723 164.4220 216.9381 275.8580 330.1636 387.3679 448.0875 509.0767
99.8140 206.7020 328.3102 398.4499 498.0225 632.6848 756.0994 865.0666 997.8775 1125.1826
101.0739 206.1054 302.5814 402.9987 488.4590 549.7562 629.0932 672.3336 727.6085 779.4970
19.6277 39.6294 61.2366 86.1670 112.0204 146.5740 187.1710 234.6297 285.6417 337.0564
70.6222 135.4135 212.8664 271.7923 347.1243 419.5205 489.9821 565.3182 653.7085 720.5326
73.0226 145.4709 224.9462 287.5432 339.3230 408.1716 466.5716 534.7951 604.1967 663.0682
51.8489 90.8926 150.6246 190.6699 245.6246 306.8654 366.4465 425.6216 479.7783 541.9294
75.6877 135.6766 196.7681 259.5341 313.4330 360.7193 395.6001 437.8728 481.2566 513.9531
34.2919 66.3802 98.1894 136.1886 182.0236 236.3127 298.8631 381.2937 459.7293 532.9380
96.4616 195.4780 281.6506 412.2232 517.2986 701.7570 796.5623 886.0556 998.5541 1091.1318
83.2349 164.9380 277.9143 365.7951 480.4648 619.4793 750.1566 835.3075 940.0905 1019.7972
72.3370 145.2967 204.6044 282.2393 348.2059 414.9791 473.9260 532.4588 594.2027 649.3259
89.2169 159.0033 241.4039 348.0948 433.9512 523.3838 616.8225 742.0414 826.9927 908.7975
86.1292 164.6092 243.0157 326.1023 409.1009 463.0005 529.6929 620.4144 734.5539 793.0642
62.7216 133.5369 210.6412 292.7524 358.0931 448.1190 538.9442 597.6725 644.4949 720.4013
32.3590 61.5556 84.8806 120.6670 155.7708 192.7343 235.9824 293.2631 344.8770 406.7579
56.3229 119.4303 181.9035 244.8759 299.3426 362.9446 423.0707 481.8055 546.1452 606.9375
77.6179 167.0949 245.8687 331.9190 425.4341 508.2729 600.5422 681.5102 775.1304 858.7464
158.7940 251.4272 365.2155 465.9974 543.3679 624.4511 709.4507 823.1910 927.1408 1047.0917
94.6515 162.4536 259.0086 344.9280 419.4986 519.9253 598.5868 696.9839 803.9751 884.2209
108.3323 191.6409 278.2300 367.1479 467.7162 568.5394 667.4365 758.4227 855.4308 971.6280
126.3210 241.1516 342.3909 459.9594 544.6885 658.0080 728.6350 799.4743 875.9802 960.4925
51.2749 137.7420 216.2844 270.3638 336.0881 409.2746 479.2960 558.1815 639.1826 716.7497
81.6362 162.6059 237.1988 328.0129 405.7535 471.1492 541.7814 633.0181 691.2653 756.9436
16.2981 30.8739 44.7994 60.6097 77.0407 94.4066 113.3486 131.4379 154.4313 182.6228
50.0844 96.3385 148.5814 194.6541 260.2259 321.7059 401.5115 472.2025 551.5244 618.6890
133.8081 277.1139 403.0837 510.0935 630.1019 762.5541 910.8110 1075.2427 1186.0108 1296.6094
84.4812 155.5261 259.0596 349.2289 417.8159 552.4183 607.4877 715.7118 809.7427 856.7113
45.9780 88.1116 125.2774 156.7240 198.2321 232.6309 265.6269 282.2974 316.5909 348.3791
9.3601 17.6058 28.2047 37.1876 47.1738 61.5954 77.0329 95.5536 119.6117 148.0103
23.0430 45.5613 67.7153 96.1904 128.6158 174.2049 232.1139 290.8689 351.5967 417.5708
73.4431 155.7019 222.8773 313.6120 429.0575 502.9471 583.1088 650.5960 756.5287 828.6675
49.8655 97.9566 147.1403 196.8339 252.1819 307.4335 367.1800 427.2006 487.1029 551.8706
93.4042 151.5749 233.5924 310.6221 373.2131 440.8711 503.0177 575.4700 653.3706 713.0605
58.7162 113.2739 172.8917 234.2765 298.5304 359.3301 425.1609 489.0188 554.2330 612.0269
76.0459 165.5715 240.9772 300.2152 379.3523 455.9999 525.4843 609.2403 701.9018 780.9216
61.9587 127.6843 197.9454 275.1479 350.9900 434.7585 510.1673 580.2542 656.6895 739.6618
144.2580 255.9377 366.4404 523.0876 658.1108 762.5145 866.3342 1021.1788 1093.6422 1183.5092
88.9839 191.8176 305.0090 443.5182 536.8268 650.4777 746.5895 855.2614 958.1957 1041.5917
126.2429 238.0246 346.5534 477.5532 582.5348 666.2334 760.6635 856.4209 949.6568 1037.6013
132.6449 233.9504 376.0749 529.8868 629.2589 732.4800 841.8254 937.7644 1045.9381 1144.9634
151.1497 255.6049 338.5489 436.9281 530.3020 638.9407 712.7521 801.7752 884.6632 984.1919
55.9193 112.5435 172.1456 229.4064 280.7063 336.0478 389.4807 444.0116 496.4914 548.9585
51.1511 101.8920 155.2263 206.2875 259.4958 303.9352 342.6180 378.6711 418.2600 458.4904
35.8172 72.0567 107.6559 143.5543 179.9264 213.7181 244.8828 269.6433 293.1562 313.6239
16.7796 33.5643 50.2183 67.8630 90.0223 124.1562 161.3570 209.9564 259.6553 313.2251
67.4081 134.3519 199.2212 255.5296 317.2729 368.5338 411.3865 449.1480 495.9953 530.6790
32.2435 61.8635 90.4216 121.3574 154.5585 198.3600 244.7296 296.5952 348.0656 403.7339
58.4109 109.3557 167.3773 220.1750 274.3451 320.9249 368.3598 414.7482 457.1362 499.7017
39.8890 81.1000 126.4755 171.2796 216.4018 256.7231 290.5958 316.7068 336.9108 352.0983
18.2496 41.0462 82.5872 107.0526 141.8113 180.9420 223.2476 268.4137 310.6192 350.6159
55.0149 131.1829 196.4786 262.9254 343.7700 428.5130 515.2303 569.5314 641.7500 712.3321
79.7521 137.5139 211.2594 295.2233 350.8936 392.7929 484.0658 553.0851 660.6663 744.2796
33.6061 73.0377 110.0521 142.3896 176.5962 212.4970 252.8836 301.7974 353.2612 410.0651
58.4245 112.4210 159.9577 206.3141 258.1095 315.9488 373.2286 432.6894 493.4883 553.4531
57.2315 112.7071 170.7542 228.1389 279.2629 335.2154 387.4503 442.8057 496.3624 553.0490
49.8907 100.6412 156.7518 211.5507 264.3878 303.2610 335.6914 360.2041 379.4518 390.9001
15.0711 28.6532 36.6695 47.6067 62.5443 73.3385 86.1608 105.2292 133.8590 160.0387
23.6736 43.8371 65.5115 85.3480 110.5208 144.2525 185.0721 234.7544 282.9705 329.7801
51.4244 101.5359 151.1880 200.0196 246.7289 281.3714 317.8352 352.5184 390.2632 424.2938
32.8061 66.3103 100.6636 134.4883 168.8703 207.6891 248.1880 287.7993 328.7685 366.5298
42.2005 83.5527 123.7288 166.1878 212.1375 262.2563 312.4993 365.0078 417.4193 466.2647
54.5304 105.8135 160.6715 212.3988 259.3071 298.3543 331.7452 365.7217 399.5665 429.5155
31.6072 64.1342 96.1222 126.4343 161.1177 199.0248 231.6723 262.8597 296.2010 324.6617
25.5177 51.9575 83.8420 128.2024 178.7768 234.4493 293.0272 364.5260 434.6172 501.9434
127.6498 246.8728 364.7526 467.5565 598.3804 712.2483 931.6424 1043.0023 1205.9634 1344.1125
96.2447 184.7150 275.0034 363.2410 459.4653 574.9527 660.3868 763.3962 872.8724 954.2579
100.4519 247.1389 391.1312 505.5591 592.0226 711.9219 786.1156 896.3639 1005.7468 1114.2880
59.3881 122.1536 179.6517 237.8850 299.4169 346.2347 389.7176 427.1626 460.9116 494.1593
29.4765 59.3667 88.2132 122.8105 157.9500 195.5240 233.8756 271.0264 306.0492 337.7708
43.6368 84.6352 117.2322 167.9797 220.9947 263.0468 327.5045 384.2038 445.6632 508.7963
95.4709 173.0463 297.1501 439.8560 557.5580 670.9377 730.0076 829.8868 896.1227 980.6473
61.4885 142.3252 219.9530 298.3111 355.4411 445.6671 543.1395 613.1899 676.4964 751.1511
102.9665 140.5025 232.0238 293.5842 335.4177 459.9404 599.6789 692.7409 847.2703 942.2393
65.3004 131.7988 190.0643 249.7151 303.2831 352.3576 394.8162 435.3333 476.7032 514.4855
38.2579 74.9284 113.4271 149.1116 185.0733 218.2965 246.8685 268.1299 284.8398 297.2070
10.1417 19.4917 28.6265 39.1319 57.4425 86.0875 129.9370 175.5549 228.3462 284.2083
61.7711 120.9160 176.6460 233.0053 289.4958 328.3114 359.9824 386.7960 406.3102 421.4779
10.0426 20.5272 28.6991 40.1322 52.1704 67.1002 81.8465 95.3320 110.0963 126.3488
23.6582 47.4810 79.9029 111.3336 148.6921 197.5824 245.0704 298.6789 368.8918 444.6548
184.3987 296.4473 388.0587 558.1409 738.0107 921.5505 1069.4250 1151.3713 1268.4743 1417.0916
90.3587 185.3633 265.9321 332.1885 430.5084 516.4798 596.4468 666.4661 739.3800 825.5607
89.2875 194.6405 285.8172 375.2096 445.2264 556.4765 653.7910 713.9437 823.2707 918.2763
58.1515 99.8419 151.4599 243.4137 300.9772 360.8195 414.8293 473.3322 515.4992 559.5441
19.3318 40.9142 60.8339 83.3534 113.1869 157.7517 226.7133 300.0242 389.2120 476.3538
83.7693 165.6748 241.3490 311.1466 374.5686 429.6325 480.6366 532.2680 577.8826 628.3617
43.1930 94.7055 140.4933 184.7870 245.7950 306.9859 365.7026 430.3330 494.9723 553.3103
62.2587 123.0040 195.4970 275.3007 353.9396 434.9612 524.6349 606.4248 691.0188 773.9205
107.7621 230.8345 391.9101 455.4432 596.3782 694.5160 804.9319 950.2944 1048.6117 1135.8967
46.4070 89.9187 130.9383 173.5039 221.8749 272.5044 326.9475 383.3518 439.9314 494.5039
58.5800 114.6694 171.3320 226.8133 282.7724 335.6062 397.7028 451.4363 512.6077 568.1999
55.0475 114.7117 180.8348 247.6052 322.2109 391.3750 456.3952 523.8053 589.0191 653.5448
136.4624 224.2885 307.1804 420.2937 523.4183 634.8083 752.2841 855.0268 958.4281 1053.1941
57.3400 113.0754 166.0925 224.6500 282.9199 335.2886 390.7873 453.1098 511.0037 568.0772
73.9421 138.4564 199.5549 264.2869 330.4822 399.3461 477.5015 540.3167 611.2520 664.3635
60.9353 124.4908 189.4817 241.8563 308.8229 379.7638 447.6397 519.5721 599.2826 676.8551
53.1651 105.4413 158.6866 223.3249 288.6842 353.2997 419.8213 486.2079 550.7724 618.7074
115.3385 238.2003 341.2773 418.7748 497.0632 563.1146 670.9510 737.3793 821.7275 911.6751
61.9086 128.8942 197.1537 265.7017 327.9322 379.7545 438.3494 479.7365 511.5067 537.6952
24.8219 44.8369 61.7501 87.0812 129.3377 176.7769 238.6153 310.3825 387.0047 466.0843
119.7009 224.0554 369.4760 509.5141 576.6786 722.1053 774.9006 871.0969 959.2341 1040.6004
17.2816 38.7383 72.5082 116.8048 164.2306 221.5721 273.9238 329.5189 384.9878 432.0926
166.5605 237.1480 373.1071 464.1516 543.8679 650.9291 708.3056 868.6233 988.0855 1084.6727
56.0580 105.8809 169.0401 217.9754 256.4099 301.6878 332.0137 373.3419 396.1337 409.8250
8.1936 14.6693 19.2259 24.7971 32.4322 52.1567 84.3853 126.4725 173.3927 229.6360
59.2448 119.8399 178.2941 234.3622 298.9697 361.0605 421.2864 470.8676 516.5203 560.9876
50.9803 98.9550 144.6527 192.0758 240.6468 306.5976 385.9414 470.1751 556.7172 639.4334
243.2711 404.9684 564.9066 711.5471 794.6307 966.1248 1084.8644 1230.2338 1303.2368 1438.1994
144.1463 322.4050 425.7073 562.6984 677.9059 808.6076 956.7455 1104.5436 1236.9348 1352.6653
72.2333 153.8183 239.7422 313.1520 413.6111 525.6998 647.6828 755.0686 840.4332 930.8811
144.9648 280.4764 359.3255 472.7075 581.7380 693.1206 793.6898 859.9166 904.9704 954.0822
32.6727 67.5793 96.7428 140.6403 196.2372 256.6696 344.5745 422.7953 531.4695 635.6173
73.7171 143.2079 211.7601 278.5919 340.2823 403.3239 462.2711 524.4895 583.9902 651.2941
76.7359 146.9734 224.3082 302.3846 383.3052 455.6688 533.4313 599.8180 670.9663 731.5253
54.2329 110.3965 165.3306 220.8579 277.6286 336.8145 396.4901 452.6871 512.0433 566.1888
54.6080 118.2757 184.2609 243.3772 309.2127 371.3618 436.7054 504.4250 567.8493 635.9909
56.8397 110.1109 165.3424 225.2873 282.7332 342.4421 402.0903 460.2264 518.5165 580.1290
70.7464 139.3295 209.6516 286.0887 357.5679 431.1870 510.1960 572.4812 633.6734 702.9752
48.5922 98.0848 144.9452 197.0165 246.8040 297.6703 348.3635 397.0854 446.3449 496.1085
48.1741 92.0303 139.3246 192.2440 242.6892 290.6702 329.0187 362.9052 389.2530 413.4321
30.1337 52.9288 79.1763 114.0671 153.0831 214.3845 277.4759 345.6325 424.5302 503.9197
189.0416 402.1345 585.8884 767.8852 918.9801 998.4143 1117.2127 1236.5762 1355.3898 1491.3843
104.7881 189.1524 314.4608 413.0545 536.8505 660.4957 773.0074 902.4128 1019.5053 1145.6360
88.6648 238.1833 340.4678 483.3415 591.5104 726.3031 887.7771 1010.0371 1170.6782 1290.5853
105.5358 179.6471 247.3102 315.0521 409.5936 497.2301 571.6736 633.8670 740.5300 828.8638
23.2552 45.9629 72.4678 98.7592 126.2390 152.1401 174.8168 198.6868 222.0380 243.5647
21.9702 44.4395 66.2872 87.2842 107.5699 125.5994 143.8269 159.7527 174.2248 186.6014
15.0833 32.1802 59.5866 101.9363 151.3883 205.8904 271.9534 358.8390 444.2586 532.7331
105.7688 256.8087 429.3003 545.4285 646.6022 802.8108 972.2756 1143.9299 1273.9472 1400.4272
58.9271 114.9637 176.9511 236.9713 290.8635 349.6851 403.2066 455.8893 507.9421 564.0157
51.7931 103.7889 157.2001 211.8080 266.1525 326.2830 385.6580 443.5355 497.9600 554.2752
69.9371 151.7599 218.8841 300.1204 369.7031 442.2538 506.3335 593.3919 658.7813 732.8959
65.8764 131.5037 201.8685 279.6827 348.3598 423.9103 486.7882 550.3330 619.7013 679.5194
66.2874 124.6120 185.7366 247.8363 308.5017 365.2315 415.1171 469.7617 519.9598 568.4745
59.2412 119.4081 170.9356 229.2213 289.8247 353.0972 418.3734 477.5414 536.4751 583.4285
47.6816 100.4360 157.8441 209.0181 265.2641 310.2004 359.2515 428.0306 492.0999 555.0965
66.2652 132.4390 197.6068 258.7514 325.8437 378.6926 415.7520 443.6800 479.1121 497.2716
11.3794 23.5513 36.7385 46.1217 55.7828 66.6683 77.7902 88.9429 101.1623 112.3198
8.7955 17.5601 26.0726 35.6504 50.4144 73.7533 112.3689 156.4965 208.7583 267.3154
76.5124 153.0443 246.4076 318.1570 384.7064 458.5992 533.8760 610.6873 678.9268 756.7452
99.1672 212.9552 326.3254 427.2612 513.4815 576.3806 646.6938 711.5043 804.8812 877.2920
19.6502 39.1002 60.1897 82.4281 111.2435 149.1536 195.4881 244.7674 301.3571 369.9973
68.4955 129.5057 187.5298 252.3320 312.3092 375.7051 443.8787 522.3463 584.2288 650.6794
106.4293 194.7547 277.9663 381.6962 467.9287 535.1229 631.4030 703.0612 813.1952 890.3144
73.0229 178.0734 253.3600 337.5194 449.1820 550.9404 645.8948 742.6668 862.0445 969.8850
71.8646 126.5024 201.2266 257.0996 315.0609 381.2293 443.7047 501.4687 560.7799 615.9800
49.0370 100.0962 149.4290 203.6688 254.8673 305.4064 355.8217 406.4299 456.3518 504.6990
51.2702 102.7798 151.2179 203.6624 256.3047 305.6297 360.1328 413.4353 466.0669 518.2123
55.3883 113.1414 165.6601 223.2878 279.0293 337.8798 392.1962 447.4073 498.3172 556.0605
52.2050 103.4967 152.8619 203.3406 253.8337 307.0379 361.3967 410.5503 460.0611 509.5809
55.2868 105.8335 158.3760 210.8394 255.4546 293.9825 323.5861 350.0047 371.6351 389.5290
16.2518 31.0114 45.9769 62.9524 86.5532 108.6315 127.4029 143.6761 159.0033 171.8477
12.9384 27.7612 44.2340 57.9364 69.8844 85.5662 95.1650 107.4229 118.9566 131.0896
7.8904 15.6883 23.5796 32.5686 41.2483 49.6830 59.6328 69.0543 77.4457 88.7585
11.5516 22.4741 35.1605 47.5555 62.3680 76.6418 91.6541 106.7266 121.9492 135.9220
12.5816 27.0533 38.9716 50.7780 64.7059 78.0848 88.4879 98.6956 109.0559 122.2363
20.7760 41.0157 66.5745 90.5970 123.2146 154.2770 198.5703 246.7201 292.5765 350.7164
42.1431 82.8636 123.0411 161.2625 197.8093 230.9524 260.0508 287.4968 312.3857 338.0115
25.9916 53.5038 85.8929 134.8570 197.7790 275.8860 362.5909 453.2195 546.0297 636.7023
102.3077 246.6855 394.4732 461.6546 582.7062 707.4206 797.3257 891.7555 1005.0534 1078.4630
83.9031 147.0849 215.4036 291.4551 361.9120 466.5372 541.6262 635.9348 720.1125 811.3772
82.5178 145.3311 206.8214 270.0267 343.1084 420.1660 498.3774 566.7198 654.2707 721.4404
96.4233 188.0273 269.2025 343.1414 408.8508 465.6264 538.4656 621.2796 699.4947 784.4902
67.1997 119.5973 176.8242 236.5470 292.7414 351.3839 399.2512 455.6019 505.0748 560.6999
52.8613 103.8047 155.7105 205.5050 264.3194 320.2830 370.3832 426.4371 477.9851 529.9207
55.1370 113.9659 175.9100 238.3914 298.8155 358.7225 421.3381 477.5715 535.5162 591.8520
68.8769 129.0131 189.5088 254.2361 321.9353 413.7120 483.7392 555.3167 620.7991 674.1241
52.4954 103.0416 152.8763 208.5945 260.4739 302.9386 337.3205 366.9239 390.0647 408.2493
26.2882 56.8366 81.8999 127.9312 172.2988 232.5928 293.4434 365.0637 432.0315 513.8537
132.2099 279.8402 382.1876 467.7727 554.4657 691.3435 901.1559 1009.1719 1122.1093 1293.7051
130.1063 255.8091 363.7643 499.5161 631.5095 795.9694 944.3485 1123.3772 1210.9997 1358.2121
140.4097 259.1579 357.8072 453.9064 578.9998 662.7089 763.5244 815.7173 898.0777 1016.5212
36.7184 66.9708 105.8332 149.6383 201.6659 256.9139 318.0786 387.7806 461.6945 539.2657
100.5559 193.8338 271.8553 333.9825 444.5543 544.0751 617.8159 705.0242 807.5006 874.9532
126.1556 213.9689 311.9072 407.5716 514.2603 648.0037 737.5753 872.4468 983.2057 1062.5982
85.0797 170.9801 238.6134 313.1753 379.1749 457.6965 523.1261 587.2818 648.8229 705.2018
57.1754 123.9634 178.4877 230.7660 275.8075 333.3184 392.3826 441.1285 500.3719 566.5414
47.1162 101.4318 154.8743 203.8257 248.0454 289.1332 325.3243 351.7209 376.1417 390.6569
12.4303 24.7602 38.6409 55.0435 79.1953 123.7457 184.9782 252.8358 324.7247 402.7843
101.2967 189.5708 277.1580 361.1498 431.7203 479.4007 531.4137 574.3589 610.0191 649.6103
28.5359 55.1347 83.5836 112.9505 142.6756 172.7521 204.2230 231.0800 251.2959 266.6197
9.3979 17.0579 23.7550 33.1747 47.9856 66.7247 93.5835 122.0600 153.5633 189.4419
42.2302 80.8211 120.3673 158.5597 208.3429 259.6928 315.4122 375.0592 438.6891 510.9792
122.9905 243.6175 386.8740 485.7767 610.2098 736.1125 835.9177 917.4246 971.1807 1072.7354
16.4140 29.8483 43.3052 60.2383 80.7666 105.8970 130.8774 162.2535 198.5682 244.4871
91.4054 165.9282 273.2895 377.0231 433.3870 568.1611 650.1370 731.3438 843.8040 931.1048
117.8380 211.6413 272.3966 318.0243 398.6443 464.3323 556.4097 630.6783 709.5600 777.1374
32.0290 58.2580 85.9210 110.6890 140.1732 169.2268 198.6177 223.2552 254.7874 276.7076
29.8057 55.2711 80.9289 102.7828 139.9894 186.7783 241.1116 311.0591 376.5392 448.6684
128.0454 223.8226 329.2232 405.7475 474.3006 545.6112 611.9578 684.4762 755.9082 811.3910
46.8063 98.6500 146.8754 186.5082 243.1267 298.6196 375.1461 440.0635 501.9274 588.2782
69.4316 163.8547 278.0921 382.2179 450.8248 519.3624 593.5311 661.7884 710.3978 768.6517
16.4886 29.8398 44.1282 59.0229 84.1199 124.6573 176.3906 234.3894 296.8991 368.1325
69.9817 144.8134 207.8995 277.2600 351.7420 420.6415 488.5344 556.1288 622.7353 687.2074
93.8764 211.4273 301.6816 370.8937 484.0718 575.3490 666.2131 777.5157 863.5274 952.2187
96.4677 213.6012 309.6157 394.9518 523.8900 614.5753 726.3267 831.6665 929.5439 1002.7549
158.5250 257.8457 357.0157 457.7221 566.5686 645.5714 773.9658 883.7840 975.4369 1085.2083
58.3301 120.5896 178.2689 237.0282 300.7091 358.5191 413.9092 478.0315 540.9347 603.5677
60.2593 130.5440 191.8816 257.9279 323.3001 388.6494 449.8170 512.0142 581.3699 646.2587
59.2852 132.5771 193.4030 264.9485 339.8638 399.7150 460.2860 517.8272 593.4455 665.2520
58.6993 131.0723 193.7160 272.9941 335.8226 400.4737 460.3238 525.1919 596.4630 661.2756
69.3679 134.9791 201.2477 262.7653 327.5542 385.4246 442.3967 498.1348 557.9682 619.6818
52.4326 109.0490 163.7270 217.3139 269.1132 313.6931 359.6611 402.4863 447.1959 490.6705
41.5456 81.5459 124.3753 167.3428 211.1122 250.0992 284.1272 308.9411 330.5460 343.4998
17.2733 35.2729 50.5733 81.6044 121.1886 164.9612 227.5525 299.2533 378.7636 466.7406
114.6204 242.9908 396.9904 548.5567 651.4961 758.2418 900.6849 1081.0205 1168.8004 1272.9205
86.1705 157.7604 250.3052 306.3803 382.1181 462.6465 533.6843 605.3416 657.4297 717.7725
45.9393 100.9984 171.3706 257.2430 341.5144 412.0676 480.2585 573.4696 708.1287 834.6585
113.1702 222.8270 346.8142 438.7552 517.0760 604.9506 698.7935 751.5281 822.3383 880.0584
23.4191 42.8261 62.2509 82.0794 110.5415 146.7088 194.6289 247.4338 301.5097 364.3504
69.0035 129.9179 192.9087 263.6418 328.3401 398.9884 483.1725 551.8586 631.7430 698.0770
82.1165 204.6129 305.1415 396.7199 490.4934 617.4062 709.0462 803.2795 870.5111 994.1363
66.2680 151.1617 227.5718 307.3618 378.7614 455.3908 523.2508 598.8501 670.8427 740.6856
65.4756 130.3542 195.9290 267.0797 335.1301 396.5055 463.8545 526.8286 592.3958 656.9385
47.1897 97.0877 143.5832 188.8312 235.4017 285.5339 336.4651 386.9599 437.3892 484.8153
44.7174 92.7773 143.2052 195.8058 244.6845 286.6166 329.0225 373.2825 412.7269 452.5257
43.9396 85.2538 131.4397 176.5928 218.0422 261.2035 295.6244 321.4584 339.7683 354.2178
14.2237 26.9841 38.6320 49.8607 60.7400 93.7905 129.6016 175.8903 226.5210 280.2047
52.7363 104.8110 150.7670 202.9445 250.4286 293.3284 329.4241 360.4764 392.8509 424.9098
31.2034 62.4200 92.5357 124.7562 159.3350 202.4696 250.3168 301.7031 353.5666 402.0679
49.3669 96.5538 150.8791 201.9641 254.7574 302.8742 353.5731 405.5986 456.9638 504.2229
52.6439 104.6754 156.3398 208.7973 260.3438 305.5139 348.0200 392.6274 437.0240 479.1180
43.4308 86.8625 130.1967 172.2919 220.8551 272.8118 326.3977 378.3300 429.6904 482.1740
54.5294 107.5490 162.4398 214.9029 270.1565 325.3979 385.4582 443.8489 498.4901 559.0195
57.8638 117.6657 187.8823 246.4214 310.7074 374.1429 434.7467 494.4359 557.2412 617.5203
58.6405 115.4860 170.1506 226.4170 277.6431 334.2738 387.6189 446.3978 502.5687 560.5956
55.1030 110.1524 160.2390 216.2344 271.5467 319.0961 367.6975 408.3609 451.5484 494.4863
38.8688 76.7525 118.5689 158.1976 200.5711 249.2485 298.8247 350.7941 402.3652 450.5636
56.7845 114.5361 165.8213 221.5166 276.0368 329.1610 384.7822 442.6309 497.8683 554.2490
52.9875 103.4540 154.5590 210.7827 269.5167 328.9473 390.4569 449.3837 503.4057 561.3695
76.2209 157.5628 237.4371 312.6987 374.4661 447.9111 505.3097 566.4433 637.4652 704.0780
55.3303 108.2177 162.8186 217.0673 272.3021 324.7426 376.7014 430.4446 478.3830 529.0606
50.5842 106.1757 159.2557 212.4413 266.8253 316.4970 372.7250 429.9291 492.9696 544.7201
54.6713 106.9886 159.7427 217.6388 268.2221 310.9776 343.0229 369.3772 391.6680 407.0751
13.3008 29.5129 46.8770 62.9153 85.2530 107.6079 126.8857 145.5532 166.8975 191.0301
29.3679 62.0138 89.1704 131.1188 185.5854 250.0496 325.3894 398.3410 483.2156 562.0379
144.4498 292.2117 401.7729 552.8553 637.3526 726.3813 835.0047 960.7088 1038.2415 1100.7735
45.0698 108.7577 155.0256 191.2987 224.4542 285.0765 351.9391 408.4158 459.2172 526.1516
75.1989 156.1120 220.9971 304.7918 364.7246 443.7350 511.7953 593.3325 648.3927 689.6005
20.6552 37.9100 54.1596 67.3856 86.6711 113.7921 151.1904 195.3820 246.0337 309.8034
65.3238 125.4002 182.8668 244.1933 306.4554 366.8590 425.4185 481.6894 538.8410 597.2111
59.1432 118.8829 178.2986 237.8028 297.3954 354.3601 420.8834 477.1656 535.1388 599.4912
87.3672 160.0511 249.6742 343.8560 442.9048 528.3017 606.7524 708.9414 771.8852 876.5508
59.8945 121.6221 184.0129 246.5960 301.6094 374.7992 436.4277 497.6867 561.1755 624.8234
56.3915 115.1949 171.5990 238.6944 295.1359 346.3714 399.4609 450.7241 509.8433 567.7995
53.4523 105.1488 155.4335 204.8340 261.5639 312.0489 364.7329 416.6239 466.7570 517.9383
50.3786 102.4266 155.0202 208.0875 263.6755 318.5919 373.1101 425.5642 476.8589 527.5071
54.9764 105.5226 157.1761 210.9070 264.7088 322.1786 378.5355 434.3004 487.4772 547.2869
64.9447 126.4835 188.8298 254.5137 314.6216 369.7385 422.2097 478.4992 540.2141 600.6455
48.0327 95.7590 145.9138 194.2600 245.0336 293.3289 348.0525 398.6549 452.1183 502.3151
50.1538 98.4947 149.1336 197.8897 244.9600 282.8299 315.7909 350.9912 383.4590 417.4895
40.1723 74.0926 114.6452 148.8712 191.6242 239.6877 293.3068 348.7619 400.3892 456.6716
58.0598 109.2314 165.6982 223.5002 279.6291 334.4245 392.0761 448.2411 500.6761 556.6746
51.2890 101.7343 150.6376 202.6667 251.9194 304.0552 354.8827 406.7642 461.0892 515.4167
49.9895 98.9491 145.9981 200.3347 246.8945 286.8997 323.3414 356.5790 389.5286 423.6999
32.2464 67.1085 100.8365 134.3244 171.2196 210.6490 253.6195 301.6231 351.5565 399.3714
49.8567 101.3279 148.2094 193.2533 240.0604 279.1988 308.5427 332.7601 351.1843 362.7187
10.7092 21.7592 31.7192 42.8644 54.3570 62.4302 72.2302 81.4973 89.8010 98.6019
12.6109 21.9035 34.7315 46.7247 63.2875 88.2653 115.5901 147.8661 180.4457 217.3999
47.9645 94.4954 142.1252 193.6775 228.3715 260.5773 293.0311 328.6449 369.2654 393.6750
10.5910 25.8470 47.7836 82.1347 126.5963 183.0740 253.1388 332.4150 415.8245 496.3655
149.0185 234.9120 356.9995 484.0325 642.3625 766.1916 879.0424 989.6026 1113.2859 1198.5971
57.3356 117.4089 176.7033 234.8018 296.6290 351.8774 424.7065 483.4378 549.6637 613.0209
58.5860 117.0790 195.2729 281.3217 354.1049 448.1499 522.3764 595.6886 675.2901 767.7077
176.8245 305.6439 444.0556 558.3461 668.7988 835.7953 990.7729 1074.3250 1214.0682 1325.4287
76.0171 148.8859 212.5152 279.7714 331.4002 383.5185 445.5382 507.7965 563.9479 635.5215
49.4001 101.3293 155.7775 217.7777 276.3506 331.7459 381.5185 429.7771 475.1921 524.9741
55.6390 109.4720 188.2254 239.4560 286.0526 354.3863 422.8135 490.1049 554.8223 616.4333
88.8997 157.0357 242.5467 345.3159 417.7682 479.4123 554.4293 592.8565 669.5084 715.0232
13.2692 23.4797 33.9922 46.5177 60.4398 77.5275 94.7432 118.8161 147.4492 179.3327
39.0740 75.3807 114.2929 157.2143 210.1452 272.5050 343.8404 419.3458 493.4990 561.9812
137.7408 256.1311 373.4455 479.8511 589.1140 693.4579 796.6804 887.5381 974.2192 1065.1911
62.4203 113.0130 173.5325 226.7034 282.7006 356.6082 443.9774 532.8849 626.3804 723.7352
108.9221 198.7725 298.5541 377.9132 442.1846 513.0369 587.9355 646.2530 715.1521 788.5898
51.9606 105.8281 159.0697 210.9976 270.3914 327.4517 390.2978 444.6529 504.8372 562.5457
67.6804 130.6118 194.3670 261.4642 329.2220 397.5836 467.1340 543.5679 611.1847 684.9497
90.6463 174.1559 264.6638 352.6228 424.3990 518.3482 599.1899 669.7597 746.2361 807.4582
63.6971 125.7231 193.5879 259.9739 324.8139 385.8518 443.0685 508.4315 558.2470 616.5310
54.3787 111.0083 163.5855 215.8998 268.5766 322.1770 376.4950 433.9164 492.2688 554.7478
60.0699 124.4117 185.9463 249.3485 311.3928 373.4202 437.2640 497.5748 562.2252 620.7250
74.7139 152.8868 218.1154 295.8664 365.0130 434.5276 499.8766 567.3437 635.9573 701.8734
81.4785 142.5858 213.3505 273.9866 345.2585 414.7909 487.4682 545.7318 606.7081 653.0969
33.6071 67.1571 98.2663 133.3017 175.3798 224.5632 275.7789 329.3672 382.6808 434.6121
60.5785 119.2281 176.8650 243.1831 305.2910 365.5978 424.8763 489.2031 545.7351 604.7575
66.0519 122.6567 182.3236 248.4202 307.4129 362.9590 426.1063 487.1254 556.2459 611.7931
56.8170 111.1287 170.9295 224.0965 280.6175 330.6143 390.0478 449.7851 508.6558 563.8574
55.9316 113.9918 170.3169 222.8802 282.8864 342.9814 402.2525 463.9473 523.4381 579.6598
55.6597 111.3284 163.7435 222.1827 276.9825 333.5875 385.8012 441.9107 492.1063 542.5718
52.7933 107.9583 158.5401 217.5215 275.6039 336.7468 397.1861 450.2964 506.6590 564.8558
63.1207 135.4157 196.4735 263.7515 325.3274 393.3817 456.8773 524.0753 594.8681 670.5442
99.6850 175.1997 234.0056 306.2761 384.9835 461.6374 548.4220 672.3800 781.9526 893.0348
83.5110 169.1107 279.6840 365.3857 472.9209 534.6487 633.6435 703.4526 752.5650 846.8938
114.1261 241.4261 356.1222 437.5053 538.5613 657.8005 810.3288 921.6355 1074.9819 1155.9051
121.2856 194.1112 289.3821 390.3601 496.0996 570.5680 649.1559 730.8110 809.3747 828.5047
13.6054 25.0127 35.2684 44.9214 63.8932 98.8232 142.8757 202.2307 259.6788 325.8855
66.6340 132.9271 203.9611 279.9921 356.9595 431.7803 501.8174 575.9138 647.2283 723.2086
111.7268 244.2015 360.6803 482.7329 626.3088 726.1869 840.3065 940.6118 1089.9729 1228.7641
167.3541 280.3148 495.2732 641.7699 788.9645 941.9775 1061.1616 1228.2744 1410.2408 1540.3125
128.1122 306.9508 398.9212 531.6446 657.9466 817.2403 944.3446 1086.5439 1232.0869 1328.3700
57.0945 109.4302 162.3345 217.8739 269.9367 323.8251 380.2628 435.7724 489.5954 544.2842
76.6040 150.6583 211.8193 273.7039 338.0457 422.9019 493.8137 569.0468 634.2734 702.4068
53.5644 108.8309 173.2100 249.7706 317.5670 394.4640 470.5526 542.7632 616.6916 695.1086
212.3091 358.5928 597.8413 826.1878 997.8792 1096.6500 1292.4651 1522.0086 1623.4723 1795.7262
105.5170 199.0310 300.6547 378.4045 451.3912 555.3664 645.8350 758.6276 890.8943 981.1484
48.6719 96.6708 146.2772 195.0965 245.7858 296.2494 346.5161 395.8388 448.8441 502.6990
55.3113 107.7045 156.2264 205.4026 259.2766 311.8701 364.3527 415.1051 466.3682 517.9842
56.2567 116.7094 174.2803 239.7385 298.9746 352.8731 412.7242 466.6274 530.4118 591.8440
55.4902 111.8171 168.5455 221.4712 274.3436 321.9751 371.1753 420.3122 464.9721 511.7824
46.6461 91.3270 136.1600 182.2471 225.5814 261.9936 292.7487 317.8335 339.9506 356.6747
13.6911 29.0347 43.1805 59.1699 75.2660 93.1339 112.2131 138.9896 171.4028 204.9961
35.9142 70.2125 108.6944 156.6693 209.1435 256.8349 300.9395 341.7245 374.1742 404.9600
118.8411 195.8403 293.1651 320.0209 368.0685 452.2902 515.5216 635.9622 689.2694 826.0625
59.7224 111.5599 165.8013 219.7299 268.9683 307.7784 340.4522 371.9188 401.2029 432.7284
34.3343 64.7692 98.4569 139.8664 190.9938 252.4412 315.0139 368.9682 419.2972 469.1090
66.5750 128.6544 251.8871 353.0335 474.3518 552.4270 613.6509 750.1081 867.4319 954.0790
105.8211 193.7840 262.3927 350.4175 410.9165 481.7660 531.9089 575.3798 634.8549 679.3637
17.6937 33.4229 48.3763 61.8548 86.1862 119.2255 159.0880 208.7096 262.6469 330.0524
75.2496 140.5302 210.6815 276.6866 341.8459 401.8960 458.9932 518.7141 578.4883 634.2437
52.1482 107.5267 168.5502 221.5789 274.4436 331.3836 386.1819 450.5065 515.5934 573.2031
54.4889 110.9307 166.4118 221.4242 275.5254 328.5305 383.1730 430.4640 479.7010 532.4594
51.6841 104.8929 155.6949 208.7229 257.6954 307.4340 356.4882 407.9638 461.2289 512.3065
48.5068 93.6889 142.6537 194.5319 242.8826 282.0322 313.5860 337.7344 355.7401 368.9869
11.8659 21.0883 30.5716 47.5797 74.2659 108.4065 151.3147 193.6779 242.2987 298.4263
75.5257 155.3809 229.7519 329.7221 413.1810 532.6466 632.4845 713.3084 794.8534 869.7898
109.4336 244.1127 319.8124 442.3302 609.5503 691.8681 801.8005 865.2483 1001.4933 1088.5006
160.9564 254.4252 357.8811 467.2312 555.0935 663.0322 777.5142 876.0702 932.1291 982.4500
8.8224 16.2080 27.0329 44.5298 71.2664 110.6752 158.3870 216.5400 282.9607 359.4837
117.4795 210.1609 309.7182 428.9074 511.8950 635.3161 737.3781 847.0559 953.4296 1077.8419
103.3498 190.4398 335.7685 468.2243 601.8770 749.6030 838.5405 968.9840 1128.2274 1232.5365
61.9034 127.9175 214.2967 295.1384 381.0171 467.7278 550.2610 648.2250 727.2290 802.3608
153.3868 304.5581 411.5795 516.3608 620.0311 708.5255 795.4209 919.3494 1006.6823 1111.4812
62.0333 124.1065 182.1024 248.0145 308.7675 375.4377 441.1188 515.3942 580.7998 650.3654
78.2835 163.6944 250.5699 334.4163 406.2945 482.8958 557.2760 629.9738 694.1656 782.5750
58.6834 119.5477 172.0305 232.7122 288.5821 337.2382 390.6734 440.7977 489.1545 540.7003
44.0697 87.7492 133.9348 181.2537 231.1994 283.4489 338.7447 392.6015 443.6301 497.8287
77.4240 151.8351 218.2271 285.0646 355.5038 426.4311 487.3307 550.8239 630.2747 693.7291
53.0465 106.7460 151.9843 206.3811 260.6016 314.4486 373.4671 432.2211 489.4906 543.3605
60.0713 112.7033 164.5229 218.5050 270.1101 326.6979 378.5863 428.6661 482.9538 536.5293
48.7810 99.2195 152.1169 207.5615 270.1419 329.7362 391.6701 453.4348 512.6053 573.7711
117.7477 241.4170 339.0028 428.6921 519.3268 610.3620 726.1344 816.6086 908.0719 999.4339
66.4213 137.0580 205.1588 270.1593 333.3161 403.9598 486.9286 561.2927 640.5818 708.1574
69.8470 143.2709 215.9635 294.4759 358.2515 432.1930 499.9936 579.5112 676.5990 756.8485
56.2452 108.1912 161.7982 222.3778 285.2290 349.6278 415.1447 476.9343 542.2127 608.2577
131.1748 232.8786 330.0314 400.2383 507.9777 608.6825 682.5622 774.9492 874.1741 1018.0863
55.4943 108.9619 159.1027 206.0363 257.2656 312.6007 367.3619 425.1468 479.5876 534.8603
52.0516 104.0614 155.5343 211.9925 271.5720 325.8799 381.0122 437.3962 492.5862 544.2250
50.7834 103.2929 155.4021 212.8690 262.2121 309.3586 356.0245 403.6380 451.8328 500.4111
61.2420 133.1797 191.8114 249.7889 297.3774 351.3161 398.0186 435.0408 458.4904 486.5238
16.0897 31.7853 46.0129 59.8966 73.5411 89.4121 105.0089 128.5947 156.5600 192.1575
31.0243 62.7183 92.8951 128.7794 164.9548 198.4790 228.7694 253.5506 272.5312 285.4797
13.4964 24.0383 37.8589 61.1569 92.9519 132.1253 180.0147 234.5919 287.6518 343.9398
123.2669 245.0656 369.2780 462.4458 521.8790 601.7574 724.8159 792.3369 857.2110 916.9205
12.2563 23.8071 50.7199 74.8886 92.4589 115.9642 137.4542 156.2540 174.2526 192.1640
4.7324 8.8116 13.1429 18.5502 25.0639 36.3985 54.5786 86.0821 126.3007 176.2845
57.8398 112.1484 161.1435 210.2755 268.2305 306.7367 348.4980 378.5330 405.1100 425.4259
10.5842 19.1994 27.7089 35.9042 45.7747 53.8294 62.3172 72.1617 85.3603 104.1802
19.2533 38.2876 57.8001 78.1866 98.2421 118.3183 137.5447 156.8152 175.6064 195.0829
21.0620 43.4966 64.9275 90.4596 120.4224 166.4175 231.7412 306.4617 376.5297 447.3769
104.7077 190.0741 281.2699 349.1518 423.1587 494.4609 578.9293 682.1068 777.4170 862.1401
95.2323 175.5117 258.1715 342.9143 499.4819 602.0089 666.3824 745.2979 818.2582 885.6227
12.8907 28.4919 46.2128 60.4517 75.7348 105.1571 147.9090 194.8033 256.2982 324.1110
63.0702 119.6862 173.9711 233.1467 295.3608 355.9292 421.1940 479.7945 538.1164 597.1147
58.9974 124.8723 183.7118 250.2073 315.9843 375.9809 437.0295 501.3376 562.4042 628.5842
86.2637 166.0047 243.8164 326.1827 404.0416 486.7001 557.5748 645.2366 717.2655 776.0931
80.0272 150.3101 221.3083 305.1752 385.7074 460.9163 545.5297 612.6212 694.0820 780.4971
49.2703 98.0306 156.3155 221.3522 284.9267 353.6618 420.6873 487.4412 552.6930 621.7258
118.6299 217.8578 323.8090 416.5717 529.0575 644.5431 748.3166 845.1861 931.9306 1069.0753
104.0291 199.6940 267.8835 349.0031 416.5425 505.8509 576.8121 646.2677 738.0857 806.6701
58.9332 113.1906 173.8764 236.6193 293.6905 342.9726 386.9960 429.9200 468.8255 514.4285
48.8437 101.3845 151.5155 202.5187 245.9011 297.1453 337.0882 370.7335 398.0090 420.3219
30.2782 59.5342 82.9681 111.2897 140.6555 182.5415 226.7568 290.9380 355.4738 423.3842
61.1644 137.3775 199.7185 257.2989 326.5162 389.4911 439.8614 503.3575 571.8152 628.0336
49.0297 104.8511 148.7494 193.8262 248.2494 301.6479 358.1910 419.5174 480.0703 540.3159
56.9745 118.8637 195.4186 260.5001 325.8060 392.0022 466.0720 527.7968 594.6732 655.1922
55.5669 113.9444 172.1943 230.3700 284.7210 342.8433 400.7444 455.3365 509.8021 570.9625
72.7792 147.0806 228.3392 295.8243 359.8893 422.3452 491.6838 552.2290 620.1791 688.8028
49.3773 104.0703 151.3836 204.9958 262.5463 317.8657 373.4118 424.8542 478.7082 533.3690
69.2554 126.8733 191.2407 244.9604 303.6835 366.2133 429.4946 481.4711 535.7829 596.1785
50.3949 101.4417 151.7209 205.2483 255.2477 305.8234 357.3889 409.7385 462.3501 515.2762
55.3338 110.3407 167.5036 227.7799 279.3188 335.7226 388.2348 444.9696 496.7784 550.8137
53.3069 110.2146 163.0428 212.3953 261.3669 300.2359 331.9796 357.5990 375.7512 388.4607
10.6571 21.0789 30.9769 41.9280 55.3769 67.8522 81.3918 95.4138 111.7248 129.8029
22.7256 43.3825 64.8061 93.8232 133.5957 182.1332 229.8928 290.6632 359.0629 428.3043
163.0906 270.6449 386.7141 486.2214 592.2997 673.0171 737.3019 855.8245 884.4162 993.3890
83.7581 150.0486 217.3250 250.8551 292.9518 352.2925 432.3328 519.4304 587.6119 661.2857
78.6251 201.0289 300.2320 417.3218 502.4263 572.5056 648.9589 728.5011 770.8412 791.3265
10.0440 21.6553 36.6404 54.6604 67.7788 85.2668 102.9601 124.4565 146.2019 171.3294
44.5390 81.1960 113.5900 138.3620 169.8792 213.9543 264.0520 322.3200 385.8985 454.5260
53.4142 111.8647 162.8172 224.0679 283.9198 347.6501 411.0157 470.2561 530.0042 593.6620
93.9603 176.2755 261.1139 350.5055 447.8877 539.4001 627.9629 710.0241 827.4242 917.9857
120.5810 251.5936 431.3160 587.3197 713.3447 851.8224 993.2284 1175.2913 1267.6628 1392.4439
161.3307 328.9437 391.1395 501.9426 623.3853 784.4820 925.8537 1023.5635 1159.7827 1265.6299
71.3487 135.4598 197.8123 260.3160 317.1747 376.5745 436.1828 494.4975 552.7184 613.0170
56.7857 110.7408 164.4551 219.4277 278.0223 337.3877 396.5891 452.3108 509.5065 570.7254
80.4791 159.7461 234.9455 296.6464 358.7944 442.0899 515.2694 615.6820 689.9958 770.6750
80.4902 146.4202 217.6340 291.3054 366.2222 444.3866 516.3887 594.2691 675.0642 757.9610
51.4376 115.4363 171.3963 238.8876 308.2192 376.2199 446.7954 520.6694 592.0079 663.6121
116.4482 222.4085 392.2158 519.3068 641.6802 732.1201 846.4140 953.2308 1052.9986 1181.6095
113.7629 186.6196 320.7309 448.9994 541.5981 625.3109 698.4163 781.3961 882.7636 956.6606
60.2734 127.8114 201.0546 274.1268 348.9619 424.1301 500.0042 579.3753 658.2194 731.1260
178.6384 319.7356 482.6863 640.4688 766.5928 904.0729 1009.4595 1171.6672 1297.2430 1457.6092
68.5498 129.8436 197.0873 265.9647 323.5484 394.2114 452.8111 517.2671 577.9206 638.0935
58.3462 123.4488 190.4135 253.1882 316.5223 381.9655 451.5318 516.0059 583.0535 643.3617
73.7876 144.8031 226.3072 302.0384 368.3617 434.7806 515.5715 588.5898 652.4264 729.4310
52.9906 104.3608 156.3366 207.9711 257.9873 308.8141 361.6883 411.0248 463.7046 517.0834
61.5456 124.3978 184.3642 254.3096 326.9299 401.6345 468.0321 537.5030 608.0872 690.5084
81.6181 160.6753 245.6776 344.8297 415.1986 496.6852 569.5755 653.2996 747.0904 834.0130
51.2661 106.5182 160.4928 213.6216 270.3043 325.1567 385.2946 444.8876 505.4938 563.6501
69.1886 136.1320 202.2735 284.7371 345.5714 421.9931 495.6543 547.7847 602.9638 671.1464
54.9018 105.3858 159.4226 223.2017 279.9037 344.2782 400.8039 463.0157 530.6641 602.4970
61.5655 127.4197 213.8695 289.9619 378.9287 464.6992 551.0056 641.9720 727.6352 819.4785
122.5433 204.9120 293.2685 364.3275 486.9368 570.6218 673.7213 786.0941 863.1443 980.4692
55.3484 111.4353 168.0219 229.5674 282.8778 342.7061 405.0131 463.2068 526.7814 586.6679
60.2376 119.3595 181.5706 244.9320 301.9947 359.5228 416.7217 476.3117 534.8185 589.0075
50.2577 99.9434 154.1834 212.2324 274.6991 335.9555 398.8167 462.2065 518.6032 578.9005
125.5064 232.2095 345.8915 450.8671 619.3817 734.1761 866.0147 970.5498 1064.0502 1167.0076
141.0789 246.5560 378.3208 517.1246 623.2334 766.8677 929.9293 1068.5530 1184.2349 1297.9101
175.5966 314.0634 460.5487 572.2936 681.1997 816.9318 953.8578 1121.9579 1231.5656 1427.5643
59.3064 121.8747 183.2659 245.2274 308.2841 368.7946 431.2728 493.4160 552.1587 611.3442
55.5477 109.3489 161.0747 217.9518 276.9189 323.8936 368.2543 406.5867 440.9374 470.7371
32.7248 66.3063 92.2357 128.9908 173.2685 228.8573 300.8919 377.0191 460.1239 537.0915
180.3716 378.1883 528.0367 644.2619 800.7256 868.5217 968.2447 1007.1195 1091.9126 1143.1061
14.0251 27.6388 40.7692 49.7504 62.0475 78.2490 107.4957 142.0542 177.2670 214.2515
33.6320 65.1609 93.1272 120.6708 151.4923 184.3244 223.9683 269.4982 321.6567 367.6665
53.9771 99.7195 148.8277 197.5614 253.9485 310.5628 371.0445 426.3193 484.9658 536.8032
63.0475 129.5849 197.6323 264.8532 331.4912 400.7841 473.9362 552.8884 625.9499 690.7165
83.5215 161.9097 250.5116 322.1517 386.6635 460.8530 544.7436 622.7520 705.4668 776.0024
70.9315 149.7486 239.5478 313.0633 389.2586 463.8796 530.9416 618.3537 705.1572 780.4955
100.7977 171.6733 258.1304 332.0501 412.6997 494.6318 568.5479 657.3636 728.4117 790.7133
61.8584 130.3401 206.4638 274.3820 336.5630 397.6246 459.9758 522.2500 603.9373 681.1876
76.3498 151.9529 225.4872 305.2664 383.1106 469.2051 536.8294 593.3394 664.9323 742.0177
66.6446 180.5862 286.3570 388.7464 502.2728 573.8563 656.9053 761.0243 845.5483 918.3384
57.6045 111.1841 164.7607 219.7201 275.6260 328.0692 380.3904 430.6708 480.9178 536.8997
81.1685 146.7980 212.4795 270.2806 332.7007 394.9778 446.1173 510.2899 574.4545 627.1797
60.1012 121.3793 174.9156 238.5287 300.7580 368.9830 435.9704 506.2013 582.2316 654.6245
85.0735 175.8810 252.8247 332.1120 413.5376 497.6718 579.1374 673.9407 770.8362 836.4547
69.3180 153.9510 238.5133 304.1638 367.5998 433.3862 493.2662 573.7292 645.3365 727.5690
65.6326 125.2608 182.4884 237.9386 293.2018 347.8902 403.3483 464.4979 524.0863 585.6617
55.8887 111.1662 164.3777 219.3117 273.3008 325.8517 377.8788 427.7184 478.2227 526.6425
49.8217 101.2007 147.5962 197.3631 255.5214 308.6319 364.6603 417.2329 470.6430 527.3317
72.8872 149.9106 233.1691 292.3447 358.1780 434.5205 496.4118 570.3947 634.3144 714.9111
62.0607 122.0465 179.4222 239.3119 301.7845 356.6562 413.1384 468.9232 523.6098 581.7933
68.9021 132.3526 210.3312 277.3200 337.0878 402.2177 464.6175 524.9408 592.0536 643.3241
54.6095 112.2025 166.8150 226.3765 280.3417 328.9686 384.0875 438.9989 495.9626 549.6236
52.2851 103.8226 158.1072 210.9337 260.8675 310.5399 362.6786 415.8631 468.3884 517.4801
47.7923 97.0722 144.7307 196.1232 243.5739 296.7101 347.2094 400.6329 450.6358 501.4752
53.4499 102.0000 153.1468 205.1490 258.3164 309.9367 359.6341 416.4551 469.0208 518.3443
55.7391 109.6181 164.8327 220.9638 274.5963 324.3018 377.6911 430.9214 482.6065 535.8209
55.5276 107.5928 159.5745 209.7236 261.9742 303.6748 346.2139 388.8808 431.4281 476.6075
40.5178 80.6546 124.3430 162.1858 204.2340 250.3785 300.6660 352.7777 404.5194 453.9513
53.9090 101.3258 154.4707 210.1477 263.6407 307.3879 349.4191 381.8301 409.8639 433.3990
27.4141 57.9882 86.2673 109.1499 146.9799 196.6395 270.8399 355.8839 440.9534 532.3038
128.8000 274.3945 419.0017 507.3280 619.0630 798.7775 933.7427 1064.9830 1182.1904 1377.5903
93.1666 210.8996 310.8354 436.3805 572.2284 657.8359 759.4301 872.4583 983.8680 1098.2643
133.8691 277.9919 396.3617 499.0981 654.4494 777.6566 870.8225 961.9705 1054.7164 1176.2628
103.0512 234.3507 339.3827 466.6947 632.8431 761.2772 850.0661 965.7105 1040.2760 1127.3615
97.1350 197.5433 272.4785 340.8141 422.4840 474.8673 570.5067 648.0012 738.8014 799.3271
53.8581 114.4119 165.8289 206.1296 262.7330 332.1815 412.1137 526.7780 630.3294 740.0579
84.9022 161.7800 235.8954 314.8385 399.1762 474.3616 550.5483 625.3704 695.4239 771.2371
118.8643 222.1050 308.0380 431.9321 517.0770 625.2269 713.3443 807.0904 938.2971 1043.8845
92.0252 168.5388 249.9172 322.5733 427.4870 523.4665 622.3607 707.7517 796.9639 888.5598
139.4248 260.9598 391.2401 489.4620 595.9741 711.3619 830.1230 983.7397 1099.0606 1248.5820
142.0292 355.9528 492.2939 662.4980 787.4616 995.3675 1220.4532 1357.7962 1511.9805 1665.2893
177.3129 339.1895 513.5165 635.6168 769.2042 863.9273 947.3307 1046.3486 1233.7931 1367.9819
58.2676 114.5842 176.0468 227.2006 287.9361 344.0824 398.9203 455.7445 512.0219 573.7615
