-6.0084 -1.8393 -3.6865 -17.3855 -15.8909 -14.9820 -19.9006 -24.2604 -25.3100 -22.1617
-0.3306 -4.3770 -10.8496 -33.4729 -33.5215 -33.8018 -36.7313 -40.7471 -41.7365 -38.6906
2.3202 0.3648 0.5507 -10.1229 -7.1062 -9.4438 -19.3672 -7.7301 -8.3641 -10.2484
2.3202 0.3497 -2.2705 -23.8164 -24.1389 -24.7339 -25.7456 -25.5324 -26.2387 -22.6961
2.3202 -0.7891 -1.6264 -1.1965 4.5445 -1.1719 -18.2406 1.9867 1.7258 -2.6491
2.3202 -0.7891 -1.9509 -9.3800 -6.3082 -6.6748 -13.0980 0.4367 0.2953 -4.3227
2.3202 -0.7891 -4.0695 -11.8157 -8.7328 -11.6875 -24.6672 -4.3438 -4.7680 -13.5961
2.3202 -0.7891 -3.0300 -10.9845 -7.8703 -8.6797 -15.8422 -4.4187 -4.9246 -9.0914
2.3202 -1.9425 -7.4561 -27.8039 -24.8331 -24.7566 -30.5492 -14.3672 -13.6492 -21.2027
2.3202 -2.3719 -11.0734 -32.7570 -33.3615 -31.7621 -27.7971 -32.3960 -33.3830 -28.7250
-0.8081 -1.8097 -5.7816 -12.7527 -11.1773 -12.1362 -15.6712 -13.4478 -13.9335 -12.7186
-0.8081 -3.6051 -6.0168 -18.4602 -17.6376 -18.5571 -19.0244 -16.1859 -17.6325 -16.1230
4.8952 -2.4285 -10.7754 -32.1758 -28.7723 -31.1051 -38.7977 -22.5988 -23.5098 -26.9772
2.3202 -1.9425 -9.4273 -31.3934 -31.2477 -29.6019 -28.5382 -28.6463 -29.7992 -24.3125
-0.8081 -2.4950 -6.0154 -20.8752 -22.9914 -21.1559 -12.9023 -28.9973 -30.4508 -22.6172
1.1452 -0.9301 -9.9535 -36.1531 -40.6836 -37.5719 -23.4937 -48.7898 -49.4562 -41.6227
2.3202 -2.3719 -10.9613 -26.9843 -27.8104 -26.9072 -22.4020 -35.8754 -36.5711 -29.5727
2.3202 -2.8158 -15.8969 -48.0527 -52.1742 -49.0898 -34.2195 -54.5828 -54.9211 -47.0875
-0.8081 -1.4124 -0.7857 -2.0650 -2.2859 -2.8017 -4.8335 -0.3866 -0.5474 0.0528
-0.8081 -0.7009 -1.3654 -13.4726 -8.7059 -14.5234 -32.5578 -12.5430 -13.5070 -19.5316
1.8952 3.3852 6.2084 19.5883 22.4930 16.7766 -0.5305 23.9258 22.4148 15.0594
-0.3548 -3.6132 -7.2033 -10.0006 -8.9775 -9.6687 -14.2191 -0.6844 -2.3715 -4.1706
2.2202 -2.4865 -12.0527 -37.2313 -40.9414 -38.1719 -26.0266 -46.3898 -46.7281 -38.8945
2.3202 -1.1845 -6.7025 -22.0462 -23.2783 -22.6574 -20.5762 -24.8500 -24.7635 -19.7648
-0.8081 -4.8071 -9.1072 -28.0398 -29.9340 -28.0727 -17.4273 -42.3945 -43.0609 -35.2273
4.8952 -2.0996 -13.8953 -44.6910 -47.6566 -45.5109 -36.6156 -54.6859 -55.3875 -47.5539
-0.8081 -1.8016 -2.9956 -13.0428 -13.2156 -12.9052 -12.2747 -14.5741 -14.6346 -11.7725
-2.6313 0.9804 4.8439 13.4211 17.1719 12.2969 -5.3164 15.0234 14.4844 7.3297
0.3952 1.4508 3.5699 7.7859 11.5363 7.2219 -4.3898 19.6461 18.9539 10.5688
-0.8081 -0.1717 4.4375 17.7234 21.4094 16.5344 -0.6766 23.7797 23.1094 13.7148
-1.8979 3.1758 10.1244 20.2797 25.7367 20.8156 3.6047 28.0609 27.3906 18.0117
-0.8081 -1.0146 -3.0003 0.4539 1.8180 -1.1660 -8.9852 2.4414 2.0750 -2.7004
2.3202 3.1531 6.4914 22.4461 25.5781 20.6570 3.4461 27.9023 27.2320 17.8531
-0.8081 -0.4349 -4.5105 -0.7281 2.3391 -0.4363 -12.0484 12.4078 11.3219 2.9109
-0.8081 -4.4785 -13.2684 -22.5812 -23.1523 -22.2217 -17.8697 -24.7689 -24.6824 -19.6836
-2.9882 -3.1073 -5.0929 -16.2398 -20.3457 -18.1707 -7.8602 -32.8273 -33.4938 -25.6602
-0.8081 -4.4785 -11.4221 -34.3359 -37.5539 -34.7539 -21.1914 -46.4875 -47.1539 -39.3203
0.3952 -0.5781 -0.9255 -22.2375 -27.1695 -24.0852 -8.6320 -33.9281 -34.5945 -26.7609
-0.8081 -2.1288 -5.8311 -22.4127 -21.8539 -22.4727 -27.5877 -23.1408 -23.6873 -22.3253
2.9702 1.2279 -1.7240 -6.1482 -4.7842 -6.5566 -12.6250 -2.7914 -2.8328 -8.8535
-2.6313 3.0924 8.8736 15.3633 19.1141 14.2391 -2.9719 21.4844 20.6578 11.1227
-3.8181 5.3000 19.6805 52.2227 55.9313 50.2891 33.0781 57.5344 56.8641 47.6023
-3.8181 3.1768 9.2902 23.9680 27.8797 22.1172 6.3266 30.7828 30.1125 21.3586
-6.3139 6.8566 16.0141 33.9664 36.6945 33.4742 17.7039 42.1602 41.4898 32.7359
-4.2475 7.4160 19.0922 41.6867 45.4375 40.5625 23.3516 47.8078 46.9813 37.4461
-7.8525 5.3184 14.4758 29.1805 31.5668 29.5023 15.3000 37.8445 37.1742 28.3281
-3.8181 3.4131 9.5000 22.1586 25.5727 20.3773 5.0289 29.4852 28.8148 20.0609
-9.0191 7.5352 20.4676 38.5312 43.6547 38.7797 21.5688 46.0250 45.2641 36.5102
0.7616 3.5156 7.7273 6.3990 6.7400 5.0836 1.9544 6.4013 6.2798 6.4408
2.3202 1.0144 -5.8906 -29.0268 -33.1906 -30.4211 -16.0383 -41.3344 -42.0008 -34.1672
-0.8081 -5.2516 -13.0836 -40.5277 -45.0555 -42.2555 -26.3852 -51.6813 -52.3477 -44.5141
-2.7534 2.9783 9.1827 7.8429 6.9243 7.8275 12.3961 1.5555 1.4629 7.8375
-10.2203 4.4125 17.5629 34.5730 36.5090 33.4090 23.1156 38.2590 37.0547 36.0373
-3.7246 5.8148 11.1906 10.7310 9.4988 8.6070 8.6070 8.9164 8.8556 9.7731
-0.0340 5.7049 12.7452 15.7938 16.3220 14.4432 8.1848 16.9672 16.7242 13.0914
-1.6044 7.7391 17.2963 29.9547 32.5758 27.8203 15.1687 35.1836 34.6445 27.0375
-11.7363 7.7879 21.5953 36.6346 37.9445 34.7840 23.8340 37.0781 36.2910 31.5156
-4.6979 2.5332 6.4239 8.4164 8.6469 6.0572 -0.2012 8.6926 7.9711 3.9961
-2.6313 1.6304 1.2793 -14.7986 -17.5129 -16.7980 -9.9754 -25.4172 -25.9008 -17.7391
2.3202 -4.3463 -14.9258 -44.1355 -49.8937 -45.8094 -29.8508 -55.1469 -55.8133 -48.5109
-0.8081 -1.6162 -0.7860 -3.6378 -6.1020 -4.8602 0.7195 -12.7539 -12.9090 -5.0617
-1.2292 3.8445 12.1402 18.1264 18.3666 17.0371 12.1579 14.2852 14.0557 20.1664
-0.8081 -1.6162 -2.4242 -9.0171 -6.2193 -9.6949 -19.0828 -5.4359 -5.8594 -11.4277
-2.6313 2.4424 11.4504 21.3992 25.0766 20.1555 2.9445 26.9805 26.3805 18.4305
-0.8081 0.8839 7.2957 26.4289 29.3297 24.4547 7.2438 31.7000 31.0297 21.5648
-10.5496 6.4297 21.8879 46.0625 49.8133 44.9383 27.7273 52.1836 51.3492 41.8141
-6.3139 6.6207 17.6645 32.2195 36.2984 31.4234 14.2125 38.6688 38.3937 30.4438
-5.4664 -0.3657 -0.3657 -0.5973 3.5352 1.1461 -9.5988 8.1887 7.7027 1.6742
-0.8081 -2.0212 -5.6611 -23.2605 -22.5438 -21.5371 -20.0864 -22.3858 -22.8755 -20.3762
0.3952 -1.6953 -13.5984 -45.7969 -50.1289 -46.3219 -32.1977 -52.9758 -54.3852 -46.5516
2.3202 1.0034 0.5627 -1.9601 -3.2887 -2.6678 -0.2182 -7.1174 -7.4602 -0.8203
-0.8081 0.9033 6.3596 14.3262 17.4930 13.2828 -3.9281 18.2133 17.6742 10.8637
-0.8081 0.8839 5.6094 16.3687 19.9875 15.0664 -2.1445 21.8914 20.3758 12.4258
-2.6313 3.5174 12.3500 24.1838 26.1324 22.7039 14.2234 34.5469 33.4562 24.7023
-3.0605 3.9344 10.5584 23.0969 26.4492 20.8070 3.5961 26.1586 24.9937 17.3867
-7.4232 4.6652 18.9551 40.0977 43.8484 38.9734 21.7625 46.2188 45.3922 36.3953
-2.6313 -0.2022 4.8406 13.9172 16.2453 13.1453 1.1086 25.5648 24.8945 16.1406
-2.6313 3.0809 11.2664 22.9963 24.3604 20.1652 11.0727 26.6375 26.2141 20.1934
0.3952 0.4775 4.3562 10.3742 12.7063 10.4934 2.6742 14.1008 13.5949 9.0734
-1.2208 4.2043 10.8283 19.1889 21.1184 16.3164 2.2414 22.5617 21.9617 13.5508
-9.0395 8.5637 26.1023 51.4770 54.8445 49.6023 35.6820 60.1383 59.4680 50.7141
-0.8081 -2.2308 -6.8599 -11.0475 -7.0836 -12.0047 -29.2156 -6.6531 -7.2531 -15.2031
-0.8081 -5.6805 -16.2629 -46.5125 -50.3797 -48.4172 -34.7617 -60.0578 -60.7242 -52.8906
-0.8081 -4.8224 -11.8857 -36.6242 -40.3914 -37.3070 -21.8617 -47.1578 -47.8242 -39.9906
-8.2715 1.1797 12.0010 22.2145 23.4680 21.2551 14.1363 18.9082 18.7867 17.5318
-14.5367 8.3570 29.8953 61.1688 64.1273 58.4852 42.3016 64.5391 63.9391 55.9891
-14.0121 2.2172 15.0527 27.9508 31.5195 26.6445 9.4336 33.8898 32.7945 24.8445
-11.7363 4.4086 17.8637 32.7582 35.4441 32.6688 20.6547 42.8922 42.5680 33.8141
-0.8081 -4.4785 -12.3883 -28.5539 -25.2660 -28.8594 -43.3563 -23.0328 -23.6328 -31.2422
2.3202 -5.5637 -20.4438 -51.9285 -55.3984 -52.8406 -44.0000 -60.2031 -60.4758 -53.0484
-0.8081 -4.0491 -11.6535 -41.3582 -43.5926 -42.0367 -35.0051 -53.1789 -53.5172 -45.6836
-0.8081 -2.3647 -5.8965 -17.0492 -14.7824 -18.6535 -29.6035 -14.0387 -14.4621 -20.5383
-3.8181 5.3000 16.3438 33.9793 37.0398 31.7977 16.1594 36.4992 35.9602 28.2570
-2.6313 3.5174 12.6605 28.6117 33.0383 27.3219 10.1109 32.6734 32.0734 24.0086
-6.3299 6.6051 17.6488 32.7219 35.7902 30.8727 15.0820 39.5383 38.8680 30.1141
-3.8181 4.2518 12.6783 25.6508 29.4062 24.4852 7.2742 31.7305 31.0602 21.7563
-8.5975 6.4605 21.9188 42.5324 44.8668 40.8375 26.7625 47.0859 46.4859 38.5359
-3.0605 7.1219 21.4117 43.1789 46.9297 42.0547 24.4414 46.6789 45.4883 37.0727
-3.0605 6.0578 16.6871 28.5209 29.8850 28.1125 21.8541 30.6117 29.5680 27.8574
0.3952 4.2242 12.1070 18.1330 19.3312 15.4133 3.5977 19.7797 19.9438 11.8758
-2.2992 2.2875 7.3389 15.3270 18.0551 14.0250 0.2445 22.4820 22.2070 13.4531
-11.3027 6.7254 24.1734 50.9953 54.7461 49.0297 31.8188 56.2750 55.6047 46.8531
-3.8181 3.0918 9.3023 17.7557 19.3516 18.1742 6.8023 22.6762 22.0398 13.6320
-8.5975 7.5246 27.2727 59.3930 62.3516 57.9258 42.2875 64.5250 63.9250 55.2547
-11.7363 8.2129 26.2031 53.4469 56.4055 52.2422 35.0312 59.4875 58.8172 49.9766
-7.0824 6.9273 20.1754 39.4859 43.2367 38.3617 21.0547 45.5109 44.8406 36.0867
-11.3152 5.2129 19.5027 43.6758 47.4266 42.5516 25.3406 49.7969 48.9703 39.4352
-11.7363 8.2129 25.8781 50.3781 54.1289 49.2539 32.0430 56.4992 56.5000 47.7461
-9.0266 9.0016 28.7492 60.8695 64.6203 59.7453 42.5344 66.9906 66.1094 57.2234
-17.1461 6.6113 25.3211 54.7992 58.5078 54.3445 37.1336 61.5898 60.9195 52.5312
-0.7916 1.6639 7.1201 20.0930 23.6734 18.7984 3.0078 27.4641 26.7938 18.3781
-11.7289 8.2203 27.9680 57.5555 61.5461 56.6711 40.8805 65.3367 64.6664 55.9125
-5.3096 4.1336 15.6855 33.3172 35.6516 31.4906 15.7000 40.1562 39.4859 30.7320
-11.7445 9.2531 29.1313 55.7609 58.8328 53.6375 39.0125 59.0273 58.0633 51.5848
-5.8957 3.9840 13.1273 30.8719 34.9586 30.0836 14.0031 36.2406 35.1500 26.3961
-17.2461 9.6922 33.5695 65.6898 69.4406 64.5656 47.3547 71.8109 70.8531 62.0992
-3.1826 -0.3016 -1.1787 -8.6203 -7.6648 -7.0727 -9.1892 -7.0620 -6.8546 -4.3553
-0.8081 -1.4210 -4.2688 -13.9856 -14.9467 -14.6362 -13.0223 -22.3273 -22.8492 -16.2547
4.8952 -6.0484 -22.0281 -52.8121 -55.4270 -53.5656 -44.7891 -65.9109 -66.2492 -58.4156
4.8952 -6.0484 -25.2320 -56.7775 -60.1461 -58.2848 -49.4273 -71.7617 -72.4281 -64.5945
-0.8081 -4.4785 -10.3018 -19.0562 -19.0592 -20.1207 -25.6760 -20.9041 -20.5791 -18.4291
-2.7695 1.2485 6.2838 9.9969 14.0875 9.2125 -7.9984 16.4578 15.7250 8.2352
-2.6313 1.3868 8.4293 27.7695 30.6211 25.7461 8.4391 32.8953 32.2250 23.8094
-2.6313 -1.2655 -4.1132 -13.0936 -15.3020 -15.2623 -11.3617 -20.5596 -20.5316 -15.5785
-2.9359 1.7240 7.4859 9.1216 7.3448 7.9657 9.1553 -0.1500 -0.6719 5.9133
-8.1715 -0.8208 3.0504 1.2389 2.1078 1.2216 -1.9076 1.2752 1.6002 4.0482
-2.6313 3.5059 14.7215 31.6688 34.6273 29.7062 12.4953 36.9516 36.2812 26.9023
-7.4232 3.1914 12.9461 30.2746 32.8359 27.8578 12.0766 36.5328 35.8625 27.1086
2.3202 -0.7891 -3.2446 -2.7368 -2.8473 -3.2904 -5.2762 -5.2762 -5.2762 -4.2012
-0.8081 -4.4785 -13.1801 -36.5687 -39.5379 -37.2863 -29.4633 -40.6320 -41.1621 -34.5703
-0.8081 -4.0343 -10.4139 -28.5979 -29.5799 -28.9590 -25.9051 -39.4820 -40.5586 -32.7250
-0.8081 -2.0212 -3.6521 -13.2198 -13.0143 -12.7466 -14.7324 -14.7324 -14.4646 -12.6773
-0.8081 0.4783 0.1234 -21.9314 -22.8386 -23.7304 -23.1270 -27.4008 -27.3143 -23.0848
-1.8979 3.2023 8.1526 3.6047 6.5547 1.6812 -12.3938 7.6211 6.6570 0.2918
-2.6313 1.3939 6.8502 20.3859 23.3445 18.4234 1.2125 25.6688 24.9984 15.6195
-2.6313 -0.0867 -0.0867 0.8422 2.5033 1.1738 -2.9230 6.2957 6.0527 2.8701
-1.2208 6.0033 10.0061 14.9865 16.6863 15.1844 7.6574 20.5766 20.8805 14.4281
-3.8181 1.8168 7.9043 26.1773 29.8711 24.9961 7.7852 32.2414 31.5711 22.7148
-9.0266 4.8680 18.3109 44.4031 48.0969 43.2219 26.0109 50.4672 49.7969 41.4086
-4.2475 3.0723 9.6963 19.9785 22.7066 19.1617 6.9422 26.9570 26.2117 17.4578
-6.4963 3.3682 9.5787 18.5812 20.7980 16.6883 0.9180 25.3742 24.7039 15.9500
-9.0266 6.0395 14.4508 25.2102 28.8289 24.4031 8.7648 31.0023 30.4023 21.8141
-2.7695 1.4922 4.3271 10.6547 13.6527 8.4109 -6.9281 17.5281 16.4328 8.8313
-0.8081 2.1840 6.2834 14.4168 17.3566 13.3664 -0.7086 19.6148 19.3398 10.5859
-2.6313 3.7424 12.3633 29.0820 33.4969 27.8547 10.6438 35.1000 34.0141 26.0641
-5.9006 5.3488 15.8535 29.2629 34.0336 29.1586 11.9477 36.4039 35.6867 26.1516
0.3952 2.6427 5.4812 9.0555 9.2859 9.0946 6.5766 15.4703 15.5523 13.2879
-2.6313 1.6189 5.9035 12.6678 14.7020 11.1086 -0.5031 23.9531 23.2828 14.5289
-7.5225 2.6785 9.9334 21.3457 23.2750 19.8465 10.4586 23.7984 23.4320 18.1488
-2.6313 0.0342 2.2423 6.6902 9.3598 4.1172 -11.5211 10.2953 9.7563 2.9457
-2.6313 2.0326 8.5256 19.9643 20.1947 18.0949 13.9980 25.1168 24.3297 18.6891
-2.6313 -0.6272 1.7896 8.9787 12.3852 7.5828 -5.8984 16.6641 16.4500 9.2953
-8.5975 5.6223 17.1742 34.5027 36.4945 31.6922 18.7363 36.5238 35.9379 29.0312
-9.0395 6.4398 16.6625 23.4346 25.4832 23.8594 13.2027 30.9902 30.8297 23.2227
-0.8081 -1.0146 -2.4477 -8.9113 -6.9223 -9.1352 -16.9543 -5.8355 -5.1434 -10.3512
2.3202 -0.5235 -4.9061 -11.6086 -9.2340 -13.5953 -25.4984 -2.9578 -3.6281 -12.3820
-0.8081 0.9033 7.3963 21.5625 23.8969 18.6547 3.3156 26.1852 25.5148 16.7609
-0.8081 -1.6162 -1.9420 -1.9420 -2.0539 -1.7294 -2.9999 1.4470 1.3255 1.8994
-0.8081 -2.2308 -5.7355 -13.9275 -16.5383 -14.6539 -8.8510 -17.7238 -17.7590 -11.9680
2.3202 -3.2410 -13.8270 -41.9332 -46.9227 -43.5336 -27.5750 -52.8711 -53.5375 -46.2352
2.3202 -1.7219 -10.5164 -41.2488 -44.7633 -41.3742 -25.4156 -50.7117 -51.3781 -44.0758
-12.1684 2.3910 16.1406 43.5883 45.3727 42.2727 31.3227 46.8875 46.4641 40.1848
-16.7250 6.8187 27.1977 59.7398 63.4906 58.6156 41.4047 65.6344 64.1828 55.1578
-2.6313 2.0439 7.4156 24.7441 27.3594 21.6703 4.4594 28.9156 28.2453 18.9836
-9.0266 8.1625 24.1344 54.0219 57.7727 52.8977 35.6867 60.1430 59.0492 51.0992
-4.7140 1.8754 4.4085 8.8756 15.0023 10.1273 -7.0836 17.3727 16.7023 7.3078
-2.6313 2.6787 8.1350 19.5367 23.9633 19.0883 1.8773 26.3336 25.6008 16.0656
-2.7695 -1.1791 -0.8546 6.8227 11.2336 6.3586 -10.8523 13.6039 12.8086 3.2734
2.3202 -1.6137 -9.8824 -33.8703 -39.6742 -36.5625 -22.5047 -47.8008 -48.4672 -39.9789
-0.8081 -5.6957 -20.2484 -52.4074 -56.0000 -52.8883 -36.6047 -61.9008 -62.5672 -54.8039
-3.8181 -0.9485 -2.6141 -13.9787 -16.8551 -15.2992 -8.1258 -19.2945 -19.8164 -11.6547
-0.8081 -3.6051 -6.7854 -16.1435 -16.3861 -16.3861 -16.8192 -19.1187 -18.9114 -14.7148
-2.6313 2.4424 11.1461 24.2348 26.6234 21.8219 7.7469 28.0703 27.4703 19.5203
-2.6313 1.3939 5.8103 16.0266 20.4414 15.5664 -1.7406 22.7156 22.0453 13.2914
-4.6979 1.8719 5.8822 11.3774 14.6742 10.3129 -2.2039 15.5836 15.0977 9.2055
-5.9006 5.3488 14.8098 28.5281 32.5648 28.1391 12.5008 34.7383 34.1383 25.5938
-11.7363 4.0680 16.4586 40.6344 44.3852 39.5102 22.2992 46.7555 45.9289 36.3937
0.7160 4.3163 6.1109 10.8301 14.8516 9.9766 -7.2344 17.2219 16.5516 7.1570
-3.8181 2.2418 2.8647 2.3278 1.5088 1.8192 3.9308 6.4637 6.3422 5.8335
-5.9006 1.6486 7.2104 10.0649 10.6223 10.1792 9.9439 12.4768 12.3236 15.0961
1.3660 2.9829 1.5684 -9.7845 -10.1388 -9.1891 -7.1535 -14.1605 -15.4945 -8.4961
-9.0266 4.9836 11.7248 24.1461 25.4609 22.3609 12.0234 32.3438 31.7437 23.7938
-6.3139 7.6695 22.5055 51.9711 54.9297 50.0086 32.7977 57.2539 56.5836 47.2047
-1.8979 -0.5023 -2.2602 5.1195 9.0164 4.1414 -13.0695 11.3867 10.7164 1.2516
-12.4977 5.5309 18.5598 37.7812 41.8602 36.9852 19.7742 44.2305 43.4039 33.8688
-0.8081 -1.0722 -4.0541 -8.2416 -2.1148 -6.9898 -24.2008 0.2555 -0.4148 -9.8094
2.3202 -1.1940 -8.7867 -37.1246 -41.4562 -38.0422 -22.4672 -45.4547 -45.7930 -37.9594
-0.8081 -4.0343 -10.7691 -37.7996 -42.0680 -38.9562 -22.6727 -47.9688 -48.6352 -40.8719
2.3202 -3.4729 -8.9756 -28.0410 -32.5680 -30.9188 -19.7453 -40.1086 -40.4469 -32.6133
4.8952 -3.7230 -12.0578 -35.0387 -40.3812 -36.9922 -21.8594 -47.1555 -47.8219 -39.9883
4.8952 -3.7494 -14.3289 -42.7324 -46.8500 -44.3664 -33.1992 -53.5625 -53.9008 -46.0672
-1.8979 -0.5175 1.6907 -2.9881 -3.5501 -3.9932 -5.9790 -5.9790 -5.7112 -2.8490
-0.8081 -1.3315 -1.3315 -6.8885 -4.9703 -8.3988 -17.7867 -4.4469 -4.8133 -10.0965
-2.6313 2.4424 11.0629 33.0000 36.7508 31.8758 14.6648 39.1211 38.2945 28.7594
-2.6313 1.3939 6.1195 18.7824 22.1344 17.2133 -0.4000 21.8375 21.2375 13.1727
-3.8181 3.1768 9.8008 22.6633 27.0867 22.2117 5.0008 29.4570 28.7398 20.2422
-0.8081 0.4589 3.7072 12.1723 14.8418 9.6000 -4.6195 17.1969 16.1758 7.7680
-6.3299 6.8148 12.9172 24.6430 26.8598 23.2684 11.3500 33.5875 32.9875 25.0375
-6.7426 6.4023 14.8213 24.6254 27.2367 24.2414 8.8930 33.3492 32.6789 23.9250
-0.8081 -2.2833 -2.6190 4.3656 7.3688 3.1586 -14.0523 10.4039 9.7336 0.8930
-10.1287 3.0160 12.3801 21.8787 22.4504 19.9076 13.9449 25.3715 25.0051 20.8613
-1.6044 4.5520 6.4402 3.3500 6.6871 1.4453 -14.1930 8.0445 7.7203 -1.0336
-0.8081 -0.7714 -3.9748 -14.4887 -16.1340 -15.2033 -12.1758 -25.6492 -26.0699 -18.9328
-0.8081 -3.3882 -12.5453 -42.5246 -47.5242 -44.1102 -28.1516 -53.4477 -54.1141 -46.9914
-0.8081 -2.2308 -9.4020 -39.0449 -43.9813 -40.8695 -27.1781 -52.1453 -52.8117 -44.9781
4.8952 -1.0172 -12.1406 -43.9527 -48.5383 -45.1492 -30.0289 -55.3250 -55.9914 -48.1578
-0.8081 -4.0491 -9.5441 -21.5067 -22.3257 -22.0153 -21.3848 -23.6842 -23.7447 -21.9575
-0.8081 0.4703 1.8355 -6.1584 -4.5852 -6.3576 -12.6160 -3.4152 -3.7152 -7.6902
-2.6313 2.4424 10.4141 29.2617 33.0125 28.1375 10.9266 35.3828 34.5484 25.0133
-0.7916 2.8087 5.0168 8.1849 8.6977 6.4793 -1.2988 16.8008 16.2617 8.6547
-5.9922 4.1824 11.4334 24.4164 28.8312 23.9562 6.7453 31.2016 30.4453 20.9102
-4.2475 7.0020 15.8346 28.2844 29.5379 27.4266 13.5234 37.9797 37.3094 28.5555
-5.1271 2.4027 7.8592 20.8320 25.2469 20.3719 3.1609 27.6172 26.8609 17.3258
-5.9006 4.2738 8.6016 12.1949 13.4473 9.5762 -1.7953 11.5445 11.1781 6.4027
-7.8525 5.2922 12.8841 14.3508 16.8992 12.0969 -3.6641 20.7922 20.1219 11.3680
-5.9922 5.2574 13.4723 23.7293 25.6109 20.3687 4.7305 26.5469 26.0078 18.4008
-6.3299 6.8410 15.4881 30.8152 35.5852 30.7102 13.4992 37.5352 36.9352 28.4539
-6.3299 7.2281 17.8574 28.7250 32.1363 29.1883 14.6742 34.6891 34.7570 26.0031
-0.8081 2.1840 5.1274 10.6227 11.2080 10.2022 5.3854 14.8938 14.5273 10.8355
-4.9326 4.8434 12.8244 28.4430 31.3602 27.1969 9.9859 34.4422 33.7719 24.3930
-4.2475 7.0020 13.8704 16.8289 16.3774 16.3774 16.3774 16.3774 16.3774 17.8891
2.9702 2.3106 2.6983 -5.9190 -9.1977 -7.6418 -0.1773 -13.6508 -14.6711 -7.2469
-0.8081 0.0647 -1.2531 -18.5896 -21.5250 -19.3793 -9.4461 -29.8094 -30.1477 -22.3141
-1.2292 1.7404 6.0250 9.1453 10.0586 8.2861 1.5629 12.6816 11.5387 9.4993
-0.8081 2.6315 9.1246 25.3102 29.0609 24.1859 6.9750 31.4312 30.5969 21.0617
-3.8181 3.1768 9.6000 25.9719 30.0508 25.1758 7.9648 32.0008 31.1609 23.2109
-4.2475 6.7922 17.3395 33.5953 37.3461 32.4711 15.2602 39.7164 38.8898 29.3547
-4.2475 7.4160 19.4969 41.0156 44.7664 39.8914 22.5844 45.1469 44.5469 36.1391
-2.6313 2.0554 6.4717 13.0270 16.3570 11.6016 -2.4734 17.5414 17.0023 9.3359
-4.2475 5.9535 12.9021 28.7375 32.8164 27.9414 10.7305 35.1867 34.1008 26.1508
-3.8181 2.3381 4.4419 10.5525 11.0816 8.4920 1.7684 12.7742 13.0781 7.4238
-3.8181 3.3168 6.3729 0.5476 2.6832 0.4703 -9.0437 6.8301 6.2133 -0.1520
-9.1313 7.4348 19.2465 33.2828 37.3617 32.4867 14.8555 37.0930 36.4930 28.5430
-4.2475 7.0020 16.7844 35.0539 38.5836 33.6625 16.4516 40.9078 40.2375 30.8586
-3.8181 4.4617 11.9234 19.7020 23.1094 18.9609 1.7500 26.2062 25.5359 16.6336
-3.8181 4.4617 11.9234 17.8403 18.4682 16.6490 11.2965 26.8613 25.9543 19.4926
-8.6102 2.9641 11.5977 21.6109 24.2852 18.5961 1.3852 25.8414 25.8422 17.0883
-7.4232 0.5578 1.9193 0.7691 4.5055 0.4758 -15.2945 9.1617 8.4914 -0.2625
-3.0605 4.1707 9.4229 16.8027 19.3086 14.3875 -2.8234 21.6328 20.9625 11.5836
-2.6313 2.0174 8.0154 21.3125 24.5453 19.6703 2.4594 26.9156 26.2453 16.8508
-1.1752 0.9516 -3.8934 -20.3955 -18.0326 -19.3621 -24.0561 -17.3861 -17.6174 -17.5923
4.8952 -3.3020 -19.8344 -50.9775 -52.3826 -50.7832 -46.4313 -52.9860 -52.8395 -48.2359
-0.8081 -3.4924 -13.0824 -45.2812 -47.7375 -44.5570 -32.7969 -58.0930 -58.7594 -50.9258
-0.8081 -4.4785 -13.9637 -44.0121 -49.0016 -47.0391 -31.1688 -56.4648 -57.1312 -49.2977
-0.8081 -5.2512 -16.6953 -46.0754 -49.0988 -46.2566 -37.8125 -60.1469 -60.8133 -52.9797
-0.8081 -3.3957 -8.1365 -21.1424 -24.0961 -22.9078 -15.5512 -31.7547 -32.4609 -24.6273
-0.8081 -1.6162 -2.5627 -8.4125 -6.1480 -9.2480 -20.3180 -4.7531 -5.1766 -9.3078
-3.0605 2.4538 6.7385 17.8648 21.6156 16.7406 -0.4703 23.9859 23.1594 13.6242
-2.6313 -1.2508 1.9976 9.9148 13.1602 8.2422 -8.9688 15.4875 14.8172 6.4289
-2.6313 3.1037 12.3484 36.5234 40.2742 35.3992 18.1883 42.6445 41.8102 32.2750
-2.6313 -0.5045 -2.8191 -3.3749 -0.7486 -3.8992 -16.2422 6.3023 5.6320 -3.1219
-0.8081 -1.0146 -4.2180 -9.7935 -9.5066 -10.1254 -14.2070 -3.0883 -3.3883 -7.0240
-2.6313 -2.1008 -6.7070 -20.1069 -19.4806 -21.8004 -28.1949 -18.6691 -18.6441 -23.4195
-0.8081 -1.8043 -4.3085 -7.6512 -4.9344 -8.0344 -20.6680 -1.9383 -2.5383 -10.5813
2.3202 2.0742 4.5031 6.2676 12.4492 7.5742 -8.6187 13.6187 13.0188 5.0687
-0.8081 -2.2623 -5.5354 -14.0518 -10.9980 -14.8691 -25.5180 -7.7305 -7.6031 -15.1938
-0.8081 1.0707 2.2164 1.8918 5.2375 0.3164 -16.8945 7.5617 6.8914 -2.4875
-0.8081 -2.2791 -6.8662 -17.5500 -15.1047 -16.1096 -23.9125 -3.2852 -3.9555 -12.3664
-0.8081 -2.2833 -6.5264 -16.4859 -12.8734 -17.7945 -35.0055 -10.5492 -11.2195 -20.5984
-1.2292 1.8461 0.5209 -14.6385 -9.9219 -14.1320 -31.3430 -6.8867 -7.9727 -16.3578
-0.8081 -2.9400 -8.5656 -26.1762 -26.3952 -26.3952 -26.8283 -29.1278 -29.1882 -26.3262
-0.8081 -2.1288 -11.7191 -39.9742 -38.7438 -39.3625 -44.1758 -39.0789 -38.7539 -37.6789
-0.8081 -2.0212 -5.5529 -15.9457 -14.0850 -16.8023 -25.8949 -10.3301 -10.7535 -16.3219
-0.8081 -3.6051 -8.7830 -22.9807 -19.3074 -24.2258 -41.4367 -16.9805 -17.6508 -26.0523
2.3202 -0.5046 -5.3385 -20.6180 -16.5879 -19.4219 -31.3250 -9.0875 -9.6875 -17.6375
-1.8979 0.2288 -5.3965 -22.9569 -19.8852 -22.3211 -33.2711 -17.7062 -18.1297 -24.3230
-0.8081 -2.9253 -4.0296 -7.5605 -3.1203 -8.8094 -26.0203 -3.1547 -3.8250 -12.5789
-3.8181 3.8002 11.6828 21.3832 23.3176 18.5625 4.0801 22.1789 21.6398 14.4852
-0.8081 -3.3729 -8.9980 -21.6705 -19.0746 -22.2215 -32.9816 -15.1941 -15.7801 -22.5773
-2.6313 2.0174 4.7598 6.2074 8.5355 4.9441 -7.2680 12.7469 12.2078 5.4043
-2.6313 -0.1758 -2.6104 -6.8947 -0.7719 -5.6469 -22.8578 1.5984 0.9281 -8.5367
-0.8081 -2.9442 -7.0949 -14.6297 -11.3281 -13.9871 -22.7633 -4.7797 -5.1289 -13.5141
-0.8081 -2.3833 -6.8891 -18.5883 -13.5430 -18.4180 -35.6289 -11.1727 -11.8430 -21.2375
-0.8081 1.1089 2.9970 0.8340 7.0156 2.1406 -15.0703 9.3859 8.6687 -0.8664
-1.8979 2.3371 3.8345 7.4957 11.4039 6.5289 -10.6820 12.1836 11.0883 2.7031
-0.8081 -2.2791 -6.4369 -29.0676 -29.3213 -28.3906 -23.3430 -24.9891 -25.0499 -23.6879
-0.8081 -1.8574 -1.8762 -13.4147 -16.7980 -16.3922 -9.2900 -20.2203 -21.1789 -14.1719
-0.8081 -5.7887 -19.2191 -49.9371 -54.4648 -51.3367 -38.1953 -63.4914 -64.1578 -56.3242
-0.8081 -4.0343 -8.4316 -23.2184 -26.1910 -24.3297 -16.0586 -31.8285 -32.4719 -25.0367
-0.8081 -2.6079 -2.0855 -7.8385 -8.7656 -8.4552 -5.6617 -14.6387 -15.5977 -8.5992
-16.7250 3.9742 19.7418 41.8285 45.9891 40.3000 23.0891 47.5453 46.8750 37.6133
-7.8398 4.0389 13.1820 32.0852 34.9898 30.1148 12.9039 37.3602 36.6898 27.2953
-3.8181 3.1768 10.8414 23.1836 27.2625 23.2797 9.7984 34.2547 33.5844 24.7477
-2.7695 2.3041 9.9688 24.7445 28.3211 23.4461 7.3656 29.6031 29.0031 21.0531
-2.6313 0.9689 4.2174 14.2457 16.9172 11.2281 -6.4031 16.1414 15.4711 6.7172
-0.8081 -0.5967 -0.0744 -5.5543 -6.4652 -5.5619 -1.6613 -10.8592 -11.1010 -5.8039
-0.8081 -4.4785 -12.3105 -34.5129 -38.6836 -35.8836 -22.3203 -47.6164 -48.2828 -40.4492
4.8952 -4.5180 -23.7008 -56.5215 -62.2797 -58.8656 -42.9070 -68.2031 -68.8695 -61.7469
-0.8081 -4.0491 -8.3343 -17.3148 -20.6055 -18.7441 -9.5348 -29.5695 -29.9078 -22.0742
-0.8081 0.9033 5.5129 8.3230 8.8947 7.5652 2.7520 9.4219 9.2387 7.9338
-2.6313 2.4424 11.1461 27.7711 31.5219 26.6469 9.4359 33.8922 33.0656 23.5305
-3.8181 3.1768 10.7566 32.2875 36.0383 31.1633 13.5320 36.0766 35.4062 26.6523
-6.3299 7.6801 20.9281 42.1523 45.5641 39.9219 22.7109 47.1672 46.4969 37.2352
-2.6313 2.0439 6.3561 14.6902 16.3937 11.7105 -0.6281 21.9164 21.2461 12.4922
-3.8181 4.2447 15.4781 38.0766 41.8273 36.9523 20.8719 43.1094 42.0187 33.2648
-7.4105 4.2527 16.3336 36.1027 40.8727 35.9977 18.7867 43.2430 42.5258 32.9906
-0.8081 1.1203 3.5454 11.9986 12.9791 11.8707 6.2230 19.5629 19.0430 12.2461
-2.6313 4.1559 13.6133 28.6039 31.6141 26.6828 9.4719 33.9281 32.8328 24.7859
-4.2475 6.7922 17.3125 30.6023 34.3500 29.4289 12.2180 36.2539 35.6539 27.2461
-6.4420 6.7031 13.1504 13.1504 12.3313 13.0275 15.0342 19.4811 19.3596 18.8509
3.7202 1.9813 -2.0914 -19.5877 -23.7516 -21.2680 -9.0555 -34.0227 -34.6891 -26.8555
-0.8081 -6.8980 -20.5754 -51.2895 -56.6914 -53.2773 -38.1570 -62.7805 -63.4469 -55.6133
-0.8081 -6.0246 -17.8094 -48.1949 -52.8016 -49.7172 -35.0102 -60.3063 -60.9727 -53.1391
-0.8081 -2.5225 -3.0675 -9.4475 -9.6684 -10.5546 -13.8537 -13.5287 -13.5891 -10.4139
-0.8081 -2.2904 1.9941 13.3164 17.0672 12.1922 -5.0188 19.4375 18.2094 10.5961
0.3952 0.9333 2.6074 14.1180 18.4945 12.7781 -4.4328 20.0234 19.3531 10.0914
-3.8181 5.3000 17.3809 31.3355 35.0859 31.4273 15.7891 38.0266 37.4266 29.3266
-7.5105 3.5289 15.6055 37.1477 40.8984 36.0234 18.8125 43.2687 42.4422 32.9070
-2.6313 0.9689 3.1771 6.1355 6.4766 6.2386 1.7320 13.4656 13.0422 5.7016
-9.0395 8.9887 27.6984 51.6840 55.0906 49.4016 32.1906 56.6469 55.9766 46.7148
-6.3139 6.6207 17.9891 37.2031 40.1078 35.2328 18.0219 42.4781 42.5281 33.7742
-2.3271 5.7428 15.6184 33.2715 37.0902 32.3344 18.2594 38.2742 38.0602 29.6523
-6.3299 6.0836 20.6945 47.5164 51.2672 46.3922 29.1812 53.6375 52.8031 43.4828
-12.9254 2.0328 16.3227 37.0332 39.4219 36.6465 26.1633 48.4008 48.0766 39.3227
-1.8979 -1.5730 -2.7903 -5.2051 -3.5684 -7.0437 -16.4316 -3.0918 -3.4582 -8.6379
1.9366 -1.9973 -8.9408 -17.1432 -14.0895 -16.7484 -26.1363 -12.4895 -12.3062 -19.4609
4.8952 -4.8324 -19.0395 -39.3369 -40.6689 -39.7383 -35.4787 -44.3482 -44.3207 -39.0617
1.1452 -2.0164 -6.8346 -14.8852 -16.2680 -14.6686 -11.1553 -17.7295 -18.1313 -12.3508
-12.1684 1.1217 10.7797 32.3156 35.2633 31.2805 17.2055 37.2203 36.6813 29.3301
-12.8254 5.2027 22.8680 49.6969 52.6016 47.7266 30.5156 54.5516 53.9516 46.0016
-4.2475 6.7922 17.8359 31.7980 33.3953 31.7715 19.1266 39.4500 39.1258 30.3719
-9.0352 8.9930 26.6582 50.9422 54.3000 49.4250 32.2141 56.6703 56.0000 46.6055
-3.0605 0.1299 3.3783 13.3996 18.1547 13.2797 -2.5109 21.9453 21.2750 12.5211
-9.0266 9.0016 27.7117 52.2305 56.3211 51.4461 35.6555 59.6914 59.0914 51.1414
-2.6313 -1.2508 0.9573 4.3031 5.6672 3.6719 -5.7160 7.6238 7.8680 0.6211
-0.8081 -3.6051 -6.3526 -11.4879 -10.5631 -10.8572 -17.5809 -6.4621 -6.3801 -8.9340
1.9366 -0.8920 -7.9555 -21.9469 -22.1312 -21.1104 -21.1129 -12.2191 -11.4688 -15.9824
3.7202 -4.1637 -20.6969 -54.5898 -59.1352 -55.7211 -40.5805 -65.8766 -66.5430 -58.7094
4.4702 -2.1963 -12.7645 -42.1555 -46.7008 -43.2867 -28.1664 -53.4625 -54.1289 -46.2953
-0.8081 -5.3857 -13.7441 -41.7535 -45.2969 -42.4969 -29.6617 -54.9578 -55.6242 -47.7906
-14.1121 5.3852 19.5094 36.7160 40.4242 37.2512 27.4234 40.7633 39.9805 36.0055
-19.4230 4.3340 22.6313 54.7516 58.5023 53.6273 36.4164 60.8727 59.9914 50.9945
-2.6313 1.3868 6.8432 19.8156 24.2422 19.3672 2.1562 26.1922 25.1016 16.3477
-2.6313 -0.5045 -1.6986 -0.7848 0.1957 -0.6905 -3.2086 5.6852 5.4422 2.2596
-0.8081 -2.2048 -6.6023 -17.5187 -16.5206 -16.9637 -18.2266 -13.4738 -13.2703 -13.4388
-0.8081 -1.0146 -6.6371 -24.9014 -27.4758 -25.9199 -19.0527 -29.8934 -29.9859 -23.8000
-0.8081 -2.8087 -10.6297 -38.0895 -43.0898 -39.6758 -24.5352 -49.8312 -50.4977 -42.6641
2.3202 -2.3719 -11.3016 -30.9977 -35.1719 -32.0875 -18.4141 -41.0766 -41.7430 -33.9094
2.3202 -2.8158 -14.9441 -44.5730 -48.4297 -46.7805 -35.5605 -51.7641 -52.0367 -43.8383
2.3202 -4.4656 -18.3273 -49.0324 -53.2070 -50.1227 -36.4492 -59.1117 -59.7781 -51.9445
2.3202 -2.3865 -9.0717 -22.9368 -23.9363 -23.3154 -21.2526 -25.9598 -26.3687 -20.5773
3.2952 2.1945 -8.2727 -38.0563 -38.3372 -37.4152 -35.7666 -40.0406 -40.3832 -35.4414
2.3202 -4.4391 -13.8756 -33.0854 -34.0888 -33.1854 -29.6721 -36.6789 -36.7141 -30.9461
2.3202 -6.7648 -20.4035 -47.9145 -47.8356 -47.2147 -44.1156 -50.6898 -51.0914 -45.2844
0.3952 -3.6474 -8.4547 -12.9953 -10.3988 -13.1301 -23.3902 -10.0504 -11.2896 -11.5514
0.3952 -0.3769 -0.7549 -23.4906 -23.0903 -22.6175 -25.0113 -19.7203 -21.1097 -17.8125
2.3202 -3.9951 -12.3338 -20.1029 -17.2070 -18.7824 -26.4703 -18.8408 -19.9052 -14.9172
-0.8081 -4.6832 -14.6871 -43.8232 -41.8701 -44.2621 -54.4578 -35.7281 -36.7352 -37.6047
2.3202 -3.6780 -8.5896 -18.3090 -16.7779 -17.4691 -21.5676 -19.1343 -19.0832 -13.7453
1.8952 2.7579 2.8591 -2.6135 0.5695 -3.5938 -21.0664 -0.4391 -2.3711 -5.2110
2.3202 -4.7836 -15.3621 -40.3783 -39.6384 -41.2652 -49.3559 -43.1070 -43.0399 -38.3469
2.3202 -4.0098 -11.1281 -24.2057 -23.9879 -24.0605 -24.9337 -24.6277 -25.1688 -20.5438
2.3202 -1.1940 -7.1479 -30.5648 -33.9543 -31.4977 -21.1625 -43.4969 -44.1633 -36.3297
4.8952 -2.0996 -12.2461 -32.5598 -35.8504 -33.7047 -24.4391 -44.8023 -45.8320 -37.9984
2.3202 -1.7219 -8.9480 -34.0699 -37.0355 -35.1742 -27.3539 -45.4250 -45.6977 -38.2820
2.3202 -0.1948 -4.1484 -21.4367 -24.7273 -22.5816 -13.6973 -31.7680 -32.4781 -24.6445
2.3202 1.6606 -1.4078 -20.1906 -22.3416 -21.0998 -16.1355 -24.6648 -24.6371 -18.0156
2.3202 -0.7359 -7.9895 -34.6719 -35.9238 -34.4504 -28.0332 -38.8594 -39.5891 -33.8063
-3.0605 2.7055 1.1639 -22.7402 -23.4568 -23.3637 -18.8135 -27.6863 -27.7215 -21.1570
2.3202 -1.8453 -12.5328 -42.9922 -42.5418 -41.9486 -39.8858 -43.8158 -44.1025 -39.5598
1.8952 -3.7006 -13.5699 -32.7574 -29.8789 -32.3879 -44.5906 -26.2633 -26.7211 -27.5485
-4.2227 -1.2178 -8.5789 -29.7342 -25.9352 -28.4016 -40.1969 -17.7477 -18.4641 -21.6668
-4.2227 -2.9611 -12.1027 -39.8113 -43.2609 -40.1766 -25.0969 -50.1516 -50.8180 -42.9844
-10.9814 -4.4772 -6.2394 -17.4562 -20.7938 -18.9324 -10.0117 -28.1852 -28.5234 -20.6898
-19.8516 4.0301 18.7734 34.4367 37.3953 33.3391 19.4984 35.2727 34.6738 32.7603
-9.4584 -4.4239 -9.2459 -26.6209 -27.8607 -25.9324 -24.0410 -21.2986 -22.3141 -19.8723
-17.1461 0.8238 7.8088 16.4904 16.7209 16.5296 11.4281 23.0652 21.4359 19.6368
-9.4551 -4.4206 -9.8074 -31.9813 -35.4961 -32.1070 -16.6070 -41.5742 -42.2406 -34.4070
-0.8081 -3.5667 -11.5070 -37.4898 -42.8422 -39.4281 -23.4695 -48.7656 -49.4320 -42.3250
-0.8081 -4.8224 -10.7500 -35.6660 -39.0555 -36.8805 -26.7988 -44.5406 -45.2422 -37.4086
-2.6313 0.9883 -0.9121 -26.2141 -30.4898 -27.0773 -13.8008 -38.7680 -39.4344 -31.6008
-0.8081 -1.3315 -2.2048 -11.1326 -8.9189 -9.9805 -16.4088 -12.0581 -12.9241 -11.4998
-2.6313 -1.7606 -2.9779 -10.5894 -7.9701 -9.1473 -18.2199 -4.5699 -4.9934 -10.6586
2.3202 -1.1940 -8.2576 -30.0367 -27.0117 -26.8627 -31.6760 -25.0061 -25.6143 -26.1854
2.3202 -4.6752 -16.4598 -46.1098 -47.6230 -46.8334 -42.9145 -54.0801 -54.3805 -49.1137
-0.8081 -2.0212 -5.8621 -21.9035 -19.3047 -21.9637 -31.5363 -22.6426 -22.8855 -25.7096
-1.2292 0.1513 2.3594 -2.1082 2.4336 -3.2555 -20.9828 1.2547 0.6547 -7.2953
-1.8979 0.5311 4.1045 3.3445 8.5063 3.3109 -12.5539 8.0945 7.0773 0.2668
-0.8081 -1.8654 -2.7543 -18.9773 -21.2652 -21.2539 -17.1363 -30.6059 -30.9695 -24.5465
2.3202 -3.2410 -11.7070 -38.9025 -36.8248 -38.7035 -45.5530 -45.3361 -46.0559 -39.4195
-0.8081 -4.0343 -12.4113 -39.5500 -43.6676 -41.1840 -29.4320 -54.7281 -55.3945 -47.5609
-0.8081 -2.4998 -3.7170 -15.4410 -19.1859 -17.3246 -7.6574 -25.8305 -26.1688 -18.3352
-0.8081 -0.1717 4.1129 3.7443 3.2348 3.5452 4.7078 -6.4609 -6.5535 -0.3523
-2.9882 1.0450 7.8484 14.3090 18.2211 14.1914 0.1164 20.4367 19.8367 11.8867
-6.0670 3.8904 14.4113 37.7406 40.6414 35.7664 18.5555 43.0117 42.3414 32.8766
-9.0266 6.8777 20.1258 41.2375 44.6492 39.0070 21.7000 46.1562 45.4859 36.7320
-3.0605 3.9344 11.5990 25.9602 30.0391 25.1641 7.9531 32.4094 31.5828 22.0477
-9.0266 9.0016 26.6668 53.4813 56.3859 51.5109 33.8797 56.4242 55.7539 47.0000
-2.3271 3.0986 5.3068 7.5781 6.6817 6.6817 6.2486 3.9491 3.4595 5.5376
-1.2292 -1.3483 -4.5518 -19.0340 -24.0234 -20.9117 -5.3664 -30.6625 -30.6750 -22.8414
-0.8081 1.4869 4.0195 7.8994 6.5449 6.5449 6.6969 -0.2023 -0.3842 4.2156
-0.8081 -0.3263 1.8818 1.7313 3.7762 2.2008 -6.0883 7.5586 7.1352 1.9238
-0.8081 1.9094 9.5740 23.9094 27.2672 22.3922 5.1813 29.6375 28.9672 19.5727
-8.5975 6.4605 21.9188 43.5844 47.6633 42.7883 25.5773 50.0336 49.2070 39.6719
-5.1432 4.8213 13.6539 28.5098 32.1602 26.4711 9.2602 33.7164 33.0461 23.7844
-0.8081 1.9590 9.6236 23.9953 27.6313 22.7102 5.4992 29.9555 29.1852 20.4312
-11.3152 2.9086 17.8328 46.4641 50.2148 45.3398 28.1289 52.5852 51.7508 43.2531
-2.6313 0.8727 8.5373 20.3711 21.7352 18.2598 9.7797 29.7945 29.0984 20.3445
-8.5975 6.4496 22.9473 46.6148 49.3430 44.5875 30.5125 50.5273 49.9883 42.3812
-4.3855 4.4191 12.0838 23.3992 26.3469 23.5715 11.1852 35.6414 34.9711 26.2172
-11.7363 8.1859 23.5625 43.8512 46.9238 42.1688 28.3883 50.6258 49.5352 40.7812
-5.1271 5.4613 14.2939 26.7578 29.9422 25.0211 8.9406 31.1781 30.5781 22.1930
-1.2292 3.4309 8.8832 20.3969 21.9930 18.4465 4.5437 29.0000 28.3297 19.5758
-5.5559 3.9254 10.5494 19.4244 21.8129 18.3844 9.2918 24.8566 24.4332 18.4125
-3.0605 5.9766 19.0949 41.7313 46.1578 41.2828 24.0719 48.5281 47.3937 38.9859
-5.1432 3.7658 10.2937 19.2973 21.1648 17.2938 6.3438 21.9086 21.4852 15.4090
-2.6313 4.5809 18.0086 42.6047 45.5094 40.6344 23.4234 47.8797 47.2094 37.8148
-7.8398 4.5738 17.8219 35.4641 36.7176 35.0938 25.5688 41.4426 41.5695 33.6195
-2.6313 0.8727 8.1236 17.9383 20.5031 15.7477 1.6727 21.6875 21.1484 13.5414
-3.0605 5.9578 19.0762 41.8094 44.8812 39.1922 21.9813 44.8508 44.1805 36.1477
-5.9006 3.5430 14.5867 27.4035 30.0063 27.6719 17.3344 36.9273 36.4039 31.1961
-0.8081 2.2020 8.7105 18.8320 20.4281 16.8246 3.9031 19.4680 19.0445 13.4762
-2.6313 -0.2840 4.3256 13.3020 18.0102 13.1352 -4.0758 20.3805 19.7102 10.3156
-2.6313 6.0617 19.4895 43.7664 47.1781 42.7523 27.4039 51.8602 51.1898 43.1250
-4.7140 3.9793 12.6973 25.7773 28.4516 22.7625 5.5516 30.0078 29.3375 20.0758
-2.6313 2.6787 7.6133 16.9957 19.0418 16.9773 5.3656 29.8219 29.1516 20.3977
-5.9922 6.3215 19.4398 43.3102 46.6680 42.1680 26.5297 48.7672 48.0672 39.5680
-3.0605 5.6328 15.8164 37.3469 41.0977 36.2227 19.0117 43.4680 42.6414 33.1063
-3.0605 1.8281 7.6018 20.7012 24.1047 19.5555 1.9227 26.3789 25.7086 16.9312
-9.7922 4.7523 17.8707 36.9922 40.0605 35.0828 17.8719 41.9078 41.3078 32.9000
-2.6313 2.0174 7.0525 14.5293 17.5516 14.7176 2.4984 22.8219 22.2219 14.2719
-4.6979 2.0008 11.0125 29.0695 31.4039 26.6484 12.8750 35.1125 34.5125 26.5625
-2.6313 1.0977 7.9012 26.7898 30.5406 25.6656 8.4547 32.9109 32.0844 23.1984
-9.0266 8.1625 20.8941 36.2961 38.6848 35.0660 21.1625 45.6188 44.9484 36.1945
-2.6313 3.0924 11.3887 24.3723 27.7859 22.5906 6.9523 29.1898 28.9148 20.1609
1.5116 1.1803 2.3299 5.1647 7.1578 3.5645 -11.1969 13.2594 12.5891 4.2008
-3.2979 2.3258 8.4127 18.5414 20.9301 16.6156 5.0039 29.4602 28.3648 19.9570
-11.3109 3.7633 12.1746 21.0496 22.7531 20.9807 14.6115 23.8156 23.5156 19.0855
-0.0340 2.6395 6.9240 15.4645 19.1641 14.2430 -2.9680 21.4883 20.8180 11.8750
-3.0605 1.9324 8.7500 27.0164 30.0883 25.1570 7.9461 32.4023 31.7023 24.5477
-2.6313 -1.0144 1.0623 9.4189 11.7453 7.7086 -5.7727 18.6836 18.0133 9.2594
-9.0266 5.9430 21.1766 43.7004 47.4547 42.5836 25.3727 49.8289 49.1586 40.7477
-2.7695 0.8350 2.6295 6.4125 9.4219 4.1797 -13.4531 11.0031 10.3328 1.5555
2.3202 -0.5046 -4.2141 -15.1379 -15.6319 -15.3215 -14.2579 -14.2579 -14.2579 -11.7947
-0.8081 -3.4962 -11.4141 -29.9263 -31.2166 -30.2859 -26.8246 -39.9691 -40.5602 -33.5312
2.3202 -6.7648 -25.9367 -58.4105 -62.9961 -59.6070 -44.4867 -69.7828 -70.4492 -62.6156
-0.8081 -4.0491 -9.5670 -35.5152 -40.4516 -37.3398 -23.6484 -48.6156 -49.2820 -41.4484
-0.8081 -4.0491 -7.5577 -19.5169 -21.6260 -20.3842 -15.4016 -24.2742 -24.3094 -18.9613
-0.8081 -4.1572 -9.6482 -31.6121 -34.5918 -32.7305 -24.8449 -37.9723 -38.5023 -31.8844
0.3952 0.0639 -0.7201 -18.1305 -18.7407 -19.5787 -20.4672 -20.9003 -20.6930 -18.1938
-16.7168 2.4758 17.2922 34.4859 37.4445 33.6562 18.0180 40.5586 39.4727 31.5227
-11.7289 7.1387 25.3078 57.8500 61.6008 56.7258 39.5148 63.8695 62.4180 52.8828
-2.6313 1.3939 7.4656 16.1250 17.6496 14.9906 5.9055 21.4703 21.0469 15.4785
-2.6313 3.5059 14.4148 33.0805 36.0977 31.1766 13.9656 38.4219 37.7516 28.3727
-7.8398 4.6699 12.3578 25.0207 29.8109 24.9359 7.6289 32.0852 31.4148 23.0266
-3.8181 4.8867 14.0406 28.9430 31.6711 26.4289 12.2094 34.4469 33.8469 25.8969
-4.2475 7.4270 18.7953 37.4828 40.5547 35.6836 18.4727 42.9289 42.2586 33.3563
-3.0605 5.0094 15.9184 36.1277 40.5578 35.6367 18.4258 42.8820 42.2117 32.8328
-7.0824 4.2559 15.1824 34.0812 37.8320 32.9570 15.3438 37.8883 37.2180 28.4641
-4.2475 7.8410 22.1309 42.8414 45.2301 41.6387 30.0266 54.0625 53.4625 45.4383
-3.0605 4.9828 15.1832 32.8289 36.9188 31.2297 14.0188 38.4750 37.7094 28.9555
-6.3299 9.7922 28.8227 58.9727 63.0594 58.1844 40.9734 65.4297 64.6734 55.1383
-9.1313 5.2035 19.4934 43.6688 47.4195 42.5445 25.3336 49.3695 48.2789 39.8773
-11.3109 5.6684 19.9809 41.5148 45.2656 40.3906 22.7773 45.0148 44.4148 36.4648
-2.6313 3.5174 12.3500 27.3523 31.0445 26.1234 8.9125 33.3688 32.6984 23.3195
-2.6313 0.8727 9.5766 24.3703 26.0762 22.9156 12.8727 35.1102 34.5102 26.8078
-12.8254 2.5578 18.9383 44.9359 48.6867 43.8117 26.6008 51.0570 50.2305 40.6953
-9.0266 9.0016 26.5539 50.8375 54.8906 50.4648 35.1258 59.5820 58.9117 50.1578
-9.0266 7.9266 25.7750 57.0578 60.8086 55.9336 38.7227 63.1789 62.9039 54.9539
-15.9547 6.9641 27.4625 52.3836 56.1344 51.2594 34.0484 58.5047 57.5938 48.8398
-3.1987 2.7406 7.7836 15.9133 19.5938 15.4305 -1.7805 22.6758 22.0055 12.6266
-1.2292 3.4195 9.1965 25.1281 28.4859 23.6109 6.3039 30.3398 29.7398 21.7898
-0.8081 -1.6162 -2.4242 -1.9078 -0.8848 -2.2143 -6.9082 -0.2383 -0.5816 -3.7705
2.3202 -3.9170 -11.7488 -23.4408 -23.1158 -22.7913 -23.6988 -21.4754 -21.5361 -19.9771
4.8952 -7.5777 -25.9930 -57.6965 -59.1535 -58.4387 -50.6328 -62.5605 -63.5234 -56.8063
2.3202 -5.1346 -15.8023 -35.4354 -38.4559 -36.5945 -27.7375 -50.8320 -51.4984 -43.6648
2.3202 -4.6906 -17.3641 -48.4844 -51.5219 -49.0652 -38.3414 -61.0039 -61.6703 -53.8367
-1.8979 -2.7903 -6.7701 -24.3002 -25.6715 -24.4578 -17.6164 -29.2191 -29.8031 -22.7742
-0.8081 -3.6051 -7.5850 -19.4846 -17.5703 -19.5187 -29.3273 -18.2086 -18.5086 -21.0479
-0.8081 -2.4960 -5.0158 -13.2328 -11.3031 -16.1047 -30.1797 -9.8562 -10.4563 -18.0578
-0.8081 0.4703 1.8355 -3.2418 -1.3035 -5.6648 -17.8773 0.8523 0.2523 -7.6977
-0.8081 -2.2308 -8.2812 -27.5790 -27.3083 -28.9647 -31.1875 -19.7641 -19.8055 -25.3738
-0.8081 -2.2833 -9.5590 -33.2008 -30.8949 -34.8129 -45.4617 -27.3656 -27.9047 -35.0594
-2.6313 3.1037 8.8850 11.0996 15.1297 10.2547 -6.9563 17.5000 16.8297 7.4352
-0.8081 -3.3692 -8.8641 -22.5135 -23.4320 -23.9596 -21.9600 -19.4305 -19.5520 -20.0606
-1.2292 3.0059 1.9162 -22.6566 -24.8676 -23.7660 -18.8721 -27.7264 -27.9082 -25.5629
2.9702 -0.6391 -9.8781 -34.9068 -36.2967 -35.5354 -30.3523 -35.3846 -35.6746 -33.7687
-0.8081 -1.4210 1.4214 -0.0918 0.8215 -0.6805 -9.8781 8.5266 8.2023 -0.5516
-0.8081 0.8839 5.3002 11.1051 13.7766 8.0875 -9.1234 15.3328 14.6625 5.4008
-3.8181 5.3000 17.9227 44.3320 48.4188 43.5438 26.3328 50.7891 49.6312 41.6813
0.3952 1.4702 3.5632 4.2802 5.6393 4.6344 -1.6240 7.2697 7.0268 3.6920
-0.8081 -5.6957 -15.4863 -32.9072 -32.2836 -34.8732 -42.9258 -29.2789 -29.7023 -35.7039
2.3202 -3.9023 -15.8055 -44.7336 -46.8500 -45.2941 -37.8219 -51.2953 -51.7160 -45.6539
-1.2292 1.3154 -0.8799 -15.5780 -17.2709 -15.6715 -11.2029 -22.8027 -24.4648 -17.4477
-0.8081 -1.4399 -1.2609 -9.5595 -9.0006 -9.8868 -13.1432 -8.6963 -8.4928 -11.3318
-2.6313 2.4424 10.3174 20.6145 22.5504 17.7484 3.9750 26.2125 25.6125 17.6625
-0.8081 0.8839 6.9742 25.8633 29.6141 24.7391 7.5281 31.9844 31.1578 21.6227
-0.8081 0.4589 2.6670 10.0469 13.3992 8.4781 -8.7328 15.7234 15.0531 5.6742
-5.9006 5.3488 16.2578 33.9035 35.9496 31.9133 18.4320 42.8883 42.2180 33.8023
-3.8181 2.7518 6.7469 11.0972 13.5500 12.2205 7.4150 14.3945 14.1516 9.6285
-6.4963 5.5926 14.2965 29.8547 33.8875 29.0125 11.8016 36.2578 35.1625 26.6547
-4.2475 6.7660 20.2090 42.0836 46.1625 41.2875 24.0766 48.5328 47.7062 38.1711
-4.2475 5.7170 13.7225 20.6099 21.5732 18.5426 11.3184 27.1922 26.9945 20.1910
-10.5496 7.0535 23.5512 46.0750 49.8172 44.6219 28.5117 52.9680 52.2977 43.5438
-2.6313 0.9883 3.1964 6.1549 6.3414 5.1280 3.5634 5.7869 5.7261 5.5843
-0.8081 -2.4960 -1.5524 -2.4620 -0.4607 -1.7902 -6.4842 0.1857 0.3893 0.5762
-2.6313 -3.9528 -10.2242 -17.7730 -15.2930 -18.8379 -31.7594 -15.8695 -15.5195 -20.5508
-6.4377 4.0617 8.8302 -5.1811 -5.3574 -6.0322 -11.8098 4.3727 2.9266 -4.2281
-15.2016 5.5875 22.0016 54.0250 56.9258 51.2094 33.9984 58.4547 57.7844 48.5227
-0.8081 -1.6162 -2.4685 -6.6371 -3.8066 -9.0484 -24.3969 0.0594 -1.0266 -8.9766
-0.8081 -3.3684 -11.7223 -25.6859 -24.1125 -25.8850 -32.1434 -23.2496 -23.4926 -26.2254
-0.8081 -0.7513 -0.6691 -8.8770 -7.7898 -11.2184 -20.3109 -4.7461 -5.5875 -10.3629
-0.8081 -4.0343 -9.9879 -27.6832 -25.1457 -29.0637 -40.0137 -23.8320 -24.3711 -31.5258
-0.8081 -2.0212 -8.1770 -28.0283 -26.8469 -30.3223 -39.0984 -21.3109 -21.7969 -28.1621
-0.8081 1.5340 5.7498 2.7492 6.0453 1.1242 -16.0867 8.3695 7.6992 -0.7172
-11.3113 3.0230 12.3598 29.1527 31.8266 27.3539 12.0055 36.4617 35.7914 27.0375
-11.7363 7.1379 22.8355 47.6703 51.7570 46.8820 29.6711 54.1273 53.3711 44.3742
-9.0234 6.8809 20.1289 40.6172 43.2914 39.3086 25.2336 43.6578 42.9125 34.1586
-5.9006 2.9041 9.8377 24.5187 27.8687 22.1797 4.9688 29.4250 28.7547 19.4930
-4.2475 7.8410 23.4914 51.3773 55.1281 50.2531 33.0422 57.4984 56.6641 47.1289
-9.0395 7.9398 22.9766 41.3688 44.0961 40.9961 30.3395 48.1270 47.4484 39.4984
-2.6313 2.4576 10.1223 24.1586 27.1758 22.2547 5.0437 29.5000 28.4141 19.9102
-2.6313 -0.1758 6.3172 21.1039 24.8516 19.2094 1.9984 26.4547 25.7844 16.5227
-2.6313 -0.1829 6.3102 16.4968 18.5439 15.8848 5.4195 27.9641 27.2641 20.4473
-4.6979 4.4203 17.8598 44.6813 48.4320 43.5570 25.9258 48.1633 47.5633 39.6133
-3.0605 5.0094 13.8420 27.2359 31.6547 26.7797 9.5688 34.0250 33.2687 23.7336
-2.6313 3.5174 12.5461 28.2797 31.0078 25.7656 10.1273 32.3648 31.7648 23.0258
-5.1271 4.3164 16.3973 35.8566 38.1910 33.2727 16.0617 40.5180 39.8477 31.4547
-2.6313 3.5174 12.9855 26.2871 30.0516 24.3625 7.1516 31.6078 30.9375 21.6758
-2.6313 4.5809 17.6992 35.6832 38.4141 34.4242 20.6437 43.1883 42.5180 33.7641
-7.4105 4.2527 14.8820 28.7387 31.4625 27.1480 14.6313 32.4188 31.9328 25.7051
-4.7140 3.9793 13.4438 29.0617 32.1336 27.9234 10.7125 35.1688 34.4984 25.1195
-2.6313 -1.0144 0.6411 5.3085 5.9361 3.2301 -7.2352 15.3094 14.6391 6.2508
-3.0605 5.2193 11.8434 20.8498 23.5102 18.7078 4.9344 27.1719 26.1469 18.5398
-2.6313 0.4627 4.6664 11.3529 15.0371 10.0594 -7.1516 17.3047 16.6344 8.2414
-4.7140 1.9846 8.0904 21.0668 23.6773 18.9219 2.8617 25.4062 24.7359 15.9820
-6.3299 7.8781 19.9590 37.7090 39.7008 35.3863 23.4836 45.7211 45.1211 36.7133
-4.2475 7.0020 16.8773 35.4523 38.8641 34.4383 16.8055 41.2617 40.5008 31.7469
-9.0266 7.1145 19.1910 38.1875 41.5453 36.6703 19.4594 43.9156 43.2453 33.8508
-3.0605 6.2828 17.1918 35.8719 38.1508 34.6059 22.9937 47.4500 46.7797 38.0258
-3.0605 4.5578 12.8543 26.8758 29.7766 25.3508 9.7125 31.9500 31.3500 22.4766
-3.0605 0.7799 3.9086 12.7875 16.5297 11.7031 -1.7781 22.6781 22.0078 13.5969
-3.7246 6.3801 13.0041 24.7336 27.0617 22.5836 4.9508 29.4070 28.6414 19.8875
-3.0605 4.5578 12.8473 23.4055 27.8453 22.1562 4.9453 29.4016 29.1266 20.9828
-1.2292 2.9248 6.6992 16.7234 20.0180 14.8227 -0.8156 21.4219 20.8219 12.3398
-2.7284 8.0852 19.3188 43.5055 47.2562 42.3812 25.1703 49.6266 48.8000 39.8031
-11.7289 8.4305 24.5227 44.1625 48.5891 43.7141 26.5031 50.9594 50.2266 40.6914
-2.6313 0.9689 4.2174 7.5008 7.7877 5.5227 -1.3926 15.9738 15.0668 8.2539
-7.8398 5.7184 17.7949 36.1766 39.5289 34.6078 17.3969 41.8531 41.1828 31.8039
-4.2475 6.3410 16.5410 35.8203 38.7789 34.6773 17.4664 41.9227 41.2523 32.3500
-6.3299 6.1801 15.0127 26.8465 28.8297 24.7930 8.7328 31.2773 30.6070 21.8531
-7.8482 5.2969 15.1727 29.6719 32.6781 26.9891 9.7781 34.2344 33.9594 26.0094
-3.0605 4.5578 12.2188 19.1292 19.4703 18.1383 13.8832 29.7570 29.5594 21.9711
-11.7363 8.3270 25.8648 51.1219 55.2086 50.3336 33.1227 57.5789 56.8227 47.2875
-9.3914 7.7867 22.0766 46.2516 50.0023 45.1273 29.0469 51.2844 51.0094 42.9445
-3.8910 5.6484 13.6234 30.2750 33.1797 28.3047 11.0938 35.5500 34.8797 25.4852
-7.8398 6.3801 19.4984 40.2090 43.9855 41.4758 27.9945 52.4508 51.7805 43.0266
-9.0266 8.1625 22.0457 43.5805 47.3312 42.4562 25.2453 49.7016 48.8750 39.3398
-9.0395 8.1496 22.3574 43.0680 46.1406 41.7094 26.3609 50.8172 50.1469 41.3930
-7.0824 5.9918 13.6797 24.5695 26.2754 24.0625 16.2434 27.3621 26.8973 22.1367
-0.0340 5.2760 10.7322 23.7047 27.4562 22.5352 4.9219 27.1594 26.8844 18.1305
-9.0266 7.1070 18.0418 34.2984 38.3852 33.5102 16.2992 40.7555 39.9992 30.4641
-9.0266 8.1625 23.4883 50.3102 54.0609 49.1859 31.9750 56.4313 55.5969 46.0617
-1.2208 7.4727 18.3816 37.5766 41.3273 35.6109 18.3039 42.7602 41.9992 33.1531
-9.0266 8.1625 22.4523 45.8086 49.5594 44.6844 27.4734 51.9297 51.1031 41.5680
-4.2475 7.4160 19.8215 44.0047 47.7555 42.8805 27.0898 51.5461 50.8758 42.1219
-9.2539 7.2852 19.6105 34.2836 36.2754 31.7977 15.6875 40.1437 39.0578 31.1078
-9.0266 6.4527 18.5336 40.0641 43.8148 38.9398 21.3086 43.5461 42.9461 34.9031
-1.8979 0.2288 -0.3271 -3.9435 -5.1756 -5.7031 -4.6395 -4.3145 -4.1071 -0.2160
2.2202 -1.7137 -10.0785 -26.5355 -29.0539 -27.4980 -21.1523 -32.7551 -33.3391 -26.3367
4.8952 -4.5180 -21.8898 -54.0355 -58.6180 -55.5062 -42.2672 -67.5633 -68.2297 -60.3961
-0.8081 -6.4686 -18.9289 -44.2613 -48.0207 -44.8680 -34.5211 -55.6430 -55.9813 -48.1477
-0.8081 -4.1572 -9.4092 -28.9629 -33.0687 -30.5109 -22.6254 -36.0988 -36.2539 -28.0891
4.8952 0.4242 -1.2181 -8.8296 -9.7067 -9.0858 -6.6455 -8.6199 -10.0402 -4.6711
1.1452 2.7541 4.1155 2.6094 3.5227 1.7502 -4.9730 6.7605 6.3371 0.7688
-4.9326 3.1107 13.0938 36.0758 39.8266 34.9516 17.7406 42.1969 41.3625 31.8273
-0.8081 -0.1717 4.0012 15.7832 19.1969 15.8062 -1.4047 23.0516 22.3813 13.4789
-4.9326 1.6303 8.6465 28.5547 32.3055 27.4305 10.2195 34.6758 34.6766 25.9227
-2.9882 0.1914 2.4891 18.2656 22.0164 17.1414 -0.0695 24.3867 23.5602 14.0250
-1.8979 2.7508 10.1805 34.3289 38.0797 33.2047 15.9937 40.4500 39.6156 30.0805
-2.6313 0.9618 5.0500 23.5852 27.6758 22.8008 5.5898 30.0461 29.2367 20.4008
-14.4367 5.8156 20.8336 52.9539 56.7047 51.8297 34.1984 56.7391 56.0687 47.3148
-5.4994 4.0330 13.9969 43.4586 47.2094 42.3344 25.1234 49.5797 48.7453 39.2102
-13.5855 1.8863 15.2297 45.6609 49.3156 44.4406 27.2297 51.6859 51.0156 41.6211
-12.2387 2.8199 14.9906 47.0141 50.7648 45.8898 28.6789 53.1352 52.3008 43.2758
-16.2918 1.7367 16.1164 47.7188 51.4695 46.5945 29.3836 53.8398 53.0055 43.9805
-5.6936 -0.5929 0.6682 14.6320 18.3406 14.1773 -3.0336 21.4227 20.7523 11.3734
-2.9882 -0.4679 -2.3258 -5.2812 -0.5344 -5.4094 -22.6203 1.8359 0.7500 -7.6578
1.1452 0.7159 -2.5953 -9.5213 -7.4723 -10.3039 -22.6898 1.7664 1.0961 -7.6578
-0.8081 -1.6162 -3.0166 -7.8489 -5.0629 -6.2402 -16.0938 -0.5289 -0.9523 -6.5957
-0.8081 -1.0146 -5.0871 -17.1254 -10.7039 -15.5789 -32.7898 -8.3336 -9.0039 -18.1125
-0.8081 -0.1717 4.1129 12.1797 14.2258 11.8367 0.4180 18.5141 18.5820 9.8281
-0.8081 -0.1717 4.1129 15.7758 19.8547 14.9797 -2.2313 22.2250 21.3984 11.8633
-2.9882 -3.0926 -4.7420 0.8137 3.0883 -0.3492 -17.5602 6.8961 6.2258 -2.6766
2.3202 -3.9023 -12.9287 -23.5125 -23.9640 -24.8529 -28.4496 -21.7797 -21.9629 -22.9313
2.3202 -3.1602 -14.5121 -40.8398 -43.1363 -40.8848 -32.5941 -46.3926 -47.7844 -40.3680
2.3202 -3.1602 -13.9402 -42.0195 -42.9492 -41.7355 -35.9326 -44.7869 -45.4020 -42.2547
-1.8979 0.6467 -2.6570 -17.3846 -13.5777 -15.5262 -25.3797 -9.8148 -9.9133 -16.3746
-0.8081 -1.0722 -3.3867 -14.7471 -9.9840 -13.4219 -30.6328 -6.1766 -7.2625 -15.6703
-0.8081 -0.5853 1.8006 13.1273 16.8781 12.0031 -5.2078 19.2484 18.4219 8.8867
-0.8081 0.0453 0.8889 8.8438 12.9227 8.0477 -9.1633 15.2930 14.4664 4.9313
-0.8081 -1.0146 -6.2934 -16.8767 -16.5357 -16.9788 -17.8863 -15.3568 -15.4783 -17.0696
-0.8081 -0.1717 0.1533 1.6609 3.3668 1.1539 -7.1352 6.8207 6.9477 -1.5305
-0.8081 -1.6996 -3.3418 -5.1992 -0.4359 -5.3109 -22.5219 0.3438 -0.3266 -9.0805
-0.8081 -0.5853 -1.5515 1.7693 3.0758 -0.9703 -18.2695 6.1867 5.5164 -3.2375
-0.8081 -2.4960 -2.1715 2.2938 4.9668 0.8055 -16.4055 8.0508 7.3805 -1.5219
-1.2292 2.7890 6.7993 12.7312 15.6898 11.5266 -5.6844 18.7719 18.1016 9.2789
-0.8081 -2.2389 -7.0838 -10.2331 -9.6643 -13.2090 -25.6836 -1.6477 -1.9227 -10.6766
-1.8979 -0.9496 -0.9603 6.0430 7.6391 4.9801 -4.8734 11.3086 10.7695 2.7281
-15.2016 6.2098 24.3781 56.9203 60.6711 55.7961 38.5852 62.9398 61.4883 51.9531
-2.9882 3.1490 14.2852 43.7469 47.4977 42.6227 25.4117 49.8680 49.0336 39.4984
-16.2918 3.8555 22.0070 53.7023 57.4531 52.5781 35.3672 59.8234 58.9891 49.4539
-2.5288 0.0158 2.6154 16.5719 20.3227 15.4477 -1.1047 23.3516 22.6812 13.9273
0.3324 -0.2159 -2.9238 -3.6434 -1.2973 -2.4746 -10.2969 10.3305 9.6602 0.9062
-1.2292 -1.9046 -8.0332 -23.5545 -25.6133 -24.3715 -18.3691 -29.8629 -30.1633 -26.6016
2.3202 -2.8312 -15.4809 -42.9578 -45.8484 -43.6734 -33.3195 -52.1461 -53.5555 -45.7219
1.1452 -1.7180 -10.4895 -35.2234 -37.7609 -35.5859 -25.8816 -44.2773 -44.7609 -39.0637
2.3202 -4.0332 -19.7844 -50.7969 -52.0945 -50.5676 -43.7004 -53.3305 -54.4930 -48.3070
-0.8081 -2.4950 -3.6890 -6.5047 -2.8742 -7.8055 -25.0164 -0.5602 -1.2305 -10.4922
-2.6313 0.2492 3.4976 6.3938 7.9910 5.1551 -8.7625 15.6938 15.0234 6.2695
-2.6313 0.3383 2.4493 5.2818 5.8109 4.0357 -1.2629 9.8559 9.5559 6.6629
-4.8804 1.2687 4.1072 16.0602 18.9609 14.0859 -3.1250 21.3312 20.6609 11.1961
-2.9882 -0.8614 -3.1760 -7.1564 -6.5848 -7.9143 -13.0754 -6.0805 -6.2637 -8.6514
-2.9882 -0.8614 -4.2426 -23.3398 -23.3457 -22.4150 -17.0542 -21.3281 -21.2416 -18.3930
4.8952 -3.3168 -20.6234 -52.6645 -56.8391 -53.7547 -40.5156 -65.8117 -66.4781 -58.6445
-0.8081 -6.7820 -14.1664 -32.3414 -37.2727 -34.1883 -19.4813 -44.7773 -45.4437 -37.6102
4.8952 -5.1609 -18.1625 -47.5754 -51.3422 -47.5477 -35.7250 -56.8469 -57.8852 -50.0516
-0.8081 -3.6051 -10.3289 -33.2934 -36.6871 -34.5121 -23.7883 -41.9617 -43.0000 -35.1664
-0.8081 -2.6154 -3.6086 -17.9737 -20.4855 -20.7568 -17.2799 -23.9586 -25.1285 -18.1609
-0.8081 1.9590 9.6236 21.2641 24.2227 20.0594 2.8484 27.3047 26.6344 17.2555
-2.6313 3.5174 11.3957 23.2295 26.7055 22.9383 5.3055 28.1711 27.0758 18.6680
-6.5486 4.1703 11.4109 25.0789 29.4898 24.6148 7.4039 31.8602 31.0648 21.5297
-19.4230 3.4074 22.0109 54.5531 58.3039 53.4289 36.2180 60.5727 58.8617 50.4766
-0.8081 -4.1689 -7.4645 -1.9355 2.2148 -1.9461 -19.1570 5.2992 4.6289 -4.2734
-6.8803 1.1900 4.2379 18.2023 21.9531 17.0781 -0.1328 24.3234 23.4891 13.9539
-3.4174 2.1084 4.3367 15.2375 18.1383 13.2633 -3.9477 20.5086 19.8383 10.3734
-15.2016 7.7180 23.6180 46.0711 49.8219 44.9469 27.7359 52.1922 51.3578 41.8227
-2.2992 1.3125 4.1557 17.2969 21.0477 16.1727 -1.0383 23.4180 22.5914 13.0562
-7.6225 2.5520 11.2758 28.2266 31.1852 27.0219 9.8109 34.2672 33.5969 24.2180
-12.0684 3.4109 14.1680 29.9500 33.7008 28.8258 11.6148 36.0711 35.2367 25.8195
-5.6936 0.4625 4.4615 15.7727 19.5234 14.6484 -2.5625 21.8937 21.0594 12.4867
-16.7168 6.0863 20.1012 44.6703 48.4211 43.5461 26.3352 49.2008 48.5305 40.8609
-13.5855 0.4246 7.4906 24.0977 27.0023 22.1273 4.9164 29.3727 28.7023 19.3078
4.8952 -2.0996 -11.3365 -21.8937 -20.4627 -20.6381 -23.5160 -21.7137 -22.1506 -20.3635
2.2202 -4.7906 -15.6926 -42.8812 -46.3414 -43.2297 -29.1719 -54.4680 -55.1344 -47.3008
-9.4627 0.4174 1.6787 5.5151 6.1537 6.1537 6.7387 2.4648 1.6852 8.2641
-17.2461 10.0023 30.7219 51.7832 55.3289 52.8668 41.7461 50.8686 49.8531 55.5531
-9.5703 -1.3492 -2.3336 -23.9648 -25.1754 -22.9520 -15.1863 -31.7145 -32.7906 -24.9570
-8.1842 -0.4199 -0.6854 -8.2082 -7.1866 -7.7024 -8.1426 -8.1426 -8.1426 -7.0676
-4.1749 0.5155 -0.8250 -8.8289 -3.1422 -8.1938 -25.4047 -2.8422 -3.4422 -11.3922
-5.6936 -3.5438 -7.1953 -25.3141 -26.7219 -24.8605 -16.2289 -30.0273 -30.3910 -26.1180
-0.8081 -6.4686 -19.4680 -51.8406 -56.3859 -52.9719 -37.0133 -62.3094 -63.1398 -56.0875
-0.8081 -8.4426 -24.2094 -55.1172 -59.6477 -56.5359 -41.0625 -66.3586 -67.0250 -59.1914
-0.8081 -5.2363 -15.0504 -36.3211 -40.0883 -36.6750 -23.1117 -48.4078 -49.0742 -41.2406
2.3202 -4.6906 -15.2844 -40.9781 -46.0172 -42.6031 -26.6445 -51.9406 -52.6070 -45.5000
-1.2292 -0.9043 -4.2162 -21.0178 -22.3537 -21.5043 -16.9992 -32.8559 -33.2766 -28.2895
-0.8081 -0.3654 5.0908 16.4016 19.3602 14.9344 -1.9992 18.6281 17.9578 9.2039
-2.6313 0.8727 9.6965 29.5961 33.3469 28.4719 11.2609 35.7172 34.8828 25.3477
-0.8081 -2.3647 -2.6186 8.6922 12.4430 7.5680 -9.6430 14.8133 14.8141 6.0602
-8.8246 1.4805 6.8367 25.6727 29.4234 24.5484 6.9352 29.4758 28.8055 20.0516
-3.8181 1.6962 4.0207 17.9898 21.7406 16.8656 0.3133 24.7695 24.0992 15.3453
-12.0766 1.9336 9.8195 31.7336 35.4844 30.6094 13.3984 37.8547 37.0203 27.4852
-0.8081 -2.2308 -6.2837 -4.4512 0.9414 -3.2219 -20.4328 4.0234 3.3531 -5.9219
-4.1749 1.9813 4.0003 7.1055 11.4000 7.2367 -9.9742 14.4820 13.3961 4.9156
-1.8979 0.2288 -3.4111 -21.7529 -22.3279 -21.3973 -17.4322 -21.7062 -21.6197 -16.6211
4.8952 -2.0996 -16.3180 -49.8695 -54.4148 -51.0008 -35.0422 -60.3383 -61.1609 -54.1086
-1.8979 -2.4462 -11.1672 -41.4320 -46.4711 -43.0570 -27.0984 -52.3945 -53.0609 -45.9539
4.8952 -4.5074 -17.1812 -49.9773 -53.8563 -50.4422 -34.4836 -59.7797 -60.4461 -53.3391
-0.8081 -4.4785 -13.0641 -35.9477 -41.3500 -37.9359 -22.7953 -48.0914 -48.7578 -40.9242
-0.8081 0.4321 2.6403 -5.1711 -7.7887 -6.7926 1.4512 -12.1258 -12.3359 -5.3336
-2.6313 2.4424 10.1070 8.2037 5.3273 6.8832 14.3555 0.8820 0.7270 8.5742
-0.8081 1.9590 8.8926 15.7693 15.2059 15.2059 14.3174 14.6424 14.8497 19.6621
-10.1287 7.4746 26.8117 59.3539 62.3125 56.6742 39.4633 63.9195 63.2492 54.3984
-1.8979 1.0717 2.6576 18.8461 22.5969 17.7219 0.5109 24.9672 24.1328 14.5977
-2.9882 -3.0926 -4.4327 5.5277 9.4828 5.3195 -11.8914 12.5648 11.8945 2.5156
-9.4711 2.4074 12.0883 33.8984 37.6492 32.7742 15.1430 36.0953 35.4250 26.6711
-7.0908 4.9051 12.3773 29.3008 33.0516 28.1766 10.9656 35.4219 34.5875 25.0523
-2.6313 -3.1796 -8.4756 -15.7477 -10.2383 -14.4016 -30.9539 -6.4977 -7.1680 -15.9219
2.3202 -3.4729 -10.5291 -22.2012 -17.8855 -20.8336 -36.9437 -12.4875 -13.1578 -21.9117
-0.8081 -4.0491 -11.8818 -34.2066 -36.4328 -34.2578 -23.4348 -30.0090 -30.4180 -23.6781
0.7160 2.8428 -1.4580 -22.0684 -27.0680 -23.6539 -7.4789 -27.6039 -27.9422 -20.1086
1.9366 -0.8882 -6.4061 -22.4304 -24.4816 -23.5510 -18.5660 -16.0175 -15.7497 -12.5820
-0.8081 0.0071 0.2007 -14.0172 -14.3707 -13.4400 -8.7795 -10.4256 -10.7084 -5.4066
-0.8081 0.0364 -0.8524 -23.7434 -28.7430 -25.3289 -10.1883 -35.4844 -36.1508 -28.3172
-0.8081 -2.0212 -6.2801 -35.1734 -40.5258 -37.1117 -21.9914 -47.2875 -47.9539 -40.1203
-0.8081 -1.6162 -2.4242 -11.6648 -15.0012 -13.4453 -6.1891 -17.3578 -17.4504 -10.7656
-0.8081 1.9590 10.6629 18.5684 21.3953 17.8504 4.8711 25.4984 24.8281 16.0742
-1.2292 4.9195 16.0695 37.7836 41.5344 36.6594 19.4484 43.9047 43.0703 33.5352
-2.9882 4.6303 15.7625 41.3047 44.2633 40.1000 22.8891 47.3453 46.6750 37.2961
-5.6413 0.2494 5.4988 26.9953 30.7461 25.8711 8.6602 33.1164 32.2820 22.7469
-3.1256 -0.9988 -2.0143 6.4777 11.5648 6.6898 -10.5211 13.9352 13.2023 3.6672
-1.8979 0.2288 -1.6333 5.0352 8.7859 3.9109 -13.3000 11.1562 10.3297 1.9883
-2.6313 0.5482 2.7572 16.2922 20.0430 15.1680 -2.0430 22.4133 21.5789 12.0437
-0.8081 -2.2833 -4.5775 0.6164 4.6953 -0.1797 -17.3906 7.0656 6.2391 -2.8117
-0.8081 -1.0722 -1.8291 7.4797 11.2305 6.3555 -10.9516 13.5047 12.8344 4.0805
1.1452 -0.2654 -3.9906 -10.1473 -8.4822 -9.2195 -17.6348 -4.2949 -4.6613 -7.2711
-2.6313 0.5482 -2.8523 -21.3178 -19.6195 -19.0273 -22.3145 -13.4207 -13.6637 -15.7639
0.3952 1.4508 3.5470 0.5460 1.1541 1.4786 0.3531 11.4719 11.1719 7.1039
-0.8081 -0.6429 -1.0835 -9.4722 -9.6336 -8.6839 -8.3500 -1.0637 -0.1695 -5.7379
-2.6313 2.4424 9.0664 7.9076 7.7389 8.6695 12.6346 8.0356 7.7527 10.9184
-0.8081 -1.6162 -3.3424 -14.9508 -16.2789 -16.4965 -14.4797 -24.1102 -24.8434 -19.9777
-4.1749 1.7644 6.0835 -2.6793 -5.6277 -2.8586 10.2016 -10.4867 -10.7594 -3.6359
-0.8081 -1.6162 -0.7860 -7.4555 -9.5770 -7.4313 2.7254 -13.8027 -14.7227 -7.7203
-6.8803 5.2082 21.1516 50.9422 54.6930 49.8180 32.6070 57.0633 56.2289 46.6937
-1.8979 4.6650 14.3074 37.2844 41.0352 36.8594 19.6484 44.1047 43.4344 34.5320
-5.6936 0.2457 6.9602 28.8742 32.6250 27.7500 10.5391 34.9953 34.1609 24.6258
-9.3711 2.5074 12.2801 34.1937 37.9445 33.0695 15.8586 40.3148 39.4805 30.7898
-1.5416 1.4280 4.8973 21.5039 25.2547 20.3797 3.1688 27.6250 26.7906 17.2555
-0.8081 -1.6162 -1.5063 6.1613 11.6703 6.7953 -10.4156 14.0406 13.2312 4.4773
-0.1642 1.5149 3.4180 16.9617 20.7125 15.8375 -1.4695 22.9867 22.3164 14.2422
-5.6936 1.9248 9.4043 28.6617 32.3703 28.2070 11.6547 36.1109 35.4406 26.6867
-0.8081 -1.0146 -3.2013 2.4023 6.1531 1.2781 -15.9328 8.5234 7.6969 -1.7352
-0.8081 -4.4785 -12.9508 -19.7193 -17.2629 -18.0000 -26.6930 -15.5742 -15.8742 -19.8492
-0.8081 -6.8980 -24.2008 -57.2898 -60.4430 -57.3148 -46.0949 -62.2984 -63.2664 -55.0680
2.3202 -6.6650 -18.8969 -52.0281 -56.5734 -53.1594 -37.2008 -62.4969 -63.3508 -56.2984
-1.2292 -4.5252 -13.5668 -41.5887 -47.3469 -43.9328 -28.8000 -54.0961 -54.7625 -46.9289
-0.8081 -4.8224 -9.4677 -25.9020 -29.2000 -26.6422 -18.7645 -32.2379 -32.3930 -24.2281
-0.8081 -3.6051 -9.1230 -34.2578 -38.8031 -35.3891 -20.2484 -45.5445 -46.2109 -38.3773
-0.8081 -5.6957 -15.3867 -38.6359 -43.9852 -40.5711 -25.4305 -50.7266 -51.3930 -43.5594
-0.8081 -2.3647 -5.8965 -26.6297 -31.9820 -28.5680 -13.4477 -38.7438 -39.4102 -31.5766
-0.8081 -3.6051 -6.0168 -20.3727 -24.9000 -22.1000 -8.0836 -33.0508 -33.7172 -25.8836
-0.8081 -1.6162 -2.4242 -12.8340 -16.6016 -13.5172 0.5609 -24.7352 -25.4016 -17.5680
-1.2292 1.7404 2.7926 -2.7796 -5.2900 -4.3594 -0.4404 -11.2812 -11.3738 -5.3117
-2.9882 2.1121 9.3672 25.6266 28.9133 25.1250 9.0148 31.8844 31.2141 23.9039
-1.8979 0.9717 3.0827 5.6333 7.4055 5.6303 -2.1727 18.1477 17.0570 9.3875
-0.8081 -2.4950 -4.8095 -12.0201 -11.8342 -10.5746 -8.0603 -10.3597 -10.4202 -8.6330
-2.9882 -0.0671 0.1769 -13.7883 -16.0723 -13.5887 -2.3688 -18.1387 -18.7789 -11.3633
2.3202 -4.3463 -15.5871 -42.0734 -46.7000 -43.2859 -27.3273 -52.6234 -53.2898 -46.1828
-1.5416 3.9728 6.3863 5.5669 4.5521 3.6864 2.8132 3.1382 2.4756 8.6945
2.3202 -1.6137 -12.1812 -41.1418 -43.1414 -40.9957 -31.7234 -52.0867 -52.4250 -44.5914
2.2202 -1.7137 -9.9824 -38.1770 -41.6250 -38.8555 -26.2281 -49.6508 -50.3172 -42.4836
1.8952 -1.2664 -5.8955 -14.9779 -13.1754 -15.3883 -23.6289 -14.7352 -14.9781 -16.7381
-0.8081 -1.0146 -3.3292 -21.5906 -24.8813 -22.3012 -16.9746 -23.8738 -24.0557 -21.9191
4.8952 -0.9904 -10.8980 -37.0133 -41.5438 -38.1547 -22.1961 -47.4922 -48.1586 -40.8563
2.3202 -3.9023 -11.2789 -28.5354 -31.0055 -29.4496 -22.6270 -36.5328 -37.6094 -29.7758
0.0116 0.2172 -5.9387 -34.4031 -39.7523 -36.3383 -21.1977 -46.4938 -47.1602 -39.3266
1.9366 0.1977 -1.2319 -6.1761 -5.6174 -6.5036 -10.5215 -6.0746 -6.1961 -6.7048
-0.8081 0.0453 2.1220 13.0117 16.7625 11.8875 -4.6648 19.7914 19.5164 11.1320
-2.6313 4.1559 15.6809 40.1469 43.0516 37.3352 20.1242 44.5805 43.9102 34.6484
-6.1193 4.4953 16.3602 45.8219 49.5727 44.6977 27.4867 51.9430 51.1086 41.5734
-6.1229 3.8346 16.0055 48.1258 51.8766 47.0016 29.7906 54.2469 53.3656 44.8680
-2.9882 -0.0671 4.2773 23.5352 27.2859 22.4109 4.7977 27.0352 26.4352 18.4852
-1.2292 1.6292 5.8328 23.8305 27.5812 22.7062 5.4953 29.9516 29.1172 20.2313
-0.8081 2.5993 8.2770 29.7687 33.5195 28.6445 11.4336 34.2992 33.6289 24.8750
-0.8081 -0.1717 4.3344 25.8266 29.5773 24.7023 7.4914 31.9477 31.1133 21.5781
-1.8979 1.0717 4.5406 21.7953 25.5461 20.6711 3.3641 27.8203 27.1500 18.3961
-0.8081 -1.6162 -2.3842 9.5805 13.3313 8.4563 -8.7547 14.1109 13.4406 4.6867
-0.8081 -4.0491 -8.0054 -7.6393 -2.8168 -5.7648 -21.8750 2.5812 1.9109 -6.8430
-0.8081 -4.4785 -13.0641 -21.9284 -20.5513 -20.5513 -21.0186 -18.7951 -18.8559 -19.6515
1.8952 -3.0246 -16.3617 -46.8844 -50.7633 -47.3492 -32.2289 -57.5250 -58.1914 -50.3578
-0.8081 -4.0107 -14.5785 -40.3719 -42.2703 -39.8137 -27.5586 -45.9543 -47.3078 -39.8836
2.3202 -2.8158 -14.6008 -40.5223 -41.9203 -40.0848 -31.1816 -47.7098 -48.6289 -41.6266
-0.8081 -2.4841 -9.6480 -34.6117 -39.1570 -35.7430 -20.6227 -45.9188 -46.5852 -38.7516
-1.8979 1.0717 2.1353 0.9561 2.3201 0.5477 -5.0537 4.1500 4.2320 1.3855
-2.6313 2.4424 9.3760 23.3438 27.0945 22.2195 4.5883 27.1328 26.4625 17.7086
-1.8979 4.6801 14.6445 44.0094 47.7602 42.8852 25.6742 50.1305 49.3039 40.2703
-2.9882 2.0936 9.9797 33.2859 37.0367 32.1617 15.6094 40.0656 39.3953 30.6414
-5.6936 1.5262 8.2406 30.1547 33.9055 28.1891 10.9781 35.4344 34.7641 25.5023
-0.8081 -0.1717 1.3290 8.4551 13.2328 8.3117 -8.8992 15.5570 14.8867 5.5078
-3.1256 0.0539 0.0623 5.1691 9.9156 5.0406 -12.1703 12.2859 11.5297 1.9945
-0.8081 -1.6849 -3.8604 -8.3904 -2.5938 -8.2328 -25.4438 -0.9875 -1.6578 -10.5602
2.3202 -2.8078 -7.5223 -15.0451 -13.2730 -13.8918 -19.0529 -10.1592 -10.0174 -12.4051
-0.8081 -0.5853 -0.5853 -0.8914 3.3492 -1.5258 -18.0781 6.3781 5.7078 -3.0461
-0.8081 -1.0146 -1.8836 2.2801 4.6242 0.2535 -11.0070 11.2305 10.4602 2.8469
2.3202 0.3686 -0.6314 -1.7238 3.3633 -1.5117 -18.7227 5.7336 5.0008 -4.0328
-0.8081 0.3741 3.6186 13.5793 19.0500 14.8867 -2.3242 22.1320 21.4617 12.0828
-0.8081 -0.5967 -1.2456 2.9180 8.0938 3.1625 -14.0484 10.4078 9.7375 0.4758
1.8952 1.8952 2.7119 16.2703 20.0211 15.1461 -2.0648 22.3914 21.5648 12.0297
-0.8081 -0.1717 3.7225 19.9148 23.6656 18.7906 1.5797 26.0359 25.2016 15.6664
-0.8081 -0.1717 2.4779 15.9289 19.6797 14.8047 -2.4062 22.0500 21.2234 12.2648
-0.8081 -0.1717 2.9914 16.6727 20.7555 16.5797 -0.6313 23.8250 23.1547 14.2523
-0.8081 -2.9241 -6.5559 -5.0111 -0.9156 -5.3469 -22.9828 1.4734 0.8031 -7.9742
1.1452 2.1937 5.0289 18.2844 22.3633 17.4883 0.2773 24.7336 23.9070 14.3719
-0.8081 -1.6162 -1.4173 6.6414 11.0523 6.1773 -11.0336 13.4227 12.6273 3.0922
-5.4749 1.5129 10.8426 34.9914 38.7422 33.8672 16.2359 38.7766 38.1063 29.3523
-0.8081 -1.6162 -0.7834 13.1961 16.9469 12.0719 -4.4805 19.9758 19.3055 10.5516
-5.4749 0.4158 4.9617 17.7000 21.7789 16.9039 -0.3070 22.1422 21.8180 13.0641
-0.8081 -1.6162 -1.1693 12.0758 16.1547 11.2797 -5.9313 16.9344 16.2641 7.5102
-0.8081 -2.0212 -5.3320 -14.5007 -13.1801 -14.0663 -17.6629 -10.9930 -10.7895 -12.3808
2.3202 -1.2817 -9.9879 -30.9813 -30.5193 -29.8984 -26.3475 -30.6215 -31.4043 -25.6289
2.3202 -1.9578 -12.4098 -44.2410 -50.0000 -46.5859 -30.6273 -55.9234 -56.5898 -49.4672
-0.8081 -4.8224 -10.6687 -25.0977 -28.4461 -26.2711 -16.9359 -34.6781 -34.9508 -27.5352
-0.8081 -4.8224 -11.8746 -31.7590 -36.3328 -33.2484 -16.9648 -42.2609 -42.9273 -35.1641
-0.8081 -2.4960 -1.5524 -3.3869 -2.8152 -4.6344 -11.7793 -2.8855 -3.1285 -6.3111
-0.8081 -0.4522 0.6000 3.6789 7.7578 2.8828 -14.3281 8.5375 7.8672 0.1977
-2.9882 -0.0671 2.9742 17.9016 21.6102 16.6891 -0.5219 23.9344 23.2641 14.5344
-2.9882 3.5748 13.5391 40.6688 44.4195 39.5445 22.3336 46.7898 45.9555 37.0695
-2.9882 -0.0671 3.9527 22.4875 26.5664 21.6914 4.4805 28.9367 27.7508 19.3398
-1.8979 1.0717 4.5406 21.1477 24.8984 20.0234 2.8125 27.2687 26.9937 19.0438
-0.8081 -3.6051 -4.9453 4.7137 10.5555 5.6805 -11.5305 12.9258 12.1930 3.1680
-0.8081 -1.3315 -2.0187 11.2273 15.3062 10.4312 -6.7797 17.6766 16.8500 7.3148
-2.9882 -0.0671 1.4377 15.4023 19.1531 14.2781 -2.9328 21.5234 20.6891 11.3680
-2.9882 -0.0671 4.2773 25.7695 29.5203 24.6453 7.4344 31.8906 31.0562 21.5211
-0.8081 -1.6162 -1.5140 5.4035 10.8625 7.3984 -9.8125 14.6438 13.9734 5.0711
-0.8081 -0.5967 -1.7981 6.4812 10.5602 5.6852 -11.5258 12.9305 12.1039 2.5687
-0.8081 0.8839 3.7383 8.1602 11.9719 9.9074 -2.4789 21.9773 21.3070 12.5531
-2.9882 1.0300 4.1902 17.4641 21.5430 16.6680 -0.5430 23.9133 23.1523 14.3984
-0.8081 -1.6162 -1.4173 8.8836 13.2945 8.4195 -8.7914 15.6648 14.8695 5.3344
-0.8081 -2.0212 -5.7684 -2.3500 2.0609 -2.8141 -19.3664 5.0898 4.4195 -4.3344
-2.9882 -2.6633 -2.8794 -1.8971 1.5789 -2.0203 -15.0000 5.6273 4.9570 -3.7969
-8.1799 1.3525 4.7603 9.0133 13.8016 8.8805 -8.3305 16.1258 15.4555 6.0766
-2.7695 0.4100 -2.0245 -9.2380 -7.1246 -8.4541 -13.6152 -6.6203 -6.8035 -9.1912
-2.9882 -1.3978 -3.2566 -14.0288 -13.1847 -14.3980 -16.5413 -12.0944 -12.2159 -13.4708
-0.8081 -1.0429 -6.3139 -26.2418 -28.9594 -27.9340 -17.9488 -31.7473 -32.9730 -26.3695
-0.8081 -0.5967 0.4435 -5.9183 -7.5635 -5.9641 -0.3314 -6.9057 -6.8777 -0.5469
-17.4785 3.1242 19.5375 50.8391 53.7977 49.3719 33.2617 57.7180 57.0477 48.2938
-2.9882 -0.1148 4.0664 20.6148 25.0414 20.1664 2.9555 27.4117 26.6789 17.1437
-2.2750 1.7582 7.4359 25.8625 29.6133 24.7383 7.5273 31.9836 31.1492 21.6141
-17.4785 5.4148 26.5375 58.9828 62.7336 57.8586 40.6477 65.1039 64.2773 54.7422
-7.4189 1.4900 9.5820 27.2547 31.0055 26.1305 8.9195 33.3758 32.5414 23.0063
-7.6377 -0.7120 -1.9057 -0.3039 4.4430 -0.4320 -17.6430 6.8133 6.0570 -3.4023
-0.8081 -3.3684 -11.1887 -33.1281 -34.5219 -32.9949 -26.6250 -42.3949 -43.0352 -34.8367
-0.8081 -2.2308 -8.8461 -29.3738 -33.8910 -31.4074 -18.3477 -43.6437 -44.3102 -36.4766
-0.8081 -0.6429 -1.0760 -10.3308 -12.0646 -11.1340 -7.2150 -16.0879 -16.1230 -9.7000
2.3202 1.6606 2.0483 -10.0039 -12.3086 -10.4473 -2.4172 -25.0766 -25.4789 -17.6453
4.8952 -2.0996 -13.1152 -45.9117 -50.4570 -47.0430 -30.8039 -55.7711 -56.4375 -48.6039
-3.8181 1.7076 2.9647 -12.5691 -17.1437 -14.3438 -2.1578 -27.4539 -28.1203 -20.2867
-0.8081 1.9590 10.9707 25.7094 29.3281 24.9023 8.7922 33.2484 32.5781 23.8242
-0.8081 1.5831 5.1334 14.6809 17.3547 13.1445 -4.0664 20.3898 19.7195 10.5555
-1.8979 1.0717 4.5406 21.1477 24.8984 20.0234 2.8125 27.2687 27.3188 18.5648
-5.4749 1.5129 11.4773 38.6078 42.3586 37.4836 20.2727 44.7289 43.8945 34.3594
-0.8081 -1.6162 1.5605 20.8180 24.5688 19.6938 2.4828 26.9391 26.1047 16.5695
-0.8081 -1.6162 1.1539 15.3805 19.7914 14.9164 -2.2945 22.1617 20.9648 13.0148
-0.8081 1.1695 3.4672 18.5125 22.2633 17.3883 0.1773 24.6336 23.8070 14.2719
-2.9882 0.6050 5.1148 25.7648 29.5156 24.6406 7.4297 31.8859 31.0516 21.5922
-5.4588 3.0252 10.9109 32.8250 36.5758 31.7008 14.4898 38.9461 38.1117 28.5766
-3.1256 -2.8007 -2.7076 4.2406 7.3230 3.0129 -9.9664 10.3539 9.2633 0.4172
-2.3271 3.6122 7.4062 23.9398 27.6906 22.8156 5.6047 30.0609 29.2344 19.6992
-3.4174 3.5775 10.5229 24.1898 29.0312 23.3148 6.1039 30.5602 29.8898 20.6281
-1.2292 1.7404 5.2094 21.0000 24.7508 19.8758 2.6648 26.7008 26.4258 17.6719
-3.4174 2.5220 7.8898 22.1984 25.9492 21.0742 3.8633 28.3195 27.4930 18.4961
-0.8081 -1.6162 -0.7834 12.8836 16.9625 12.0875 -5.1234 18.9125 17.8219 8.9727
-0.8081 -5.2664 -11.6264 -9.2820 -4.8711 -9.7461 -26.9570 -2.5008 -3.2961 -12.8313
-0.8081 -4.4785 -13.6383 -22.9531 -17.2055 -21.3687 -38.5797 -14.5437 -14.8680 -23.7180
2.3202 -3.9023 -13.2793 -33.7590 -36.3914 -33.8336 -24.9129 -40.6828 -41.3227 -33.9062
2.3202 -1.1940 -7.9285 -31.6398 -36.5867 -33.1727 -17.2141 -42.5102 -43.1766 -36.0695
4.8952 -4.4959 -17.6742 -48.7949 -52.5512 -50.0676 -38.8937 -61.2281 -61.8945 -54.0609
-0.8081 -2.9390 -10.8719 -38.3117 -43.3008 -39.9117 -23.9531 -49.2492 -49.9156 -42.6133
-0.8081 -1.4248 0.7833 -0.6758 -0.2712 -0.3898 -4.4076 0.0393 -0.0822 -0.5909
-2.6313 1.4133 5.8296 16.7508 20.5016 15.6266 -1.5844 20.9781 20.6328 11.8789
-4.9326 4.2008 18.5805 51.1227 54.0273 49.1523 31.9414 56.3977 55.7273 46.8344
-6.5486 11.0426 31.0930 63.6352 67.3438 61.7016 44.4906 68.9469 68.2766 59.0148
-11.9594 8.9500 27.1016 59.6437 63.3945 57.6781 40.4672 64.9234 64.6484 56.2375
-8.3986 -0.3283 1.2652 12.1547 15.9055 11.0305 -5.5219 18.9344 18.2641 9.5102
-9.7961 6.7586 15.2871 29.2672 33.0180 28.1430 10.9320 35.3883 34.5617 25.5539
-4.1749 1.9813 4.5152 14.2492 18.0000 13.1250 -4.0859 20.3703 19.5438 10.0086
-19.8516 11.1391 34.4031 66.0984 69.8492 64.9742 47.7633 72.2195 71.3852 62.6945
-14.6117 7.8828 21.9797 49.2062 52.9570 48.0820 30.8711 55.3273 54.4930 46.1516
-11.0520 -0.0119 3.6932 9.1062 13.5172 8.6422 -8.5688 15.8875 15.0922 5.5570
2.9702 1.2313 -1.4960 0.5344 4.4352 -0.4398 -17.6508 6.8055 6.1352 -2.7492
-2.6313 -0.2022 4.7555 18.0984 22.5211 17.6461 0.4352 24.8914 24.1586 14.6234
2.3202 -2.8346 -7.6828 -8.6750 -4.4344 -9.3094 -26.5203 -2.0641 -2.7344 -11.6273
-0.8081 -1.6162 -2.5821 -5.0930 -0.2719 -3.6625 -20.8734 3.5828 2.9125 -5.9898
-0.8081 -1.6162 -2.5821 -8.7122 -6.7109 -7.4480 -15.7371 -2.3973 -2.7637 -7.9895
-0.8081 -1.8097 -6.1104 -16.8425 -14.5375 -16.2082 -28.2570 -4.2211 -4.5664 -13.3203
-0.8081 -3.3684 -13.6223 -42.6195 -43.3937 -44.6566 -48.3654 -38.8570 -38.3016 -45.8898
-1.8979 1.0717 0.9560 -3.2898 1.4570 -3.4180 -20.6289 3.8273 3.0711 -6.4641
-0.8081 -1.8016 -4.5567 -12.6317 -10.0844 -11.2617 -22.4883 0.0523 -0.6180 -9.3719
-0.8081 -3.2379 -13.0559 -41.4414 -43.8980 -42.8727 -35.0070 -48.4805 -49.0094 -42.9473
-0.8081 -2.2308 -7.3004 -29.7117 -34.7508 -32.1531 -19.0930 -39.4562 -39.7945 -31.9609
-0.8081 -2.0212 -4.3357 -11.9515 -10.0211 -11.3506 -16.5117 -7.6180 -7.8609 -9.9611
-0.8081 0.8457 5.5865 19.1258 22.8766 18.0016 0.7906 25.2469 24.4125 14.8773
-3.0605 3.5023 8.9547 20.2656 23.1820 19.4672 2.9367 25.4813 24.8109 15.9602
-0.8081 -1.0146 -0.9477 13.0094 16.7602 11.8852 -5.3258 19.1305 18.2961 8.7609
-4.8804 1.2758 3.9254 14.6320 19.0430 14.1680 -3.4453 19.0992 18.4289 9.5781
-3.0605 2.4538 4.4730 9.4691 13.4234 9.2602 -7.9508 16.5055 15.8352 6.9859
-1.8979 0.2288 -3.0820 -10.9484 -9.2957 -10.1819 -13.4766 -4.5828 -4.8258 -6.9260
0.3952 -0.4780 -9.2875 -35.8406 -38.0727 -35.5891 -24.8215 -43.2172 -43.4273 -36.4242
2.3202 -4.0332 -17.5918 -44.4109 -48.9562 -45.5422 -29.5836 -54.8797 -55.7102 -48.6578
4.4702 0.5363 -12.1367 -43.8055 -47.5180 -44.7180 -31.0750 -56.3711 -57.0375 -49.2039
-0.8081 -0.2293 1.9789 0.1364 0.3571 0.3571 -0.1102 2.1133 2.0014 2.7136
-2.6313 6.0617 19.1801 43.3281 47.0789 42.2039 24.9930 49.4492 48.6148 39.0797
-4.9326 7.7941 25.9453 58.4875 61.4461 57.2828 40.0719 64.5281 63.8578 54.4789
-5.6936 0.2457 6.9641 30.2703 34.0211 29.1461 11.9352 35.9711 35.6258 26.8719
-11.7406 6.7195 22.2680 54.8102 58.5609 53.6859 36.4750 60.8297 59.3781 49.8430
-8.3463 0.4514 6.4543 25.7117 28.6703 24.5070 7.2961 31.7523 31.0820 21.7031
-3.8181 3.1697 11.6824 33.5969 37.3477 32.4727 15.2617 39.7180 38.8836 29.3484
-7.4029 1.0924 5.9502 19.9367 23.6453 19.4820 2.2711 26.7273 25.6414 17.6914
-2.9882 -0.4679 -0.7840 1.3652 5.8703 2.4797 -14.7312 9.3047 9.0297 0.2758
-10.3908 2.5438 13.2977 32.1453 35.8961 31.0211 13.8102 38.2664 37.4320 28.9344
-2.9882 -0.4679 0.3795 9.9426 13.9008 9.7375 -7.4734 16.9828 16.3125 6.9336
-1.8979 0.6581 1.5057 14.2086 17.9594 13.0844 -3.4680 20.9883 19.9023 11.5172
-2.3271 -0.6363 -2.4942 2.5125 7.2594 2.3844 -14.8266 9.6297 8.8734 -0.6617
-7.3096 7.7566 20.6867 47.9133 51.6641 46.7891 29.5781 54.0344 53.2000 43.6648
-13.5855 0.4246 8.5277 30.0203 33.7711 28.8961 11.6852 36.1414 35.3070 25.7719
-15.1938 4.0098 15.1852 36.6773 39.5781 34.7031 17.4922 40.3578 39.6875 30.9336
-3.1678 1.5080 2.5685 11.2352 14.9859 10.1109 -7.5203 15.0203 14.3500 5.5961
-15.5301 2.9125 17.6250 47.0867 50.8375 45.9625 28.7516 53.2078 52.1141 44.1641
-9.5332 1.5068 6.7781 17.5059 21.8766 18.4859 1.2750 25.7313 25.0609 16.1586
-8.3463 -0.2760 2.3660 13.6969 17.4477 12.5727 -4.6383 19.8180 18.9914 9.4563
-0.5278 -0.3222 -2.1801 1.5367 5.2875 0.4125 -16.7984 7.6578 6.8313 -1.6664
2.3202 -1.6137 -8.9902 -19.2599 -13.8156 -18.7430 -35.9539 -11.4977 -12.1680 -21.2344
-0.8081 -1.8097 -6.1104 -13.6333 -11.1770 -12.2385 -18.9621 -7.8434 -8.1434 -12.1184
-0.8081 -1.8097 -4.1242 -6.6910 -3.2129 -4.8367 -15.6484 6.5891 5.4984 -3.2555
-0.8081 -1.8097 -6.2186 -19.9008 -19.7527 -18.7461 -17.0865 -12.6396 -12.8004 -12.8004
4.8952 -3.3168 -18.6336 -50.7367 -53.7734 -50.9734 -37.5566 -55.9523 -56.4359 -49.8406
-0.8081 -1.8097 -8.1898 -23.1263 -22.8278 -22.8278 -22.8278 -22.8278 -22.8278 -23.5632
-1.2292 2.4019 3.0172 -6.0564 -3.6584 -4.1015 -5.0090 -2.7856 -2.8463 -3.6420
-0.8081 -1.6887 -6.5418 -19.3186 -17.1500 -20.4758 -36.2508 -11.7945 -12.4648 -21.2188
-1.8979 1.0717 4.3201 6.8061 7.3777 6.0482 0.8871 9.7809 9.5379 7.7742
-2.6313 -0.0752 0.8835 -1.2574 -0.4998 -2.2707 -8.3992 7.4746 7.5859 -0.8953
-2.9882 -3.1073 -5.6266 -16.5924 -16.4900 -16.6828 -20.6020 -5.0371 -4.9102 -11.8938
-0.8081 -1.8016 -6.9869 -29.2625 -33.8531 -30.4391 -14.8641 -37.8516 -38.4523 -31.0367
2.3202 -3.6041 -16.1414 -42.9609 -47.5062 -44.0922 -28.1336 -53.4297 -54.2602 -47.2078
2.3202 -1.9425 -6.7691 -18.8791 -19.2921 -18.9817 -17.9181 -17.9181 -17.9181 -17.3146
-0.8081 -1.4248 0.7833 -0.6080 4.8961 1.5055 -15.7055 8.3305 7.2398 -1.6102
-2.6313 1.3939 6.1350 17.4461 21.1969 16.3219 -0.8891 23.5672 22.7328 14.2352
-3.8181 3.8268 11.7125 35.0187 38.7695 33.8945 16.6836 41.1398 40.3055 30.7703
-6.5486 3.3158 11.2016 33.0187 36.7695 31.8945 14.6836 39.1398 37.9117 29.5008
-2.6313 1.6304 5.0109 14.1266 18.5375 13.6625 -3.5484 20.9078 20.1125 10.5773
-14.0203 6.1391 21.6180 48.4234 52.1742 46.4578 29.2469 53.2828 52.9375 44.1836
-10.7203 3.1742 14.6586 35.6453 39.3000 34.4250 17.2141 41.6703 41.0000 31.6812
-4.7140 -0.7888 2.1738 12.2523 16.0031 11.1281 -6.0828 18.3734 17.5469 8.0117
2.9702 -1.0643 -4.8086 -14.1461 -11.1172 -14.3961 -30.1711 -5.7148 -6.3852 -15.2391
0.3952 -2.1051 -8.0441 -21.7496 -18.9535 -20.0150 -26.7387 -15.3121 -15.6785 -20.2574
-8.5898 3.9309 13.3949 28.4715 32.3727 27.4977 10.2867 34.7430 34.0727 24.6781
-6.3139 2.9201 9.4365 19.8191 23.7352 20.0766 4.7375 29.1938 28.5234 19.7695
-2.9882 1.0370 6.4086 25.2445 28.9953 24.1203 6.9094 31.3656 30.5312 20.9961
-2.9882 -0.0671 2.6646 16.6258 20.3766 15.5016 -1.7094 21.1602 20.4898 11.7359
-10.8814 0.9490 10.4699 32.2875 36.0383 31.1633 13.9523 38.4086 37.5820 28.0469
-1.8979 -0.0881 -0.3157 8.1867 11.9375 7.0625 -10.1484 14.3078 13.4812 5.3320
-4.2475 3.8229 7.2922 24.5562 28.3070 23.4320 6.2211 30.6773 29.8508 20.3156
-0.8081 -1.8097 -3.1346 4.0891 9.2625 4.3875 -12.8234 11.6328 10.9000 1.8680
-0.8081 -2.0212 -6.4334 -9.0789 -4.6680 -9.5430 -26.7539 -2.2977 -3.0930 -11.6656
1.1452 0.7159 -3.5849 -9.5402 -3.3633 -8.2383 -24.7906 -0.3344 -1.0047 -9.7586
-0.8081 -1.6162 -3.6832 -7.4253 -5.4201 -6.1113 -11.2725 -2.3787 -2.6217 -5.8043
-1.2292 0.1513 -3.8137 -15.0861 -15.4434 -14.5127 -9.1238 -18.3217 -18.2941 -13.7969
2.3202 -2.8158 -16.1445 -43.6914 -47.4617 -44.3500 -28.8047 -54.1008 -54.7672 -46.9336
-0.8081 -2.9241 -11.6453 -33.6969 -34.4313 -32.9297 -26.5125 -38.0062 -38.3066 -34.7449
-0.8081 -1.8417 -9.8867 -38.5539 -43.0992 -39.6852 -24.1102 -47.0977 -48.1359 -40.3023
-0.8081 0.8918 0.0814 -11.9600 -12.8748 -11.9441 -7.9791 -12.5780 -12.6989 -11.2746
-2.6313 6.0617 16.1539 24.2271 27.0246 25.2521 18.5285 29.9520 29.8535 24.2852
-2.9882 -0.1077 1.9109 3.1883 9.7094 4.8344 -12.3766 12.0797 11.3625 1.8273
-14.7805 4.4375 18.3016 36.9547 41.0336 36.1586 18.9477 43.4039 42.5773 33.0422
-11.7445 9.6668 29.7180 62.2602 66.0109 61.1359 43.9250 68.1469 66.6953 57.1602
-9.3668 6.1125 21.6602 52.6055 55.5641 50.6430 33.4320 57.8883 57.2180 47.8391
-0.8081 -1.6162 0.5195 19.3555 23.1063 18.2313 1.0203 25.4766 24.6422 15.1820
-0.8081 -1.8184 -2.6135 11.9859 15.7367 10.8617 -6.3492 18.1070 17.2727 7.7375
1.8952 3.4814 9.0281 33.1766 36.9273 32.0523 15.4039 39.8602 39.1898 30.4359
-5.3619 4.1891 12.7059 34.6203 38.3711 33.4961 16.2852 40.7414 39.6477 32.0570
-1.2292 2.2710 5.3342 17.8547 22.2656 17.3906 0.1797 24.2156 24.3266 15.9156
-14.4367 6.8820 23.6023 56.1445 59.1031 54.9398 37.7289 62.1852 61.5148 52.1359
-12.4977 5.2203 19.7305 49.5172 53.2680 48.3930 31.1820 55.6383 54.8117 46.3141
-3.4174 2.4220 7.7898 22.5211 26.6000 21.7250 4.5141 28.9703 28.1437 18.6086
-14.0203 6.3438 23.0633 54.7586 58.5094 53.6344 36.4234 60.8797 60.0453 50.5102
-3.4174 2.4220 7.7898 25.0531 27.9148 22.9937 5.7828 30.2391 29.5688 21.5008
-4.5520 1.7123 6.9836 22.0047 25.7555 20.8805 3.6695 28.1258 27.2914 17.9703
-13.5938 -0.0049 10.0891 32.3211 36.0719 31.1969 13.9859 38.4422 37.6078 28.0727
-1.2292 -0.9043 -0.3857 8.2859 12.0367 7.1617 -10.0492 14.4070 13.5805 4.0453
-4.5520 4.3570 11.6270 28.2523 32.0031 27.1281 9.9172 34.3734 33.5469 24.0117
-7.8365 4.0422 14.1359 37.8633 41.6141 36.7391 19.5281 43.9844 43.1500 33.6148
-0.8081 -1.6162 -0.7834 13.1969 16.9477 12.0727 -5.1383 19.3180 18.4914 8.9563
-13.5938 -0.3152 7.5707 30.1266 33.8773 29.0023 11.7914 34.6570 33.9867 25.2328
-3.4174 2.5220 6.6373 20.3141 24.3930 19.5180 2.3070 26.7633 25.9367 16.4766
-12.4977 4.4820 13.4203 32.9953 35.8570 30.9359 13.7250 37.7609 36.6703 27.9164
-15.3016 5.0625 19.5727 49.4562 53.2070 48.3320 31.1211 55.5773 54.7430 45.2078
-5.6936 -0.1679 1.4182 17.6031 21.3539 17.1781 -0.0328 24.4234 23.7531 14.8508
-1.2292 3.4466 4.7076 20.0672 23.8180 18.9430 1.7320 26.1883 25.3539 15.8188
-1.2292 0.8976 -2.0696 6.6461 11.0570 6.1820 -11.0289 13.4273 12.6320 5.0980
-15.2016 7.2930 19.9219 47.1539 50.9047 46.0297 28.8188 53.2750 52.4406 42.9055
-14.0230 5.9160 21.4680 53.9133 56.8180 51.9430 34.7320 59.1883 58.5180 49.1234
-19.8516 8.9969 29.4883 59.6969 62.6016 57.7266 40.5156 64.9719 64.3016 54.9070
-3.5548 4.0906 7.2504 19.3461 23.4250 18.5500 1.3391 25.7953 24.9688 15.4336
1.8952 1.0220 -2.6098 3.1359 7.2148 2.3398 -14.8711 9.5852 8.7586 -0.2484
-0.8081 -2.2308 -7.8412 -22.8637 -24.2617 -22.3234 -16.9078 -23.1375 -23.4801 -17.7684
2.3202 -2.8312 -15.0516 -48.2742 -52.8195 -49.4055 -33.4469 -58.7430 -59.5656 -52.5133
-0.8081 -4.0343 -8.6634 -18.6854 -20.8299 -19.5129 -17.4316 -21.7055 -21.6189 -16.3145
-0.8081 -1.8016 -4.1161 -10.8713 -7.1750 -9.5641 -20.9828 -3.1953 -3.6813 -10.0465
-0.8081 -0.5853 -2.3395 -1.4801 3.3633 -1.5680 -18.7789 5.6773 5.0070 -3.3812
-2.6313 0.8689 4.9648 23.8055 26.7102 21.8352 4.6242 29.0805 28.4102 19.5430
-0.8081 2.6315 10.3859 36.2562 39.2148 35.0516 17.8406 42.2969 41.6266 32.2477
-1.2292 2.7890 9.5070 31.4211 35.1719 30.2969 13.7445 38.2008 37.5305 28.7070
-2.3271 4.9970 10.6746 32.1672 35.1258 30.9625 13.7516 38.2078 37.5375 28.1586
-1.2292 4.2852 9.9629 29.2250 32.8797 28.0047 10.7937 35.2500 36.0500 27.2961
-2.3271 4.2471 9.9250 29.0781 32.8289 27.9539 10.3406 32.8812 32.2109 23.4570
-7.2572 7.1672 18.3148 42.8844 46.6352 41.7602 24.5492 49.0055 47.7695 39.3617
-0.8081 -1.6162 -0.7834 10.7609 14.5117 9.6367 -7.5742 16.8820 15.7961 7.7617
-8.7756 3.1031 12.1461 26.4586 30.2094 25.3344 8.1234 32.5797 31.7531 22.2180
-1.2292 4.2852 9.6562 23.4578 27.9516 23.7414 6.5305 30.9867 30.3164 20.9375
-7.2572 4.6215 15.4355 39.1625 42.9133 38.0383 20.8273 45.2836 44.4492 34.9141
-4.1749 1.7644 8.4789 32.6273 36.3781 31.5031 14.2922 38.7484 37.9141 28.3789
-3.1256 -0.1560 3.1359 19.7500 23.5008 18.6258 1.4148 25.8711 25.1023 16.3484
-0.8081 -2.0212 -3.0367 8.1773 11.9281 7.0531 -10.1578 14.2984 13.4641 3.9289
-0.8081 -1.6162 -1.4173 2.8621 8.7086 3.8336 -13.3773 11.0789 10.3617 0.8266
-1.2292 4.2852 9.9629 31.4547 35.2055 30.3305 13.1195 37.5758 36.7414 27.2062
-0.8081 -1.6162 -0.7834 15.4203 19.1711 14.2961 -2.9148 21.5414 20.7148 11.1797
-3.4174 2.5220 8.1996 29.6922 33.4430 28.5680 11.3570 35.8133 34.9789 25.4438
-5.4749 0.4158 4.0557 15.3672 19.1180 14.2430 -2.9680 21.4883 20.6617 11.1266
-1.8979 1.0717 1.4785 12.7969 16.5477 11.6727 -5.5383 18.9180 18.0914 8.6594
-0.8081 -1.6162 -1.9027 6.4773 12.3188 7.4437 -9.7672 14.6891 13.9563 4.4211
-0.8081 -1.6162 -2.3842 7.9273 12.6742 7.7992 -9.4117 15.0445 14.2883 4.7531
-1.2292 1.7404 3.0172 12.7477 16.4984 11.6234 -5.5875 18.8687 18.0422 8.5070
-1.2292 1.7404 3.0172 14.3727 18.1234 13.2484 -3.9625 20.0734 19.7492 10.9953
-0.8081 -1.6162 -1.4173 3.8102 8.3000 5.3516 -10.8547 13.6016 12.9312 4.1773
-0.8081 -3.5667 -7.5229 -6.5371 -0.3523 -5.2273 -22.4383 2.0180 1.3008 -8.2344
-0.8081 -2.9438 -8.5813 -22.3026 -22.4674 -21.5641 -18.0320 -24.9312 -25.1131 -21.9016
2.3202 -5.1199 -17.3516 -49.4437 -55.2023 -51.7883 -35.8297 -61.1258 -61.7922 -54.6695
-0.8081 -3.6051 -9.5639 -36.9641 -41.9109 -38.4969 -23.3563 -48.6523 -49.3187 -41.4852
1.8952 -2.5805 -15.6898 -49.2289 -53.8648 -50.4508 -35.3102 -60.6063 -61.2727 -53.4391
-0.8081 -5.2664 -16.3004 -45.9293 -50.5148 -47.4031 -34.1641 -59.4602 -60.1266 -52.2930
-1.8979 -3.9923 -12.7133 -36.3512 -41.7539 -38.0102 -24.3188 -46.9813 -47.6477 -39.8141
-0.8081 -1.2821 -6.5797 -26.2326 -29.9262 -27.7805 -18.5375 -36.7109 -37.7492 -29.9156
-0.8081 3.7066 10.9576 19.8492 23.6000 18.7250 1.5141 25.9703 25.1437 15.6086
-4.9326 5.6559 17.8508 43.2852 47.0359 42.1609 24.5297 47.0742 46.4039 37.6500
-4.3123 5.2271 15.7133 36.7977 40.5484 35.6734 18.4625 42.9188 42.0922 32.5570
-6.6861 6.1633 20.5430 53.0852 56.8359 51.9609 34.7500 59.1047 57.6531 48.1180
-19.8516 8.8984 33.1875 64.0156 67.7664 62.8914 45.6805 70.1367 69.3023 59.7672
-16.2918 4.7203 25.9391 58.4813 62.2320 57.3570 40.1461 64.3680 62.9164 53.3812
-2.9882 -0.4679 0.7932 16.9813 19.9398 15.7766 -1.4344 23.0219 22.3516 14.5938
-2.7695 -1.3890 -3.1394 2.0664 5.8172 0.9422 -16.2687 8.1875 7.3609 -2.1742
