702.0469
739.9774
438.8983
439.0252
461.1932
85.1023
60.6504
132.0612
193.7232
187.1878
138.7128
283.5991
144.5050
315.0792
537.5841
221.0226
256.8524
184.3958
259.3930
420.4093
323.6699
616.0944
356.2866
327.7593
328.5939
203.1907
130.0870
157.3289
236.3141
278.2608
225.5415
126.6192
295.9359
639.4832
293.4563
116.9145
201.4791
253.5800
290.3875
57.9120
18.3789
90.6643
308.4729
515.8498
520.2828
412.3369
65.9862
303.0057
883.8027
526.7144
313.6574
571.0770
425.1348
664.1947
781.7216
561.9743
324.3800
324.3923
624.5617
364.5436
180.7022
362.2454
267.8505
291.6290
529.7803
568.1824
225.2673
494.6207
852.3127
963.6761
980.8557
822.4086
792.2590
535.7473
104.3217
349.3195
599.2723
273.6909
124.8804
163.5420
528.3430
529.0873
570.4410
701.3515
229.1187
152.4888
532.4140
468.5285
94.5279
116.9798
142.4730
347.2723
138.1530
206.6154
193.7687
83.1827
221.8092
439.1980
234.2638
194.7680
327.2932
410.7435
124.8366
415.4286
519.7262
82.4866
202.6568
331.3435
131.5543
182.0717
398.5654
562.5928
204.9399
361.5647
852.6857
554.8790
557.0064
522.0519
215.9324
176.6475
151.1379
245.8340
321.1644
340.9987
307.0739
249.3270
303.6542
270.5179
455.2710
886.3162
888.2040
724.6677
570.7753
345.9526
406.6404
190.9533
68.7111
139.0585
503.0984
589.6375
72.8622
116.2364
237.1335
56.7102
108.3717
95.2025
319.5520
714.1461
559.2114
299.4782
479.4118
136.3627
517.0662
527.8262
275.3733
509.7834
345.3409
166.1874
374.4626
531.0355
405.8053
398.8659
257.7471
98.8498
150.2139
381.9046
799.4006
537.4557
171.9055
354.9013
761.6874
183.7133
153.7215
202.3444
204.9214
244.5906
219.7681
361.9169
237.9759
415.6950
460.4273
693.7314
801.6856
488.1890
61.4817
255.7111
512.9199
520.7592
704.1183
451.2112
344.8935
538.4094
332.0533
125.9287
185.3552
133.5678
100.6603
286.9153
636.6338
305.7343
179.1284
258.8305
91.9702
140.1009
121.2892
103.6119
145.1337
486.4893
642.2109
584.2260
101.5738
192.8830
180.6467
553.3131
567.0021
374.9643
559.1439
126.7144
361.3831
260.7465
358.2964
219.1867
395.0252
596.0010
849.9142
557.4087
228.0019
374.1961
423.8969
150.7143
163.2113
187.0684
689.4415
752.2106
420.1483
329.8399
640.8452
352.7635
614.7711
464.5511
174.9392
218.1091
147.4975
241.0349
312.6461
328.2828
80.9431
319.8650
505.8018
247.7916
487.2923
431.4881
497.5057
720.0843
816.0540
564.0794
130.9881
212.9959
626.2299
476.5773
295.1430
364.6096
223.3237
199.0208
72.1870
147.9140
547.4917
522.7546
145.0448
167.0951
143.7777
109.5397
85.5465
110.7551
161.0609
296.8345
356.6892
491.5642
342.7737
636.5832
547.0944
92.5130
134.8326
505.0038
710.0119
265.1533
482.5066
259.8089
292.1509
311.3380
150.3783
317.8373
561.6189
190.6006
183.7419
479.4958
122.0751
126.2930
183.0011
314.5575
125.5514
194.5672
247.8652
95.1195
127.6295
50.9995
130.1093
211.1586
311.2208
526.3544
701.7385
799.5885
826.0568
428.0158
213.8768
567.3848
334.1380
176.8782
171.1848
198.7698
216.6380
436.0670
508.5727
101.6120
92.4327
82.0895
63.7633
91.7461
216.7425
466.9609
540.9894
631.2991
543.4365
421.4399
440.2631
650.9590
584.0479
752.4768
700.1301
1095.9060
1005.9340
840.6806
791.0058
712.2923
507.4636
208.8466
91.9457
213.8109
448.2560
157.6727
116.1717
149.8672
191.7325
134.7583
146.8310
225.1077
393.5843
331.5091
572.8791
93.4733
534.6946
608.0389
219.3308
410.1198
265.0042
218.3962
218.2411
230.8914
159.5381
573.4060
393.8214
389.6556
294.5158
467.6542
685.9649
140.3858
138.1620
287.6253
878.3070
748.4415
386.8604
257.9305
82.0054
339.6800
441.1018
206.5545
386.1142
575.6760
250.1571
223.1564
325.0947
130.5120
123.7010
148.1155
141.0773
246.6425
215.9524
83.5980
100.6626
156.8588
640.0513
752.2803
318.0807
117.7755
325.6913
208.7506
188.0264
409.3379
569.3706
88.5592
198.7728
123.7418
524.1479
687.7732
390.6297
146.8993
166.4286
258.1886
390.4420
580.3562
162.9439
426.2416
180.1663
116.8266
130.2664
90.6966
110.6480
124.2610
177.3682
409.5190
309.5471
688.8146
657.1949
166.6316
93.1917
164.3100
476.1943
641.7009
769.4829
776.1601
577.7923
606.1474
927.5376
567.5283
420.5733
717.0396
476.3833
234.2688
342.0323
258.3417
360.6214
113.4572
135.7556
458.9834
848.6667
570.0408
44.1473
48.6157
120.2731
447.7159
620.2801
354.0535
178.7831
252.8534
292.6831
396.3565
413.6141
327.2153
88.5592
453.0634
773.5247
448.2527
300.8267
378.3860
537.9904
636.1450
400.4080
204.7344
521.1140
744.4288
542.4044
172.9194
580.2896
535.8888
202.5887
410.1713
576.0323
758.6605
693.5962
526.0047
395.8741
60.4342
83.5274
266.0914
385.2669
300.9414
555.6630
483.2733
153.5368
317.5155
384.1186
341.4047
426.2592
416.0622
185.7717
421.9065
646.2233
248.9693
160.2477
282.9436
512.7098
441.9708
548.9410
171.2313
213.5408
257.7797
233.0017
451.4032
468.5080
713.1661
494.3766
304.3497
397.9164
72.7004
80.7725
88.5138
193.8710
461.9179
180.3215
298.2048
482.8756
84.8420
168.9313
155.1846
420.5170
779.1578
485.2109
278.3195
642.6029
542.7313
80.8496
107.8310
81.5938
261.2970
489.8487
277.5579
361.0989
183.3120
431.7666
578.8099
320.4481
148.3544
172.4661
181.4498
261.2405
264.0550
242.3282
261.1685
220.4049
246.8141
388.5515
192.4974
410.9112
159.3073
310.2364
208.4695
244.6799
359.5516
198.4434
339.9397
406.6118
590.6193
686.5977
838.2001
525.9369
266.1452
428.7280
547.9840
294.4885
411.6282
150.1556
131.2183
276.7204
440.5822
287.4315
653.5609
470.0574
181.5860
188.4329
726.6995
611.7520
151.5055
283.7347
481.6492
141.1926
574.4238
749.6674
637.1513
345.1719
125.8682
148.6257
269.3839
534.8338
122.9182
148.7866
102.9279
56.3890
187.1574
365.8814
291.6103
549.1355
651.1945
537.0012
579.6625
614.5142
652.2701
438.2776
674.3607
444.6626
337.0539
702.9272
471.8019
267.3149
98.9110
224.9602
288.5725
340.7939
369.3649
289.0221
673.1300
776.8260
850.3988
722.9701
670.5380
358.8385
146.4527
203.9815
72.1369
197.2091
329.2853
236.4540
283.9054
357.1905
281.1683
82.5529
146.4635
67.3264
114.7983
193.3886
803.1589
884.8395
876.1383
716.0076
657.1399
613.1440
383.4644
148.1475
186.4147
249.2368
723.4776
557.7314
468.8622
678.1736
381.3544
176.8851
140.4971
372.1432
582.5370
615.6115
183.4568
304.8910
181.4934
357.1011
499.9526
164.5756
56.9803
73.1634
74.5136
159.0694
280.1902
216.9996
218.8809
222.8526
333.1213
185.2196
280.6421
255.1073
138.9415
173.3504
148.6850
244.8820
361.0589
158.1518
224.1820
385.3070
583.8862
325.7002
368.9127
182.2306
254.7428
311.0083
167.0395
153.4305
448.0931
374.2735
74.8000
348.0751
649.5675
209.1614
124.5519
215.2674
225.4737
414.3689
133.4134
112.1943
270.2767
473.6211
417.7930
691.6081
353.5547
72.9568
141.8991
286.3950
166.8497
161.6012
135.4402
370.7155
763.5425
675.5157
571.5763
589.9683
492.1638
355.6212
448.9528
557.8508
698.5674
459.4586
122.5462
342.0779
541.9619
183.7596
134.0465
169.3948
223.5546
575.9151
837.3329
949.3520
945.1661
605.2452
154.5225
420.7618
343.3209
406.6965
211.1298
209.6947
411.0490
416.7601
200.1322
283.8933
111.4794
278.9731
375.8767
129.9672
251.3836
204.8418
426.7736
948.8159
642.2162
172.8411
211.9791
294.5826
92.8530
233.2657
250.3787
163.7108
89.2616
315.0720
564.9320
374.3738
174.4228
96.6172
194.6156
151.7401
232.6602
126.2464
213.2550
460.3864
578.9756
315.0931
73.1672
129.6776
544.3580
836.4573
668.4479
185.9357
122.0638
98.8295
62.1470
67.1256
387.2718
563.2551
437.2527
686.3156
780.4698
360.5552
166.8274
264.5053
112.0677
124.3068
95.7688
205.6643
391.8011
828.9231
613.6464
300.6930
274.6873
270.5601
121.3979
94.3933
236.7331
228.1830
475.4032
282.1674
797.3072
753.5489
523.7258
345.5196
293.1507
675.0108
753.2688
799.3587
353.7037
112.5384
206.4340
308.3398
669.4243
803.2791
746.0066
503.5842
343.8239
72.7550
150.7827
167.5128
100.6037
92.2803
260.2337
558.5830
500.0214
656.3676
380.0950
499.8747
401.6569
247.2575
195.1091
212.3395
392.7632
64.5708
209.8503
386.3542
392.3234
500.3986
61.1804
190.2733
364.7660
97.1693
316.4834
578.7710
166.5703
133.0949
97.8961
262.3455
518.1296
205.2318
179.1080
156.5652
388.1641
197.5796
49.2869
116.8681
114.3396
319.1356
614.7436
110.0739
102.9945
186.8093
391.1334
793.0147
930.1616
840.5108
633.5707
211.1920
128.4359
238.5090
543.1147
382.3652
243.3810
238.7214
521.2391
537.3297
330.1975
153.2296
211.5423
208.0872
258.4531
490.7991
490.1903
688.0985
573.6082
247.2607
366.0718
486.6480
511.7282
229.4521
114.2898
185.9517
444.4470
750.8550
717.1139
665.7950
306.9873
264.3339
299.1385
384.5302
240.5807
326.0052
716.0873
502.9992
245.0195
124.4197
181.6300
389.2115
478.7161
69.4953
37.8360
143.3699
350.0515
437.5258
628.6084
601.8978
383.1106
114.7429
135.5935
71.0499
220.3901
214.2943
120.3898
75.3738
120.0019
368.0000
457.4178
111.6767
253.7551
660.1261
694.5508
212.1292
88.0294
115.2581
47.2153
75.0578
53.5376
292.2297
423.3337
150.7386
262.9207
375.1407
154.1349
298.7789
255.7835
403.8659
381.9743
779.2599
843.3344
491.9430
72.6065
87.2950
238.7698
663.7901
693.4433
462.3389
218.8330
379.8800
484.1126
567.4639
272.8866
351.3400
547.4435
644.8065
143.7865
351.5840
698.5395
469.2262
137.2600
301.1533
341.1537
452.4789
425.9190
235.0730
169.2475
207.2805
471.8592
335.6176
806.7980
560.7452
88.7021
144.5272
186.3224
407.2746
528.3484
659.2636
715.1704
594.0982
750.7535
539.2059
270.3207
109.4329
284.0598
862.2330
694.6799
493.5270
385.9720
538.4698
111.9137
212.9343
474.6969
798.2261
690.0337
480.9256
559.9488
201.1558
66.4407
90.8009
272.5614
393.4290
315.8495
478.3520
108.6468
299.0740
425.9439
183.2698
328.9460
169.0075
166.6634
309.7211
181.8530
117.9654
104.0894
349.9958
685.6697
736.9753
574.0216
465.6974
239.7578
525.0072
569.7176
446.1712
301.6096
497.3261
144.0762
202.4981
418.6853
58.2954
144.3036
293.0140
262.1295
355.9443
233.9279
205.3611
93.1428
194.4126
445.0327
310.5277
528.6052
124.5717
171.7061
145.4767
218.7102
643.0075
539.5013
303.2408
286.5851
313.5972
162.1915
124.8982
298.2509
401.8775
370.6037
365.1401
246.0323
298.8913
564.5312
410.9012
97.7827
132.7869
244.9660
68.0689
229.3347
365.0627
413.1835
383.2319
146.0450
336.4372
176.9962
347.1771
251.8759
342.2200
738.6880
833.3599
712.4109
386.2116
654.7728
653.8589
456.3153
430.0108
675.3737
345.3385
445.1470
392.0389
191.6705
238.5517
382.8312
227.2188
447.6824
101.1188
211.9933
99.2678
46.7989
40.9078
266.2724
742.6799
699.7141
563.1623
515.8685
162.9066
85.1136
321.7448
576.3825
161.3160
203.6025
244.0115
329.2308
531.1178
134.3730
161.1483
309.9370
186.0855
209.9954
435.7445
438.9684
666.4074
551.5486
194.7473
206.6423
123.5404
167.5501
456.1749
135.4760
331.7785
525.4602
363.3100
297.2427
160.5511
261.4757
677.8038
487.8559
180.3359
199.2550
86.3295
118.8507
109.4510
333.8639
805.0297
718.1169
291.8522
122.1414
279.0296
485.9600
652.1054
271.8904
248.3753
391.3369
151.2405
279.0777
200.4753
71.2831
110.2822
72.1734
296.8651
571.1495
190.6351
175.3895
145.5244
92.3834
239.5025
341.8233
434.1454
848.8856
890.2822
759.6578
425.6598
154.5111
135.5734
286.1296
121.9439
384.3914
409.6260
171.3797
340.5101
61.2480
260.0917
656.0956
765.1127
588.5559
182.1053
430.4047
720.6226
831.1623
702.9291
489.6884
147.5578
271.9204
570.7010
384.9213
346.5447
443.7164
567.6338
449.5743
312.3602
101.2563
82.7509
176.7187
274.1602
290.5773
555.1016
215.8623
252.7732
331.1223
485.3415
160.0609
134.1427
204.0377
427.7764
362.8472
579.3151
506.3777
74.6707
298.3719
319.8443
142.8995
708.3731
954.6482
561.9025
395.2105
741.7192
547.5274
195.0737
101.7133
63.4323
282.9614
484.4260
61.4347
263.2901
324.3112
131.4532
147.6121
287.0788
390.5586
524.2601
424.4471
308.2987
319.7457
381.8010
521.2975
244.5721
266.8243
86.5898
120.2772
289.6593
532.1997
243.1989
436.0394
393.8833
114.6709
285.7109
598.5177
443.3560
484.8064
274.6141
653.8959
473.4726
505.4794
452.1385
134.7558
61.5814
288.9429
618.4008
568.4210
685.7284
743.0554
408.4105
314.5576
693.0431
693.2243
398.4022
229.1649
300.4615
344.1572
133.4609
453.9812
390.5477
95.9454
181.2126
247.5124
326.8216
771.3899
607.4480
305.5284
493.4467
293.9543
505.1899
390.4133
184.7334
648.9132
362.6385
254.5246
579.2435
643.2760
704.2266
708.0462
539.6182
243.9404
187.2006
190.2657
54.1718
57.0418
204.6456
137.5484
123.4805
237.4625
171.2989
210.7008
112.1758
98.5678
78.6954
308.6121
970.2213
813.6079
829.9060
991.1259
800.9425
446.6196
528.7886
626.1296
117.2466
184.6565
578.6141
793.0448
752.8062
354.9155
293.3439
863.6774
958.1680
964.1624
583.5079
177.6166
321.0392
229.2263
349.1839
718.8998
507.5567
208.7163
40.9527
123.5820
329.7768
797.8854
579.7162
525.0777
588.7952
518.9207
558.1959
418.4103
479.9079
158.0043
391.8800
594.4604
523.8876
371.7594
114.8805
73.0195
130.0353
228.4266
384.2235
762.5253
693.2063
324.8704
219.2383
181.2946
53.6108
128.4992
285.4423
637.7101
855.0573
492.6573
99.4834
222.7930
480.6025
521.6279
501.8487
173.8486
431.8628
300.7033
355.3984
359.8147
337.9932
497.5447
211.6100
224.5186
423.4399
666.9872
622.6832
218.3364
154.5042
106.7602
107.3894
176.7334
89.5027
360.0918
515.3714
198.6170
448.8404
478.8651
521.6621
99.6862
377.5523
657.1337
876.7578
498.0076
229.4653
357.2395
185.1400
254.9869
334.3895
450.4074
178.6385
225.9797
708.4700
498.0903
76.8208
137.1806
222.3552
436.4853
207.7809
151.7372
242.9407
216.8979
524.3561
462.5997
517.0279
178.2121
364.9116
603.6378
432.6436
206.1071
234.6601
733.6207
625.4924
119.6356
210.5828
366.9159
459.2285
138.2952
109.7787
174.8442
463.6631
132.4281
359.1995
836.6622
646.3828
344.4355
288.8978
71.5678
348.4631
825.9456
817.7804
614.2428
208.8915
106.1483
126.5422
43.7063
177.7012
605.5690
630.7376
253.2290
298.8939
348.9243
552.3761
197.4191
439.7309
398.4459
508.3908
251.0246
420.6861
720.3507
752.0750
633.8273
579.3800
602.9334
783.0429
639.8930
224.1618
188.4630
346.3039
161.3982
173.1765
152.5261
229.0699
215.1805
415.8190
316.4476
535.1456
159.7925
220.8783
159.6430
260.0121
369.7131
638.8203
663.3125
545.5594
771.0194
707.3297
547.8940
402.5919
646.9828
348.8663
548.1062
93.6627
174.0604
191.6619
482.8240
425.2399
517.6814
707.3124
834.9240
869.9473
539.3607
194.6869
665.0826
670.0171
95.5906
470.9154
1036.2540
807.5709
628.2704
575.1813
711.8846
627.6477
382.8999
669.8554
339.4349
495.8449
729.8490
747.7707
415.7426
46.5406
53.8638
95.8674
70.0394
160.0991
121.5868
119.5007
250.8312
542.6672
395.6459
87.9508
179.3010
143.6893
238.0104
454.6589
358.8487
660.7294
525.7937
143.2564
182.1415
629.7209
485.1283
327.2542
335.6618
92.5965
126.6939
184.7576
193.1390
616.3888
507.5650
131.1740
262.4249
680.8830
663.1644
389.2346
443.5297
293.1603
439.3900
312.1192
304.5586
135.5022
72.8405
123.5510
299.1752
456.4166
146.4257
78.6123
126.1096
233.2092
350.4415
495.8600
1055.2590
693.1739
514.8655
713.7998
733.5074
742.4538
465.4950
150.0714
313.2957
504.2320
109.9789
229.3533
514.2742
790.8338
876.4412
847.4645
542.3714
350.8773
815.9752
521.7138
152.5813
447.0415
494.7221
403.0324
172.3406
193.0149
219.1950
79.1629
142.8253
273.2435
115.1731
326.8818
683.7199
533.7677
245.5987
238.0460
173.8297
251.9727
364.5100
537.3462
244.7119
409.6991
416.4327
105.2491
56.6070
67.4332
294.2109
459.6460
695.2588
595.0953
299.5323
531.3886
231.9210
434.2439
491.8904
92.5123
117.0566
222.1885
42.4850
287.7573
417.9293
365.2309
216.5478
212.1787
139.5348
207.6010
91.0023
50.8989
356.4995
643.4007
355.0288
73.9359
83.9916
249.4665
300.1051
618.2481
617.7237
743.1047
483.2580
309.6270
391.6327
194.5964
211.1496
424.0403
486.5816
281.9129
365.2935
170.9536
200.7593
135.0766
210.9586
522.7170
586.8025
234.5779
168.0565
257.7012
634.2337
817.2756
485.1297
162.9860
396.6690
805.4701
551.6750
201.6434
363.9026
828.5419
767.6916
499.1714
112.0345
143.0121
463.9982
905.8942
842.9809
786.9633
942.9027
851.6552
812.9032
513.9038
69.8995
248.4151
115.4979
104.6307
147.2023
51.4667
269.0182
420.8689
234.9815
748.6059
878.2515
569.9138
305.8559
198.4478
174.3655
466.9958
634.4035
302.6363
144.5313
173.7979
122.6434
184.7858
373.5388
75.1978
127.8539
127.1782
174.6826
341.7241
165.4547
120.0569
84.1031
241.6734
505.4869
245.0808
309.5808
416.2646
693.4351
263.9421
258.1958
203.4370
530.2314
618.5191
273.4607
184.2699
456.3976
700.3579
570.6277
397.1898
614.2487
430.1147
203.9157
404.1802
392.8245
352.8445
324.1970
180.7784
415.4801
893.2873
785.7382
684.4135
798.3292
660.0622
638.8207
504.6805
383.1805
623.9618
313.0042
244.2409
281.6167
309.4146
668.0794
470.4854
181.3177
211.4002
396.6173
285.4317
314.2239
470.4676
187.1270
356.6230
35.0474
47.7393
74.3283
180.6453
377.9272
166.2750
145.7639
326.5358
479.7987
186.1787
525.6134
543.4928
100.1512
191.4179
340.8717
224.8500
93.5758
74.3211
127.6520
432.4074
658.1600
461.0943
106.0648
271.5728
558.0368
468.8835
313.3585
562.1437
413.8933
242.7945
285.4973
347.1321
614.4800
152.2510
370.2225
590.3015
57.1211
286.2527
534.2155
140.3031
80.9922
364.3722
584.9432
323.0677
353.7505
133.6453
216.0908
225.4012
96.3298
101.6282
463.2531
442.8583
216.9865
171.6428
211.6949
158.1570
226.4859
297.9931
177.2845
316.4237
599.7497
516.5486
57.3574
71.5996
69.5095
75.9322
95.6079
140.0136
438.7274
642.8611
211.9434
199.6246
522.3269
634.9618
186.6597
398.0085
957.8574
983.2558
665.0248
171.5236
408.4881
843.3290
741.3202
601.7468
164.5537
379.4480
345.0921
313.1780
709.8252
472.1752
352.2716
804.3120
727.1648
311.2518
117.8981
224.8014
382.7566
67.6390
141.9579
526.1695
466.6282
67.1540
295.5546
506.7235
386.8042
295.7256
833.4028
987.7183
861.9705
603.6845
300.9119
269.7179
550.5863
660.0097
711.7056
558.8951
526.3724
562.3934
364.6870
209.3373
185.3534
418.4739
215.8067
398.5774
373.3541
265.3611
80.7930
59.0950
108.9928
233.3751
477.8959
162.4047
336.1475
720.2757
488.1301
198.6224
163.1952
142.7641
308.2760
515.5553
122.0050
308.6530
349.8191
477.8327
863.5252
784.6281
452.0393
262.6810
595.7457
289.2228
217.9185
303.3653
313.7450
285.8984
773.4798
572.6709
378.1575
593.4883
268.8146
338.1935
263.9751
649.6303
854.4103
662.1680
308.7266
142.9704
252.3787
344.1206
506.3302
172.2284
638.5584
728.7596
248.2869
304.7021
560.8572
707.8516
395.5581
410.6445
481.9540
499.6398
873.9767
956.4616
507.4629
210.6023
373.4686
683.3299
335.3215
331.2514
740.5010
620.9805
373.2527
63.7062
98.4497
197.0076
271.0371
279.0476
298.0232
688.9969
679.1921
393.8052
80.5482
158.6268
55.2903
79.3698
67.7847
93.1603
110.8516
134.7236
143.7778
47.4391
183.4854
406.6499
286.3011
723.9031
536.6258
151.8362
269.9139
496.8740
330.7694
61.3272
59.0674
77.3323
234.5138
798.2040
755.8476
548.7827
287.3406
572.9395
442.7865
440.7244
775.3549
381.4551
48.4061
193.4686
717.6441
592.3325
165.8916
383.6807
369.5316
233.8624
318.8314
380.6173
249.0945
690.3763
401.0470
101.7783
76.4921
60.9412
92.7344
131.1690
232.5451
341.7714
464.4238
162.6144
226.8973
403.3218
710.7468
809.9677
915.0862
690.8655
299.4343
261.3095
661.2924
526.9497
163.4123
154.9159
142.2727
390.6406
408.2803
688.7082
585.8738
453.1349
428.2598
348.4011
654.1920
624.1730
153.3008
284.4007
301.3981
619.2029
632.6864
526.3680
267.4831
332.8430
605.2786
403.2324
92.1996
240.4437
398.4916
340.6634
589.5378
851.7197
672.8914
258.3006
301.1208
285.7553
576.3181
623.3548
528.9980
250.1050
278.4876
432.0210
177.3099
80.6269
137.6793
95.4311
195.6880
185.3528
191.5835
281.0407
632.9600
330.7728
248.9599
511.3812
371.6213
652.5355
514.6516
265.8486
141.9140
305.0112
514.5496
142.0973
390.1490
305.1380
413.5051
427.0423
357.9793
472.5664
265.4958
215.8440
122.7899
259.7456
607.8152
488.9345
180.2650
311.9983
894.1252
542.0193
253.2661
304.0788
99.6927
233.8063
520.9095
557.4160
851.6477
700.9074
620.2978
235.8104
67.4038
116.5309
208.9289
171.9561
335.2522
507.5797
216.5411
173.1454
495.6743
627.7044
425.6037
675.0813
483.0888
288.8651
521.1643
330.2101
134.9942
55.8994
159.4124
435.0723
539.9927
264.0898
150.4896
203.2528
57.2666
34.5559
26.5853
163.7875
419.9222
327.9967
532.1586
491.4827
322.7304
82.0143
157.8563
124.3558
476.3867
610.6562
221.9311
156.0820
152.9890
100.6940
482.1695
913.2414
589.4679
363.0773
602.4064
179.5940
221.6612
181.0404
123.9693
379.8430
495.2609
167.5131
178.8409
469.9347
640.7810
291.0833
285.0608
762.9536
568.4988
240.5828
527.6700
421.4552
149.4664
268.6230
134.6529
126.7191
325.2499
899.8867
538.8441
86.2156
140.3318
313.3790
447.6925
337.5915
372.8050
582.3476
237.6702
282.1167
64.7169
79.5430
135.3713
34.9684
24.3315
140.1479
144.4814
157.0973
296.4281
750.4610
599.1750
194.3786
305.0886
576.5714
305.0124
386.6170
357.4881
189.6854
328.6262
233.6552
197.3973
399.7580
403.3294
835.1522
660.2020
373.4430
276.2450
398.7647
611.6826
448.3659
153.4071
261.4443
493.9877
537.4042
371.9473
171.2349
477.0925
505.3365
120.8890
280.4151
334.4880
383.3510
383.0756
764.2298
207.1180
252.6927
283.6528
408.3056
418.3806
161.3181
338.0254
416.1566
378.5217
569.4421
363.4693
658.1687
408.2522
132.8076
472.6884
702.8641
471.2141
509.6383
697.2857
555.8316
170.1599
227.1538
113.5885
103.3051
144.0853
140.1481
246.9123
571.3637
810.3209
582.2382
84.0207
190.0164
421.3587
615.2199
302.0177
139.2633
106.3557
200.7646
533.2663
334.7716
242.8098
553.3678
211.9134
122.8179
200.1024
408.8068
524.9188
147.1678
479.3360
811.3927
447.5156
163.7939
254.0606
72.8665
109.0688
192.7509
347.5477
906.4519
926.3188
614.0375
395.6672
582.0412
221.6455
75.7666
91.7623
178.1554
334.2572
646.9706
1008.9297
713.2188
243.5484
178.1703
78.8585
53.1757
196.4106
388.7173
470.0353
258.5701
604.5411
426.4244
665.8442
506.4394
230.0451
422.0190
213.3230
319.2318
315.9328
802.0726
950.3701
880.8293
832.1299
587.2989
259.5145
46.1855
362.5421
623.1235
304.9433
541.1518
134.4437
82.2193
127.7268
141.3479
195.7896
423.0060
335.8802
356.8852
167.9596
316.4037
672.3172
367.1176
271.3714
532.6276
348.4505
359.5054
528.7654
677.6423
511.4257
529.7457
78.6784
293.0621
712.1445
777.5828
736.7606
570.6427
368.4509
810.8054
669.4669
500.0388
57.6167
158.7228
213.1471
241.3577
359.3408
137.1384
543.0658
448.4936
136.9697
106.5470
234.1529
259.2853
162.8836
387.4101
533.3470
154.9977
324.2904
515.4285
259.5309
412.7399
367.5790
242.0115
456.2495
108.3568
233.5194
502.6676
338.6644
70.2314
146.2962
265.5925
611.2376
569.0683
349.1337
241.0414
255.8809
408.9683
213.8285
298.5781
140.0615
81.3532
73.4684
78.5443
234.5722
416.1803
153.2271
135.2055
135.1881
210.2531
361.5608
414.9262
365.9112
193.8001
365.8197
551.7151
285.9125
732.1107
500.2251
53.5234
323.4371
491.4695
59.7716
312.0962
445.7853
287.5127
736.8277
819.8960
813.1282
608.7514
67.9660
198.3319
190.7156
88.7515
73.8296
246.6122
516.5104
705.1290
404.3727
121.7859
421.1776
744.9562
532.4685
209.7084
469.4442
625.9995
324.8492
749.2046
492.1050
101.8491
100.8203
167.8195
285.7813
424.1861
153.7399
152.9220
106.8823
236.4814
101.2875
376.3101
664.5050
275.6259
122.9193
103.3539
360.6185
750.7361
583.3688
281.5829
660.7928
447.3990
208.5777
306.2227
840.6651
791.1668
587.5914
248.6068
324.4034
481.2979
518.0973
111.0270
229.0259
429.8953
412.0738
421.0526
89.4484
64.2506
99.0380
152.9120
302.9717
89.4433
304.9209
404.6545
343.4408
810.3846
558.3115
161.3952
357.2100
95.2389
174.4033
253.5469
211.8376
431.1942
261.0472
635.3237
631.8654
57.4656
130.7176
281.9303
350.1690
540.0226
158.5102
165.3013
593.0963
862.3297
1045.6268
922.3809
766.9558
711.3290
550.2537
111.2125
108.4192
178.4305
611.1764
917.8883
803.5692
515.1442
159.9211
433.6436
568.7598
105.4142
250.6420
499.8005
210.5693
389.5112
156.2220
152.6847
210.4787
127.3080
301.4777
416.4292
181.5553
226.8678
468.2955
121.3284
316.1931
434.4728
140.6361
173.0877
125.8183
668.6301
642.8961
678.6517
561.3574
188.2196
348.6452
108.6488
186.1893
105.3367
192.9909
292.5013
714.5875
661.3874
720.9652
462.9379
219.3596
481.2679
167.3177
272.3516
351.4528
957.5431
736.9024
526.4472
72.2445
82.7685
211.7527
285.3401
222.6978
546.2033
379.0733
202.4186
200.1064
275.0813
134.2377
177.1359
92.1763
257.7757
333.3804
447.4733
555.1890
625.1805
646.6494
396.7155
221.5898
485.3747
550.1730
71.9638
74.7873
130.0534
526.3718
845.4211
679.7752
586.6075
390.6586
157.0573
237.7147
570.9025
893.5217
861.2842
804.9962
512.4579
167.7152
356.3395
346.7465
50.2733
168.7531
402.0257
774.5208
574.3089
446.1772
609.7373
791.8585
380.5987
110.5042
162.1382
106.5582
112.8477
164.7695
221.6801
373.7205
171.7417
374.6823
405.0455
111.1973
70.6876
355.0289
660.5957
620.4888
317.7511
220.6941
283.7213
351.5040
397.7199
324.4112
714.2772
485.6468
433.3205
488.0507
198.0116
108.3346
206.7906
354.2987
62.3189
256.5756
408.6543
161.7117
481.4998
652.2697
316.2075
437.0759
393.0045
43.8048
251.6692
385.6889
72.3980
163.0102
737.9883
843.1646
749.2742
601.6247
90.8648
113.6411
297.0498
472.1301
386.7686
104.4118
149.9753
100.6489
225.2547
76.5738
102.7381
156.7480
211.6038
249.5591
303.1365
220.7133
989.3493
717.5478
294.0713
314.9140
311.6647
591.6283
425.4809
157.9170
98.5190
407.9796
586.6736
280.4314
371.5575
590.3550
698.1658
537.3226
256.5970
169.9375
456.5513
761.3244
715.3267
402.3655
214.8673
423.7375
544.5432
519.0972
574.0305
658.2103
367.2290
518.7160
352.2997
80.1969
136.2566
513.9270
625.1313
166.0559
364.4348
567.7025
237.0285
110.6533
454.5397
525.4592
60.4480
151.9007
367.5681
301.7572
749.6467
519.0610
295.9350
377.0854
352.7281
866.6703
837.8160
775.3894
931.6136
771.5753
472.7191
275.9493
358.4017
743.9285
584.4743
558.1138
439.9173
229.1516
406.2672
761.1608
763.7999
458.5190
297.5543
572.7036
179.1159
182.2843
297.1975
630.3236
452.7851
378.6556
490.3102
633.0568
557.2431
724.1312
647.0853
425.7037
254.2021
328.5331
176.5616
282.8392
819.8615
589.2018
200.5439
644.3063
601.8208
313.6214
569.5838
312.6433
237.5053
410.6450
169.3211
289.3311
577.5836
1058.0195
660.5857
197.5632
341.3819
339.8765
163.7751
662.9096
524.9077
174.3471
369.6810
133.9776
135.6804
94.1606
405.4360
883.7803
807.1966
423.3833
353.1279
493.0960
78.2001
115.9796
253.9225
93.5235
211.6063
99.5058
175.8761
118.9621
241.4251
432.7375
146.0737
335.5886
529.3289
652.7115
226.2408
146.2616
556.8978
503.5645
232.2794
604.0700
357.9859
290.0849
594.2566
343.1917
384.7202
544.7789
664.0132
454.1712
589.3255
554.4906
515.6525
544.8273
147.5369
148.0635
485.5469
597.9693
326.9832
329.9762
375.3073
439.0267
250.8389
230.9615
155.5117
347.3428
527.8828
210.4568
66.4715
113.0842
114.0584
261.8642
227.7767
269.0996
491.7204
555.3427
148.6345
192.1903
106.1159
373.0197
400.5664
358.4402
543.8428
511.2319
841.6955
446.3724
448.6287
181.1856
393.7576
429.9717
161.0881
132.2617
199.0664
317.1340
441.7587
355.7003
802.5961
560.2578
209.8989
331.9010
543.1379
379.0624
610.1050
382.1969
467.6946
624.5061
536.6237
298.0979
404.6526
154.3585
179.5642
335.5050
309.8082
590.4185
472.9859
375.9506
701.6998
572.1694
325.0641
558.5888
269.7554
273.0982
393.3161
198.4975
174.7691
259.7360
135.6743
273.2645
153.1302
335.3327
501.6977
680.6267
479.9869
281.1034
242.6221
605.8891
713.3927
636.5571
366.2801
275.6378
235.2880
450.1462
322.6740
542.4403
333.8455
134.2804
272.9736
557.1762
380.7719
64.1267
173.7660
326.9994
150.1268
305.9007
636.9291
593.9255
586.8265
129.7161
51.7674
250.8659
394.8524
110.1387
315.7269
868.3576
798.8217
568.3502
410.4197
280.4646
63.1910
217.6147
466.0833
429.0665
82.0923
223.9688
280.0690
387.8502
639.4638
95.4700
276.4030
554.3934
226.8965
253.4937
568.4597
697.1857
830.2735
599.2401
198.9661
82.9392
134.6206
192.4320
207.7913
227.5596
584.9025
535.5390
513.3926
197.5262
446.0832
94.2592
118.7053
279.8435
557.1402
600.7648
130.7015
290.6470
211.9312
523.1969
534.1527
765.7639
498.1936
279.9994
524.9611
560.9483
551.8605
44.6299
58.2780
273.0905
507.1503
457.6145
178.5038
28.2258
75.3048
247.1898
315.5896
462.0235
878.8522
572.2895
114.0376
145.5041
359.4689
515.1062
433.2570
509.0494
291.6094
687.0265
248.6811
296.9096
703.3878
708.7237
341.8373
254.3048
349.1850
145.1790
384.4196
441.1048
466.8055
634.5008
375.4040
822.1447
638.2405
209.1003
694.2635
601.0783
392.0109
875.3493
431.4244
201.9373
205.9448
247.1436
468.6492
72.9725
340.1926
453.2384
232.5474
234.9442
157.6326
152.8828
268.8613
155.2377
124.2851
335.4183
264.1721
134.2125
122.6782
127.5761
158.5112
170.6710
330.5158
395.7604
326.5857
742.5259
538.6259
283.7970
86.4604
66.0051
63.3187
49.0678
203.0276
311.4556
89.5423
169.3481
273.8830
544.7932
325.3983
107.8663
238.9345
164.0608
156.3918
372.7078
357.5441
341.0732
456.9651
256.3103
261.1178
774.5220
604.8934
88.1476
198.7106
389.7006
153.2059
370.7603
678.9275
536.2627
36.6301
162.0776
120.0645
189.6252
194.1065
257.8625
92.4130
356.3216
519.6500
124.6281
313.1296
266.9753
484.6591
337.1386
61.8309
87.6057
169.9636
565.1571
655.7369
657.4664
614.6006
658.8425
543.1777
215.9322
276.1269
97.4073
254.0764
413.7674
788.8653
513.8851
233.5671
362.2149
188.6281
176.8418
196.3592
675.9418
863.6883
673.4620
423.0794
402.2584
826.7193
534.8334
256.3725
554.6572
532.0172
181.3016
252.4260
354.4959
159.8249
206.5640
73.2996
134.8614
129.9862
270.1470
406.1707
541.8304
283.8744
556.1400
160.3702
325.3374
529.2207
325.2281
628.0018
543.1307
288.7952
232.7129
318.8531
155.7080
237.4947
137.8962
226.1110
324.6666
75.3499
257.1884
389.8769
435.3329
65.1159
118.8138
200.3092
182.3475
139.6610
254.7768
113.4624
440.6493
625.3278
284.2197
388.3591
269.1517
494.5305
344.4823
722.6007
696.5339
274.8554
196.7239
259.1512
154.8666
98.8838
300.5260
399.3662
426.5250
487.6463
218.1835
319.3798
110.5483
230.0419
281.1960
152.1025
286.8830
500.6685
146.2520
164.4920
43.6635
149.1151
459.4823
518.0350
244.1574
318.9529
540.1013
163.2674
288.3721
156.8410
266.5777
131.4497
342.3975
211.1376
141.8018
225.8299
57.5396
244.8831
623.2322
474.0580
55.9636
245.1155
386.9667
109.9340
356.9402
807.8746
639.3790
551.1525
525.9702
28.7537
138.9656
481.6526
786.2252
807.2999
422.0317
278.9007
414.9497
206.9796
256.9741
157.2546
210.1975
297.3095
660.9565
685.8895
745.3448
711.6029
395.4850
330.6036
377.6487
288.1033
954.8057
718.0185
274.9072
84.7187
140.9169
479.1099
471.9597
139.4477
274.2090
373.1179
684.8893
476.4998
79.7044
284.7372
614.5455
522.2079
349.6505
594.0031
411.2951
495.3016
599.2931
291.9808
117.1018
195.6124
197.8037
409.9217
537.7175
187.3028
461.5626
399.5342
677.7397
397.6357
421.8628
751.8937
640.6511
391.5232
628.1802
520.0903
396.6148
696.9407
566.8532
649.1871
401.1505
152.3723
223.7322
115.7445
369.8414
497.8235
194.8923
600.6272
612.1921
357.0898
526.7299
438.7297
321.5267
469.1027
563.7797
307.6090
651.0297
373.5158
219.4882
347.0960
444.0427
826.8460
719.4933
461.1886
177.8118
568.2907
822.2660
477.9847
85.2153
282.5445
598.0096
635.6049
457.7747
117.9395
267.1959
276.3738
332.0713
244.5904
454.9089
481.0755
466.2721
443.9009
769.0023
595.1909
233.2223
311.1550
578.8217
180.4413
646.4525
701.7359
260.5315
84.2628
400.7049
525.7290
387.4893
143.8335
236.6168
196.7438
89.7579
262.7299
723.5492
450.7639
211.0395
129.9967
232.7600
638.5839
535.6151
120.9837
324.1640
514.9721
271.4910
534.6167
567.5396
593.5438
98.4371
78.2810
220.4520
290.8777
237.4020
187.2051
591.0644
574.7192
562.9213
455.8409
176.0246
191.2616
133.8568
355.2117
493.3536
444.3876
427.2699
224.3839
184.9676
166.1108
756.5220
1070.9247
674.1295
389.4101
724.2645
579.8150
231.2976
616.5371
432.4317
78.8015
183.5338
186.2614
390.1883
638.0857
737.5739
738.7196
599.8199
515.5010
277.9316
209.8038
503.0112
689.7728
596.6947
710.4902
789.7350
535.9638
160.7550
304.1899
498.0351
66.9058
90.9424
384.0314
361.1935
67.8017
194.0502
347.6769
433.5569
466.5200
54.2564
153.8359
336.1893
841.5099
780.3677
837.2779
541.3958
103.9390
316.3568
525.6221
469.8326
413.2378
265.2808
317.1859
893.5939
768.5514
560.9786
589.4998
823.6987
681.7033
460.2852
434.4077
455.0560
464.6221
124.8339
158.6041
242.8268
97.3798
344.0338
501.5713
166.1918
212.7479
231.5176
516.0483
390.5604
385.9993
358.8808
98.6993
97.1381
398.4341
693.5662
246.6353
461.1711
224.9462
66.3540
161.8042
334.5878
146.2869
284.1774
299.5525
141.7090
121.9309
90.4924
132.0774
30.8529
217.2127
433.5742
267.0326
150.3236
108.6217
321.8937
106.8792
123.6938
115.3147
122.9037
598.7044
830.9861
428.6130
350.1078
189.6157
68.7447
148.5567
426.1799
263.1243
153.3971
136.7531
164.3226
331.0473
329.5986
258.1807
520.7779
857.9315
551.5925
93.5141
212.3418
441.7077
372.7458
134.1374
226.7499
237.5206
265.8141
363.9551
68.9582
149.0106
236.9954
688.8874
805.1663
587.7181
423.4901
802.8861
714.3540
559.5143
447.6851
314.8284
359.9725
158.6878
232.3371
291.2843
134.7045
160.6320
271.0636
203.4047
226.6579
376.3475
399.0632
566.9805
432.1256
137.8126
220.6559
269.8610
141.8744
160.3202
143.5746
129.4839
74.5289
280.0656
484.6122
183.7982
232.5156
66.3525
56.1287
280.1820
440.1025
138.8434
164.1167
159.7322
300.8035
302.1203
648.5291
360.0825
118.1499
193.9231
544.1961
418.9207
224.7681
572.4547
698.9933
361.9296
160.0643
565.6851
667.4477
334.6154
60.6277
166.4253
479.9496
200.7390
66.6243
59.2509
298.9656
406.6786
299.6422
574.6168
644.3249
641.4769
412.2348
154.5089
84.4967
143.7047
313.4416
307.4770
549.8838
491.9758
741.9428
522.6815
85.1846
131.0575
319.6102
353.5970
95.4531
261.5136
471.7736
443.2170
528.8069
414.7120
595.8288
392.9204
811.3491
832.8539
886.8580
777.3108
499.3337
181.6703
479.5503
81.6319
172.9495
180.5907
337.0062
347.3251
77.0270
148.4858
122.6244
399.4120
444.6841
93.2658
89.4399
131.3446
174.3591
366.9024
761.2618
493.0666
97.3074
213.4734
314.7948
423.9386
99.2900
188.7757
639.7562
588.4738
261.4206
518.9406
509.1902
81.7847
290.1337
517.9531
325.3527
474.1348
546.2597
557.1597
48.5268
149.2094
317.5054
347.9119
1009.3669
1029.3074
766.1748
623.1994
687.5582
829.9554
864.9532
726.5203
575.2957
199.5870
153.5318
111.9230
147.4446
287.1204
182.7570
69.2182
236.4729
713.5460
468.1307
338.6511
518.3688
560.4726
77.4307
67.1605
79.9332
180.8433
141.5601
30.6257
134.3117
361.2142
328.7153
577.6122
351.6940
654.6800
217.2618
272.3183
464.9637
511.2221
106.6412
199.7587
382.2077
308.5356
201.8944
383.0484
123.5613
357.8340
860.4368
584.8519
180.4421
431.9767
852.6519
859.4413
787.4679
582.5313
369.1689
157.1875
162.4417
370.3887
342.1096
155.6810
241.1527
228.6263
635.2541
550.6993
54.0414
229.5164
541.8226
176.1879
205.5657
113.7150
278.9675
190.4273
219.4396
478.9034
1062.7072
1010.4563
928.3879
840.2714
517.3880
277.9785
257.4214
241.2864
742.1230
392.7165
376.3242
545.4176
606.9710
557.4544
359.5493
746.5725
680.7179
360.4287
477.0921
94.3791
146.5559
172.0785
299.2177
270.4592
487.7274
316.5505
227.9302
292.9630
572.3931
433.2446
777.4110
541.9811
39.6512
399.6424
895.3281
499.9748
85.3684
62.9963
268.9657
627.1362
512.8844
202.8406
167.0220
302.4371
337.3482
365.4689
155.1049
185.6263
261.3643
297.3536
491.6885
280.3487
471.8275
161.5814
119.6335
151.2306
209.5263
812.7894
777.9987
624.9349
437.2767
395.5913
194.3098
349.2554
752.8256
836.9641
919.5554
834.8354
594.0516
288.0302
152.2439
114.7080
199.2996
259.9768
400.9606
162.1275
227.1659
183.8568
336.6806
128.2546
256.6946
163.7796
511.3056
277.2246
225.7618
295.6640
200.8190
425.4038
576.5555
189.3589
377.4290
699.0383
510.6461
283.1328
218.4341
350.7070
175.5577
85.4108
235.4377
534.2548
394.1635
492.0613
673.0470
401.0845
518.6407
337.4460
512.5643
275.6440
518.7716
215.3762
223.5494
388.0760
105.2792
123.0077
152.8854
471.0294
595.6167
550.8353
260.8484
44.1906
364.5582
457.7009
77.4224
84.9845
199.5983
402.1883
296.8664
548.3011
497.4814
358.8789
290.0711
400.7517
289.8731
526.4235
411.3444
301.8552
386.0041
202.0394
87.7449
75.4937
242.5344
388.4101
113.1279
285.3709
653.2955
541.0164
148.3993
252.7007
163.1371
184.8954
513.9093
584.5968
179.0931
178.8087
300.0001
128.2728
135.8360
73.5173
278.8111
639.6880
358.4195
202.4767
357.2258
230.6547
395.8501
192.8304
122.8113
334.8233
731.2288
839.4788
554.9210
210.3641
150.7976
208.5646
502.4063
271.2994
515.5635
473.3224
1015.8751
968.4159
849.2354
590.1508
357.3295
421.8314
515.3467
191.1670
249.1706
272.3100
232.7431
275.5174
265.2647
410.8701
661.4710
315.8450
281.9251
222.4081
764.7242
877.7294
450.0658
323.7208
559.7656
324.8732
364.6022
160.9379
66.3937
263.5254
500.3664
235.1617
154.6623
161.7749
415.6766
611.4857
498.8035
141.5351
408.8459
801.0833
573.3732
154.1456
216.8638
160.8513
135.0111
367.1383
314.7615
233.7011
391.2852
789.8927
656.8701
184.4810
269.4396
386.8741
617.9080
174.5782
334.4479
359.0588
828.8908
445.2369
173.9343
402.5529
381.4266
244.6902
285.0008
178.2148
439.5471
542.4495
493.4439
748.3314
809.3132
778.6463
900.0092
872.5199
639.9078
398.4394
404.8226
274.1702
314.6783
610.9869
824.5211
618.8585
260.7210
441.5431
749.0368
643.9706
388.6592
787.1485
612.6638
708.1367
675.1430
655.2571
529.1430
630.1574
167.9994
91.9407
137.7388
75.4526
269.4193
575.7220
594.9877
822.8788
463.7302
239.8932
605.1522
402.1024
212.8364
311.3183
160.1475
317.6360
285.1438
89.9275
178.2141
354.3846
806.3112
884.0748
605.4906
452.0311
588.1702
806.3815
511.4057
222.4024
401.5899
110.7756
190.1024
83.6005
196.5461
180.0628
355.3903
126.2936
314.1412
472.8187
685.6388
674.8588
543.7963
456.8414
107.8009
248.6324
244.7271
343.2650
692.2081
441.3538
56.7763
129.5708
474.8119
313.5525
267.8715
810.2364
800.2124
862.3845
849.4209
621.1918
619.5505
654.4419
185.5493
126.1878
507.0551
588.6524
651.9119
659.9204
317.2235
221.3816
145.6182
98.7123
97.6352
307.5208
435.6127
357.6185
595.6500
532.9989
392.2995
147.0641
249.6957
368.9559
391.2156
352.1866
78.7406
66.4633
38.3433
110.8309
254.0090
459.3214
239.8953
132.0575
287.2891
851.9002
843.1566
540.5347
100.6162
246.0304
479.7328
290.7205
818.1947
810.7782
342.7771
323.9500
123.2431
148.0468
458.1587
630.7967
156.4742
72.6290
315.7343
549.6072
214.7678
409.0260
597.7839
851.2555
913.7013
728.5646
694.6342
880.4777
589.4106
327.8545
333.8652
290.2116
135.9983
125.9695
157.6999
275.4700
169.5017
327.4733
672.3433
483.2688
280.3735
419.3100
161.5420
244.4016
109.4401
169.9362
277.3864
147.2693
86.8640
192.0508
251.0138
370.4547
411.1549
320.8873
781.9252
743.9282
563.5898
233.0702
156.5346
439.7662
335.3829
666.9287
867.1298
612.7687
452.7919
198.4961
397.9663
114.6793
147.0372
127.1944
102.9527
139.4029
114.4450
215.4997
448.2885
482.7305
217.9130
86.3066
454.6673
520.7865
91.2277
125.3717
89.2604
296.5509
432.4879
155.3325
199.8378
264.6951
463.6683
577.6850
787.4100
825.2518
730.3779
681.3598
569.3197
192.1331
224.4844
335.0572
252.4670
190.0938
71.6658
138.2494
312.4472
671.8426
806.8475
760.2491
664.5133
452.9978
489.2702
175.6730
97.4177
54.0288
174.7405
353.1051
223.5427
544.7642
410.2968
306.8245
759.5821
743.5764
481.2135
270.6698
114.4992
104.4901
93.8983
225.6072
504.8408
515.0944
360.2583
326.4404
651.3661
542.7979
443.8616
258.3719
93.3871
313.8318
344.1344
314.6866
318.9768
401.6324
246.9015
321.2522
342.2403
364.3222
276.9429
505.4386
334.6266
402.6667
61.1539
131.0233
98.5499
108.5096
150.8212
242.3503
401.1530
962.4697
697.6617
334.8649
238.9521
408.9912
607.5756
624.7026
146.6692
85.8459
156.2971
304.6691
271.3518
422.0732
715.2841
553.7470
536.5618
198.6434
206.6901
80.1028
94.3559
192.8545
201.8339
613.4261
856.7972
564.8633
285.0336
535.6833
475.3529
617.5942
729.2521
615.4750
872.9542
955.7343
648.4846
73.6780
79.1271
90.8435
189.7739
202.6640
229.2657
290.5830
375.3977
525.6716
459.3765
382.7510
547.5127
416.0644
195.4405
443.8358
326.2895
521.6732
449.2874
423.7092
309.3406
445.0142
361.6236
345.4567
147.9998
388.2826
800.3477
579.7989
500.3178
218.4815
249.9692
340.8991
321.2287
131.1787
118.3333
232.3733
246.8076
251.4165
222.0376
120.8172
310.5793
411.6599
215.6607
258.6998
314.9010
255.8253
473.2346
372.3336
543.6337
188.5812
246.9657
106.6884
122.2715
232.1818
459.6826
276.3679
771.5418
820.8003
738.9889
543.7126
314.4511
424.0003
730.1933
910.9654
720.1900
596.8223
408.1974
220.3029
254.7272
167.5832
303.6762
64.4702
315.7920
795.5271
698.1192
815.6247
679.5123
336.4338
348.1956
523.7602
99.2612
116.8198
453.2657
675.0597
340.6586
337.4906
614.7927
456.8153
287.2395
639.3866
468.8564
616.0272
754.9602
302.0360
410.2309
631.8469
320.1933
538.7052
776.8140
644.4633
388.7576
155.2217
267.4209
236.0377
174.6794
173.8623
286.1459
211.2578
198.0930
98.4707
239.8300
509.4249
443.1445
593.7430
162.4276
424.7211
723.0046
571.4877
501.4168
629.0097
550.7660
553.5945
30.5207
48.5333
190.5729
577.4207
711.2540
461.1070
327.1821
112.0835
194.9271
178.5915
120.8323
470.6144
887.1438
1067.6266
726.8798
358.6382
216.8906
179.0609
72.1579
437.7816
543.3847
489.0551
751.2124
367.1823
170.4274
348.9259
197.3601
250.7941
473.6731
584.0498
321.5527
208.6221
342.5386
71.3572
256.8079
267.5227
331.1090
570.1320
144.5238
254.8504
431.9272
655.5866
570.1111
228.7439
185.2653
268.4121
111.2847
279.7298
721.1915
477.4391
214.5831
72.7248
163.2108
111.9862
113.4927
141.1340
170.0828
248.1729
362.8141
562.1596
111.2820
182.0790
272.8262
539.2752
660.9822
231.3755
148.6108
155.4592
237.9617
262.0143
410.1153
531.0517
296.9159
139.3567
109.8946
95.2192
193.3939
384.2036
163.7890
175.7145
384.4479
754.8732
808.8269
529.6943
184.0479
259.5913
256.7963
540.8427
126.2568
198.6461
426.3464
678.4602
731.4136
576.4240
404.4346
513.4579
290.5892
522.3361
237.0418
409.3546
661.1296
519.1350
277.3332
364.3469
188.6204
446.6645
474.3719
294.6032
181.2969
322.9204
164.8628
315.9267
557.8351
821.9392
600.5566
330.3334
629.5556
379.4733
155.7948
240.1054
458.5669
355.8299
952.7373
575.7380
45.1041
39.8561
105.5174
212.7546
70.4950
232.3076
517.5597
131.5414
118.6776
329.9481
774.0588
987.0503
632.0496
309.8479
221.7024
410.9894
355.8602
158.7853
475.5555
626.1723
255.6025
322.1505
339.0437
496.3894
452.6305
109.9019
425.6964
642.9554
831.5322
717.5425
515.7010
474.9954
227.1781
145.2222
222.2605
154.5057
158.7598
365.4376
512.4449
301.5086
440.1945
553.0406
861.9207
794.1297
523.2663
194.3588
237.9037
140.2924
421.3377
643.8278
344.3414
295.4205
399.9261
247.3956
397.0245
94.8757
513.3252
501.0408
346.7189
598.3205
338.3188
116.7206
165.2173
453.7097
1001.2619
710.2497
579.3287
909.3806
608.5549
274.6912
330.9834
335.1488
867.0214
648.2909
109.9807
234.1378
371.8166
159.2113
256.0171
418.7481
174.9057
412.5871
145.9388
469.6382
576.1976
133.6171
84.5904
198.7064
555.5708
546.3682
888.2059
883.3346
793.7079
487.9582
224.4938
182.2281
320.9674
423.9545
157.4780
369.6089
456.3570
429.8232
934.3189
609.2333
466.7102
1016.5363
661.5131
355.9662
370.5518
1051.0486
822.2606
490.0002
334.8454
552.3677
324.4288
371.1390
895.9289
705.6517
700.6336
746.2908
563.3631
139.5218
114.7670
132.4232
90.2359
220.9445
620.1772
904.5577
642.6894
287.8875
711.2350
661.1807
445.4439
451.1767
320.0281
81.5325
362.8406
805.0837
552.4074
320.7970
230.2781
388.6598
149.8248
90.5816
292.6765
1014.2037
1023.5231
892.9223
704.9073
756.4816
699.1043
428.5556
530.9999
456.2450
585.3518
364.9304
156.2865
279.7972
559.2959
334.1607
65.7946
453.5621
843.0349
681.5539
249.0872
121.5413
146.3422
248.3373
373.0615
543.7835
146.7371
83.4823
109.4853
284.9483
531.9696
646.9059
627.1713
351.9757
564.6421
242.4427
537.0039
553.2860
435.7518
397.1108
399.3111
576.7658
332.1932
692.0818
535.7081
639.4311
631.2230
388.4269
273.4147
289.5603
442.4411
112.8393
219.1704
264.6887
524.8862
201.9550
562.9484
703.5739
822.5217
499.9915
257.7657
283.7618
199.4021
295.4527
219.2169
700.2416
652.4251
495.1821
380.5668
152.8101
179.1078
318.3201
148.9232
345.7152
446.3361
350.0424
98.6834
103.9392
270.8318
729.0766
833.0688
636.6679
870.8187
686.5933
351.2458
65.0165
177.0639
262.4250
232.2181
284.3525
461.0755
808.2893
860.2132
699.6558
278.0088
623.1481
516.3751
120.7085
586.3368
742.6070
439.8531
328.8007
657.2547
600.5065
256.7987
560.5685
604.5581
636.6759
322.7331
416.2742
400.0816
593.9758
417.2969
655.0707
921.2516
541.3036
439.5659
836.1259
868.3363
854.0006
722.9106
773.7415
637.6211
354.1575
395.7931
294.9000
315.2751
281.3889
85.0063
81.9782
199.0866
432.9398
212.2696
160.3764
684.2695
749.9456
647.8248
786.0410
700.8669
205.5898
125.4070
268.1455
474.0940
302.1083
565.2768
414.1430
587.6924
388.1972
585.9680
292.2900
137.5742
297.9586
395.8292
114.1907
249.6908
424.2101
210.1043
494.1144
917.4611
944.6531
737.1901
363.4720
502.8255
700.5174
678.4087
737.9282
392.3832
379.2023
157.4908
329.8101
613.2436
431.0638
252.8376
266.0297
621.5408
211.1434
153.5860
617.1670
834.1728
571.8056
189.0129
65.4741
88.7972
223.1403
421.1934
311.3305
944.8758
635.0208
475.8783
492.0868
186.3268
165.6631
341.2126
562.2700
223.5879
123.0498
136.0228
363.6754
508.8686
379.1693
726.8561
691.6923
434.0749
333.8334
803.3584
554.4581
221.0622
297.6511
248.0383
176.1273
135.3025
149.8213
149.3726
203.1925
112.8219
110.0190
150.8282
393.8966
589.2765
234.6030
184.9129
99.3836
256.8239
502.5363
45.1088
231.8645
600.4030
476.3370
515.8303
624.1031
469.6903
405.7081
144.7455
473.4733
291.2420
309.1042
319.2470
731.3509
496.5865
83.2322
145.5192
356.7710
626.7589
385.3765
579.5980
158.3926
365.3764
652.1740
750.3330
799.9098
575.1384
241.9245
340.8881
508.2327
824.2616
874.2829
699.0073
278.9783
147.5092
152.5087
342.6492
851.8372
865.3504
658.3872
581.2755
410.5181
130.4973
227.6483
459.8424
375.0446
283.1113
95.5960
126.3585
330.5112
422.1294
813.9170
687.8380
708.5190
786.9637
721.2514
456.2123
89.3940
145.2064
95.1125
223.0214
216.5106
87.5091
103.9958
148.1904
273.0970
424.0529
669.1817
626.4014
440.2504
709.7783
415.1467
310.7335
605.0121
152.7349
491.6244
734.6673
738.8431
660.7805
386.6449
807.4856
554.8021
346.0064
586.5440
332.3616
486.4268
320.4982
50.2829
132.6942
115.7584
98.9380
98.3353
122.5414
316.7715
737.9163
760.0705
992.3200
955.1058
761.4175
381.6754
164.4329
79.9137
180.5931
181.5301
97.9986
322.6136
401.8520
314.7756
327.9708
469.8585
300.0376
307.8541
639.6630
299.2947
331.3274
393.0450
114.1309
235.5756
152.3229
193.3467
357.8409
349.6191
441.8422
847.9567
776.3115
825.0685
666.1457
746.4321
646.8153
393.6964
559.8603
263.4608
152.0143
268.1178
641.3769
543.3131
425.0315
348.3112
85.0333
195.8053
126.4141
304.8918
609.8595
175.6292
92.4013
181.7415
304.2526
764.1796
891.3017
570.0500
280.8416
219.5364
169.9927
633.3679
531.8886
82.1267
228.8852
486.6569
314.1064
348.3797
633.4569
371.5817
164.3621
133.3793
209.8644
691.8079
1109.5130
896.3052
610.6412
360.9720
240.7504
434.8697
903.7915
832.7091
878.9881
568.5762
123.3608
211.3291
324.0836
203.1472
124.4407
207.4228
263.0812
642.2231
512.3779
565.1561
385.4502
83.1303
213.4080
153.6111
233.1571
739.4740
516.5965
422.0519
675.3921
700.2255
796.1723
920.1673
841.2294
563.9345
577.8649
777.9974
565.2495
412.0638
458.0623
179.6950
353.2369
332.7536
610.5234
731.2654
698.7391
441.9608
157.4645
146.6831
167.3764
125.0979
283.1102
769.6385
474.0630
187.2458
369.0455
588.4158
527.6877
559.4967
326.5703
108.3149
186.5616
476.6901
208.8803
181.6815
149.3541
272.3250
333.5520
497.5050
165.4313
122.2462
124.6735
200.0048
666.1414
654.0101
615.9226
422.8050
729.4455
625.0077
594.0416
703.2131
531.3484
430.7741
230.4649
715.9330
533.8001
186.9887
474.5372
780.1897
615.2167
270.8293
504.5266
210.8962
424.3885
473.7115
324.1844
150.6433
127.3692
208.9199
612.9191
516.1125
252.0422
87.5789
126.2804
105.6883
202.9656
358.9274
381.4542
468.6428
88.9047
94.0367
347.7120
809.5505
754.7075
806.1789
584.7551
458.6128
752.6668
563.5312
113.4667
120.6235
261.7885
494.2029
271.3311
281.0041
595.8584
412.5719
94.1946
64.4322
158.3142
277.9150
365.4162
561.9601
217.2372
349.5187
134.8633
111.2041
105.4000
224.3617
698.8086
669.6098
251.4159
223.0994
71.8749
135.0972
345.6600
190.5880
463.4050
524.0740
110.9517
191.9773
343.4579
682.5052
815.3890
649.4413
259.1468
232.8870
647.3494
371.7740
261.1917
199.4409
327.0030
362.6567
206.2297
230.5888
318.7885
140.5893
140.6869
583.8702
596.7906
494.6044
725.8489
620.0936
532.4897
37.4954
61.9016
211.1695
424.3154
187.3112
217.8772
266.0084
404.0685
560.4175
159.7321
213.5639
121.8470
386.8082
272.1017
240.4155
162.2983
201.9461
267.0209
102.7530
197.6581
284.4399
502.2914
336.1066
816.6650
631.6446
531.9788
109.1182
293.1111
611.7973
565.9661
199.4012
316.3565
619.3776
442.6165
162.3782
393.6607
172.1658
166.0737
126.4925
98.1818
290.1415
356.5068
155.6645
343.6133
447.6978
77.4936
48.6370
88.2828
52.3923
51.2373
89.3920
177.8247
98.5241
169.3651
230.4736
99.7439
201.2356
506.3517
377.9991
277.5007
439.0826
67.4245
101.7804
195.4415
339.2389
94.9245
33.3938
307.4545
662.8246
674.8815
282.3980
570.2563
759.9211
783.3695
608.2160
431.9474
280.9383
130.5875
115.5005
68.0958
251.0861
403.0274
130.0037
171.0431
305.1298
215.2931
527.7011
395.7945
64.6678
171.9580
303.8438
575.4707
557.1579
465.0313
216.2311
269.8292
271.0401
622.5775
134.7403
117.5043
344.6927
354.2691
186.4747
430.1489
589.4996
133.9132
44.7362
89.4443
147.1157
313.8825
382.9028
93.8742
194.4838
361.5426
352.7281
573.2885
89.6158
53.3680
82.9967
194.1146
612.7056
460.4603
340.0686
568.1877
568.1747
528.7093
547.9001
566.5311
318.1887
299.0590
323.7859
307.5732
329.2426
538.2791
429.9884
259.6096
481.5623
413.0753
518.8950
426.0820
810.8346
409.7504
207.6790
733.8785
840.1611
944.5820
759.6090
640.4584
691.5375
417.1117
64.9199
114.5563
188.1203
83.1518
125.8893
159.3838
220.4692
449.5118
333.7888
244.7083
168.1860
159.6276
63.4054
144.0596
348.7418
530.8688
332.2089
448.7576
343.1750
290.5579
596.3310
403.6472
242.9018
113.5923
218.4735
382.2769
423.5460
838.6227
616.4542
279.5277
135.2496
235.9561
151.0913
154.9654
321.8589
461.9726
868.1651
984.8586
955.4006
713.5125
656.4618
496.6184
298.0836
554.4859
366.6550
720.7800
528.1080
81.0181
291.8483
785.4947
809.7488
1006.5062
1049.6876
897.7710
779.0270
447.6023
260.9769
132.8527
775.1837
802.5281
585.7917
420.1299
55.1101
89.7762
371.7395
742.1347
728.0321
985.4610
853.4554
853.2825
636.1771
359.9462
505.5388
629.5883
597.3644
562.5550
783.4419
532.8924
301.5055
253.8098
33.3231
239.4470
346.7851
536.4512
314.8273
75.7889
75.2176
259.7961
800.9246
945.3942
874.4767
743.3893
708.2372
475.6453
302.7294
644.4320
726.8885
514.9697
412.4922
536.0289
555.8894
133.0900
223.2880
155.2975
172.4662
153.2467
148.3306
381.6472
539.9498
573.6652
444.0650
212.1887
308.5059
437.3822
202.5677
427.5983
216.4971
243.8835
56.5336
343.9249
690.2805
420.1928
355.0855
449.7347
205.6297
129.4786
371.6977
642.0042
456.3666
882.6861
798.0927
771.6601
580.5697
255.5442
228.9526
163.7925
270.8433
155.3802
210.8379
751.5272
1005.2420
1000.8105
822.5463
529.9217
247.8946
632.3394
297.0568
767.6147
784.1039
605.4483
547.7424
281.0416
171.9843
262.4636
362.3901
700.9023
862.4506
606.5101
99.4583
204.5503
377.5982
333.9593
626.4668
365.6415
338.6207
552.9549
360.4355
504.5342
273.6991
511.3281
117.0804
97.3415
112.7707
162.9514
161.7396
143.9687
187.1171
398.6183
384.3386
199.3899
108.8798
237.7961
283.3706
168.0816
273.7633
755.1435
445.4941
251.6738
567.6220
574.4585
207.5068
79.4290
313.4839
808.6279
431.0053
226.7555
565.0090
814.9898
1179.5980
858.6109
490.7025
261.4341
639.2807
843.5001
857.0379
535.8661
512.6260
643.9930
241.4233
140.2635
367.4868
365.2699
77.6658
173.2575
194.9147
239.8986
132.1483
137.8470
143.0159
367.0080
385.3583
351.3166
559.2287
554.9714
173.1361
233.8501
289.4112
231.8614
89.6300
263.1972
443.8172
199.5627
295.9546
314.4530
756.4041
862.9368
537.8575
366.5958
753.8958
870.2202
601.1386
279.2229
507.5689
220.7493
454.7721
613.2395
384.7985
289.2224
573.2418
423.4173
761.9061
674.9818
164.3748
69.4661
107.6429
135.1835
210.4204
839.7175
862.4467
1079.3075
957.7034
913.5418
648.5629
847.1145
1083.3604
861.7274
590.7510
192.5338
86.3026
259.1014
212.0454
182.0234
550.5821
770.3706
962.9757
850.0893
637.5648
352.1092
274.8736
77.4968
141.8947
149.2822
281.0011
172.3897
282.2776
272.4315
403.4869
460.1099
204.0190
460.6327
636.4030
637.9074
370.6641
333.9103
641.2105
480.2650
94.4785
457.7859
786.8327
545.5274
165.7346
43.7637
69.3573
120.3533
16.5544
216.3680
472.0791
97.7848
447.3086
679.6583
184.3240
191.9279
278.7303
413.3151
427.0000
260.1187
78.6625
147.2556
435.0308
829.8450
844.7915
742.6159
350.4925
42.0837
388.2080
728.8067
571.4588
744.3960
811.5357
731.8092
964.1626
707.9027
402.0898
484.7561
555.3152
599.7364
355.6162
221.1799
307.0465
518.1866
477.2138
141.2680
139.4520
163.1638
229.9667
170.8094
475.4842
550.9505
163.8939
318.7824
116.8735
215.8424
292.0835
389.1589
134.9817
71.7027
111.2670
299.8275
152.2060
330.5652
882.2173
925.1626
491.0098
185.9938
140.7597
290.8177
302.5416
61.9013
385.8346
815.3695
713.2797
869.7205
633.4429
394.1659
787.9554
594.2185
125.4321
361.0766
422.7282
416.3030
368.8812
221.9213
207.7546
327.1606
449.4830
578.0744
57.8191
421.0352
679.4183
399.0929
283.9793
331.7926
889.9254
969.2199
922.2264
623.2959
126.3816
87.5899
228.5666
307.7070
515.7885
712.2484
493.0714
559.2288
69.5127
145.4128
387.8508
752.9520
689.9983
485.4338
308.5712
445.9564
241.4903
93.7351
354.1587
482.2519
237.0799
111.4564
189.5830
284.7793
496.2878
782.5134
859.7024
599.5296
199.9635
274.6043
169.1564
203.0274
282.8220
78.3157
57.6760
307.2482
564.6499
324.8457
318.9093
783.9775
1086.9787
577.6549
300.7659
537.9029
285.1411
42.7537
76.1843
146.7165
145.7112
194.1090
281.0251
142.1489
343.5136
560.9913
471.7892
550.8334
612.3133
175.2840
516.9140
451.8833
471.3178
58.2070
423.9973
535.1610
160.3474
220.9146
411.6322
310.2361
206.7869
415.8107
763.4582
568.1408
162.4834
173.5112
156.5291
412.0433
486.9680
132.7130
321.0852
103.3805
446.6814
867.1239
599.1528
311.2638
758.8279
778.6016
655.7959
878.7643
933.3584
589.1331
382.7472
215.3045
228.7876
168.8595
261.4141
735.6147
476.3578
357.7136
783.5430
575.1617
621.0391
577.7932
651.5031
490.3792
397.1506
508.3085
95.1617
194.5750
184.5044
396.0557
551.7704
612.6102
548.3186
287.8908
255.1675
420.7730
245.8139
561.6589
630.9608
581.0250
326.7915
342.3051
351.1225
225.5063
83.8436
108.3410
136.1144
45.1032
91.0022
301.4515
414.0562
446.1455
169.2778
494.3289
434.7477
222.8582
361.6588
485.0287
248.1279
572.6603
647.6794
174.9569
221.2206
540.4319
721.5228
582.9604
444.7874
476.2343
328.6423
492.5175
178.2483
255.0702
672.7905
681.4366
822.4941
468.7054
450.2647
749.5709
394.5865
505.6853
276.9662
39.1120
261.4763
668.2096
417.4907
94.7559
87.0023
192.6446
437.4286
539.7121
201.7383
106.0112
141.1685
233.1804
266.8747
107.8058
321.0145
666.8127
371.8500
228.4618
47.6400
126.0341
337.7635
445.8835
145.6566
334.1636
434.8662
169.3010
569.2805
527.7973
626.3847
492.2311
333.9649
114.1024
165.3588
129.3348
541.7220
587.8564
178.1742
598.2608
785.7752
551.3609
377.6869
348.6617
630.3466
631.2325
241.9466
572.7884
702.9790
723.2612
647.6665
828.7537
692.3466
503.3610
800.7822
650.9882
806.6225
810.6162
845.7655
521.7025
283.2538
254.0829
171.2317
62.4727
178.4436
245.7134
322.7237
114.1140
65.8230
175.4266
429.2920
709.2727
532.3205
348.5181
114.2043
81.9287
191.6834
447.5159
868.8120
951.3003
607.0425
134.5647
186.4066
376.8551
627.9782
298.0262
534.1429
373.0839
365.6783
542.0232
62.4032
157.8106
238.7447
122.5474
450.5819
465.7563
241.2064
421.4878
436.9512
430.5419
497.1292
237.2420
321.5048
592.4835
187.5131
179.3880
369.3112
583.0471
523.6684
956.9658
604.7796
351.3387
870.5687
567.4957
378.4382
363.0980
524.8126
224.5195
226.2006
128.5920
129.1609
103.3415
53.6924
127.7621
96.5413
93.0213
484.4409
586.4438
306.8331
215.3953
345.5432
410.1565
720.9666
398.4350
152.4610
211.0285
416.5292
610.2163
41.4296
112.1023
258.2955
114.7675
113.8384
466.1409
656.2024
185.3817
167.6108
147.9020
168.2830
308.9999
517.5014
322.0652
639.3159
313.1587
456.7137
832.4375
739.7713
220.0099
231.1605
443.4079
289.5535
171.9730
227.8339
68.7324
122.4499
186.3193
323.1153
380.2542
395.6049
89.0774
152.1730
197.3682
41.0004
58.1077
274.9467
546.0033
311.9511
529.6929
268.3743
269.4439
230.3185
298.2358
749.0066
670.5022
571.4441
355.2779
406.1127
384.8848
799.7359
613.9429
491.4526
678.5139
902.0908
700.4080
276.8403
237.5511
212.2447
226.6771
566.6795
412.0078
176.1074
279.4560
374.5045
397.4174
164.6586
248.3034
270.4696
100.2868
432.6675
622.0349
611.8668
633.0078
269.4502
427.8099
561.5092
225.1895
271.0074
641.3864
654.3806
583.7378
109.1569
135.1858
63.0681
80.1230
88.4065
146.9030
354.4261
596.7164
158.1626
624.1957
472.5195
143.4750
138.2587
218.8690
283.9879
236.0669
559.0071
532.7456
531.8465
671.3643
810.2511
866.7316
569.4192
278.9602
194.0620
249.5949
411.9542
962.8743
906.8613
696.6755
454.4293
136.1262
717.7349
1032.8711
976.7905
600.0984
165.4546
247.0289
291.0160
481.7089
395.3131
724.3183
601.2805
186.4911
591.9092
709.4987
721.9324
898.3272
903.4690
541.4363
181.4650
367.9842
243.1753
547.2346
415.8065
712.0037
880.1137
726.6401
393.1851
125.8661
117.6251
178.1407
272.7993
389.3842
730.3868
748.3873
421.0926
348.1286
433.3365
595.3927
90.6083
332.5908
467.5774
206.7582
124.3851
159.4450
250.3828
111.0132
293.5611
88.2591
131.8912
396.6585
528.7090
255.9894
133.2267
318.0852
767.7404
945.3794
728.8911
204.8211
232.8371
227.3149
616.0582
645.2620
295.0897
107.8536
105.6110
207.2944
259.2324
77.4823
48.6560
100.1348
250.2849
251.9485
215.9534
210.7853
120.4251
171.4095
140.5108
141.6281
328.2677
798.9868
554.7668
102.8186
138.7695
349.9476
547.6020
228.7987
597.5804
855.2587
814.7136
597.0020
491.5504
366.1586
134.4919
351.8589
369.1630
133.4636
185.1463
159.8826
298.4067
110.7931
79.0779
110.9218
348.9341
410.5463
76.8417
82.2226
160.7461
428.1759
235.5415
316.0663
647.9921
226.7529
328.2031
695.4393
722.6332
378.2846
294.6473
494.8022
579.0156
245.8085
510.5944
419.1532
405.4061
434.9586
586.6126
492.1651
99.3596
161.2544
202.9012
399.6775
608.9877
827.9391
541.4925
277.1992
538.2459
413.2711
64.4008
54.8602
116.9983
335.0165
577.0943
717.2567
640.0084
491.6187
250.9478
268.3902
221.3617
387.2870
105.1064
172.4037
105.7895
128.8114
74.1266
187.9163
380.8632
167.4540
152.7807
222.1276
406.5746
501.1397
95.6011
116.5069
202.2614
171.9343
89.8635
350.0559
383.3843
242.0794
437.7341
352.4486
263.5665
395.3711
100.0253
446.6168
599.8500
299.6571
305.9310
90.2264
151.6341
254.4418
170.9791
148.2845
234.1788
181.8670
191.0667
303.9746
371.2615
541.1317
135.9808
231.9065
511.9618
424.3532
279.5991
567.6620
713.4229
421.4239
837.5693
629.6576
316.8485
492.0414
213.6521
318.2005
178.3050
152.0274
278.3318
335.4183
812.1660
744.5644
446.4795
289.4215
308.9140
127.1164
333.8224
1008.3560
1156.5508
694.2372
360.2546
420.0661
129.9273
353.4119
587.9792
783.7147
1068.9029
1009.9509
600.4864
154.5387
130.4743
268.9493
249.7767
197.7575
224.0628
118.9490
411.5417
740.0845
361.1728
246.6783
890.4317
635.4108
257.2963
150.2708
660.7429
588.8988
128.1749
233.5204
108.6568
115.8782
33.0686
67.9921
122.8092
43.3715
156.6047
266.8147
461.7351
317.5102
308.2340
301.5058
115.2857
314.5995
319.4403
485.7646
405.1329
837.3705
516.4144
403.8528
650.3530
194.7636
135.2460
682.9364
894.5280
590.1865
279.7578
72.1778
121.6842
389.7473
599.9396
297.5914
751.3582
705.2818
329.7922
254.0259
780.6503
793.4998
441.8023
321.8165
315.3253
479.9501
533.4334
758.8286
639.6804
710.7124
946.0610
651.4669
621.3589
383.0302
417.1144
482.7106
186.0217
168.6160
325.9943
664.4933
561.5995
450.2012
34.6782
37.5174
89.8526
201.5293
218.6196
400.3495
145.5612
109.9190
71.6043
265.9629
702.5893
629.5815
416.4214
454.2999
162.1536
225.2370
634.5984
527.3632
389.2477
487.0884
163.9309
268.7309
466.0812
967.5152
626.9020
149.3972
198.5104
270.6238
392.6323
343.6350
665.4332
310.4159
113.7745
87.9647
162.2278
380.8093
77.2898
147.5677
228.8133
186.2756
117.3865
363.1534
249.5646
104.5004
232.0902
544.4234
909.9561
614.7350
46.1322
126.8484
251.2957
495.7256
190.6768
172.0135
81.4300
302.6580
597.2754
605.9915
443.8703
224.5553
337.1186
246.6390
217.1866
262.0724
81.2381
192.7521
379.9164
734.6134
584.3646
250.3257
763.5950
746.2980
376.3881
78.8663
192.7936
227.5901
211.5994
457.5911
820.8055
503.0826
304.1593
424.3304
194.3793
353.1098
113.8437
185.8969
411.3974
457.2518
763.9709
896.6166
656.6256
392.7434
185.9286
162.8015
513.1090
227.8733
284.4209
480.2592
118.0544
431.5553
779.0101
527.3153
319.2855
277.2020
211.5986
123.5813
46.7549
91.3532
117.5740
379.7776
357.4022
39.4400
95.3253
267.1003
498.6793
711.0957
780.5395
693.8737
789.4792
910.9211
863.0652
643.8908
584.4847
1012.5181
921.7798
812.9177
444.5399
92.6495
93.9219
335.4821
569.0827
118.6445
507.6832
673.5259
830.3734
850.6385
564.5294
344.5477
629.3466
635.1964
252.9859
333.0319
629.0840
764.6155
385.8663
391.8569
672.2940
449.2175
679.3956
675.1630
439.2007
373.1608
378.4688
118.3546
148.9071
136.4810
201.6666
229.5275
210.3368
353.2145
431.0137
902.3661
691.7279
286.6157
299.6591
177.6563
277.8563
207.7849
521.7733
842.7074
669.1347
446.5535
317.6435
744.9094
409.7075
215.0201
436.7680
837.7276
1020.5562
1005.7933
889.0243
758.4954
638.3747
635.7494
539.0365
388.1316
445.3580
506.6530
516.3246
400.2066
197.1194
123.2792
43.7254
49.6469
130.6339
338.3633
325.5387
832.5533
633.4304
221.2845
513.5827
493.9728
561.8224
474.7045
337.8303
154.2406
229.3191
299.2676
380.6548
524.9473
198.0652
657.8831
871.7650
557.6587
338.8935
631.5636
280.4642
272.8657
148.2426
166.9812
481.6997
1032.3066
1081.9093
1140.9854
1007.9624
521.3356
227.2404
336.2956
311.3037
351.3441
563.8158
655.9907
256.3589
214.5974
188.4653
349.1010
395.3787
275.6838
248.0805
249.6905
486.8168
765.2151
860.1523
725.2058
504.8141
504.4164
490.9678
389.1792
469.0227
567.0844
722.4822
910.8257
765.0371
486.0139
239.5664
530.5822
497.9384
504.3824
416.6182
177.6241
388.1920
705.1173
628.3852
775.2228
834.8259
493.0581
384.6579
427.6502
87.7224
290.1255
366.1163
456.4320
743.1923
541.7767
560.6481
469.6476
422.6579
507.2619
552.8490
684.7161
501.4260
77.3416
323.4071
786.3823
853.9367
621.3192
348.5197
483.2089
322.1857
798.6045
567.1697
190.9946
371.1613
528.0121
14.5495
65.6727
120.1644
189.8123
435.8938
269.5755
971.9634
1178.5054
980.3525
810.1370
614.2195
407.2118
846.4191
697.7874
515.0355
288.4035
125.6482
185.0795
247.1861
531.9154
441.5130
243.2622
396.9944
194.1136
247.3989
119.3709
357.7709
509.5829
653.6887
512.4121
160.1642
73.6985
409.5808
782.4021
813.9194
908.1534
862.4910
855.1671
1122.7456
916.2386
687.3714
748.7046
992.5662
874.6333
504.6573
315.4639
388.7400
303.5337
574.9272
317.1445
488.9152
603.7324
636.1831
927.9647
784.7750
464.5159
202.9775
86.5928
276.2210
305.6901
622.9132
562.6987
253.7680
159.1856
242.8808
469.4966
683.9988
651.7858
872.8801
535.8291
505.5153
636.0039
102.7397
112.0636
82.7556
226.2854
449.7757
506.9453
219.3462
121.8209
370.3058
775.3138
753.3226
619.9873
374.8540
91.3230
146.0137
97.2408
158.1568
376.9458
682.1769
509.5330
210.3403
183.7506
265.7634
508.0063
203.5862
274.1987
458.3531
391.9026
103.5496
265.6162
500.0128
29.1216
243.3125
389.1824
308.4126
129.1027
357.0565
283.8074
55.8682
176.1737
252.8500
353.4952
238.2684
431.4039
350.2086
574.8427
346.1492
324.6981
559.5665
152.9044
341.5254
848.0818
895.6902
515.4570
272.0625
506.0338
136.7787
344.3599
185.0859
67.5169
78.4685
111.3220
115.0674
255.1701
664.5370
605.5609
423.5444
159.6917
381.1750
766.7589
769.4041
711.2674
369.5692
171.7131
181.5671
132.4917
92.1440
123.2772
181.1955
269.7786
479.9393
232.9052
92.1541
310.4666
206.9052
214.4164
123.8987
137.8497
515.5416
728.0579
572.2213
454.5340
174.3224
99.9690
75.1686
139.1199
143.8251
86.9010
121.3710
129.3421
347.4832
332.0546
642.8700
846.3690
624.5168
102.4333
345.2428
391.7485
314.2994
674.3524
588.5236
279.2822
281.8872
752.5962
847.0880
862.4338
583.5855
171.4668
547.8700
528.1697
350.6306
872.2261
746.1034
322.4253
282.8403
460.4995
153.5897
75.7909
295.0495
861.8053
903.5413
771.3169
635.8423
648.0684
559.9387
134.2374
91.9558
172.3247
485.3493
684.4537
637.3753
428.5358
157.4070
300.8249
438.1678
172.1913
156.5203
218.5731
606.1696
569.4266
193.0537
185.4799
166.8025
246.9569
464.8283
155.4035
509.1537
1041.9834
963.9572
583.7813
292.6838
178.8130
178.8467
381.9207
391.5939
858.8143
867.6492
689.4630
373.4439
219.9207
218.1793
349.9429
120.6292
412.4484
754.1569
475.4417
214.2626
436.2661
90.7726
173.6963
280.4097
497.6155
53.9115
191.9873
376.5074
59.2627
212.5237
416.4779
160.5477
392.4186
685.1978
579.3257
696.4051
900.5931
790.1762
768.5324
714.0108
279.5698
269.6221
504.3195
305.4490
358.6636
254.4849
721.8065
784.1334
697.9786
418.1837
718.0561
637.2239
141.6009
218.9026
391.9933
131.8704
160.9931
315.5671
564.7546
527.2594
793.0160
531.0992
496.5075
111.7629
173.4047
397.9308
417.1006
227.0723
394.5213
575.7117
444.6623
510.2941
874.1193
1037.1175
927.9619
614.7876
298.6838
562.8894
644.9117
412.5183
683.3995
565.0842
280.0989
398.5496
348.2652
513.6310
343.2579
492.3918
216.1985
188.3102
189.4317
462.9457
520.7460
189.3262
138.0450
241.9645
512.1161
552.7386
341.5110
300.1221
333.3258
118.7391
338.7929
445.6014
186.1681
115.8062
257.6872
600.1733
444.5814
146.3994
122.3770
97.1460
122.9089
402.0505
355.2264
217.9786
334.4313
317.9428
495.2127
609.2055
783.9618
797.5945
768.6153
637.0786
672.8547
611.2136
651.1096
470.5635
866.3194
806.4700
470.6828
492.2086
1013.3253
985.8107
1045.9621
921.0783
586.9707
392.2087
560.8123
399.4928
646.3482
485.5403
92.8530
128.4054
278.9120
382.9720
395.0636
359.4453
170.3562
114.0853
88.5929
183.3813
179.6531
232.2345
470.7273
140.5956
426.0699
847.9473
525.3927
344.8409
291.3814
97.4680
220.9982
275.4942
319.0770
619.0325
732.0204
645.1356
358.6394
142.1387
158.0790
261.6181
206.7678
439.8635
348.3842
81.3197
158.9356
346.3654
183.7391
292.2635
534.2583
413.8579
377.9795
536.5118
315.7851
695.0693
522.0090
203.3483
425.7721
116.0015
171.5665
306.0232
348.2313
642.0504
756.4469
775.4528
436.2399
39.3476
154.0949
402.1620
583.0722
204.0599
309.0577
372.7981
513.9216
265.2883
445.5748
705.7665
676.7435
916.1069
887.5555
756.1662
665.4548
641.5759
642.0163
264.7445
457.4863
609.9469
228.5061
368.2995
767.9344
994.3853
632.0350
94.7058
124.8629
439.8595
467.0518
128.6585
150.3679
238.0569
238.6250
419.9685
622.0432
496.1023
880.9524
730.0698
411.2884
193.1003
374.7203
253.0922
606.0065
625.7047
264.3570
141.9790
358.8661
465.2959
261.2886
292.5616
280.1166
379.6941
277.5772
549.1258
360.9029
1094.9438
629.1152
195.5389
217.3824
374.7009
169.6617
483.2694
502.7251
225.6918
281.8271
454.1137
409.8170
96.8827
165.8159
337.5015
314.8633
362.0010
226.1878
426.2359
643.8440
784.6281
680.8030
675.8068
525.8385
606.2721
439.8965
268.3345
407.3550
160.7033
128.5353
370.7880
190.1112
328.3582
541.1514
243.7352
455.1908
57.7198
128.1396
62.6219
314.1592
398.5679
160.7667
154.1662
367.7435
607.5001
432.2789
353.2407
469.1393
99.4674
133.9027
52.6016
88.8895
191.2475
227.7763
331.7684
379.8878
246.4893
868.5045
648.3582
340.5658
428.9697
475.7314
567.1439
100.0597
82.3474
54.4967
93.4362
223.0508
792.2967
880.9523
938.0325
531.7958
127.5216
134.1621
152.1189
581.3901
936.3837
607.9940
442.3528
899.8467
560.4492
41.9501
117.4448
213.8820
105.8961
486.8401
522.5539
86.4799
505.9098
598.4059
426.9405
269.7006
346.6842
49.3514
147.5238
472.3980
873.2203
974.5015
769.6417
706.8856
531.2408
156.4210
33.2359
63.0831
148.9965
365.6719
383.8359
536.9069
180.2522
400.3739
656.6308
509.6380
751.5277
910.2462
892.4171
991.4082
805.6578
592.7832
548.6699
370.2700
389.4899
638.9087
742.3989
731.8353
919.1392
637.2806
405.2413
129.0304
62.6954
178.5337
670.6651
785.6611
835.4627
495.5907
226.5616
441.1737
890.8417
753.2219
791.8840
980.4311
945.3395
861.8911
555.1110
156.9060
248.5752
437.8158
128.9980
260.5338
354.8040
855.5145
745.0649
476.9991
251.2415
571.6268
86.8194
60.3879
95.2202
82.9462
385.4789
505.3541
237.0987
831.2333
886.0413
858.7342
772.5431
866.7001
960.8719
919.9146
599.9881
113.3850
127.7569
166.3994
157.4688
379.1841
436.8490
614.2093
538.0251
110.0628
294.8631
498.8383
597.0865
779.1248
238.0874
301.8138
366.2381
349.8858
83.0817
220.9165
241.6513
93.5365
171.7767
190.6639
520.9124
777.9479
566.8908
150.6552
109.8978
56.7610
114.8658
646.7819
659.2743
192.9636
361.6200
620.2984
349.7499
191.9160
418.1973
699.4396
94.3051
99.4179
285.5676
302.3374
472.8129
209.7777
109.5128
341.0705
496.1997
252.7093
520.8287
264.4885
245.3911
480.1533
274.2826
115.7179
269.3391
454.2090
285.1375
220.8885
257.7107
187.2050
263.7834
621.3881
786.2331
714.0881
635.5379
846.5848
727.8881
739.6476
703.9131
774.2826
714.6161
572.6689
356.2885
140.2836
292.3834
913.7284
809.6045
884.7177
1053.8418
1070.5803
945.2819
596.5742
263.0876
384.6717
666.6656
753.5468
640.1070
207.7767
125.7251
416.3297
848.5402
823.6080
522.2980
106.3772
298.5950
593.8344
450.9051
266.1826
347.6417
571.9606
176.9962
337.5457
164.7664
431.9986
850.9924
1058.0643
1046.9364
893.3246
553.2016
332.1176
152.7307
177.9620
315.4177
473.3465
298.1692
399.6853
121.0775
142.2748
150.8532
178.9364
129.3156
508.4380
695.5303
786.9033
654.1736
232.5524
287.6466
78.7282
65.9589
264.1176
818.7513
640.3587
188.4074
85.3094
227.0736
656.9843
553.4924
605.1620
454.7172
489.3289
268.4250
126.1479
323.2836
510.4882
275.7783
623.9683
640.5211
683.1694
494.8077
418.2604
98.8448
225.8942
93.8350
298.8659
650.1359
467.5313
284.8461
708.0463
790.2095
298.3443
156.7660
652.8012
1112.3683
1052.7533
883.6592
855.1576
849.9202
1082.8542
1130.9328
1022.9027
809.7330
450.8013
64.6191
258.3774
568.3255
638.1785
880.3784
635.3437
107.4238
242.6854
118.5436
182.3038
182.8252
81.2811
191.7692
554.5873
668.8446
434.6339
414.9628
443.5215
417.1173
179.9518
272.6443
129.8760
160.6345
128.4656
203.9071
266.9782
123.0705
249.6627
226.2540
238.6229
417.2416
642.3172
601.3317
302.5380
445.9963
633.1905
234.5919
382.0366
592.6248
298.8121
71.2001
265.9239
369.5488
181.1460
179.8493
280.4234
408.8765
754.8129
1030.9771
963.7122
562.8998
301.6884
500.8485
406.6062
411.9163
732.1005
259.1243
610.0013
635.3955
652.8263
789.4738
546.7461
136.8368
462.3812
878.9580
746.7925
742.9174
614.8910
549.3161
509.6228
252.4735
523.6525
367.2479
605.0989
559.4603
1121.9171
919.6747
797.0103
626.9394
457.8782
429.4907
652.4236
712.7369
731.0137
848.3856
786.4930
992.1145
941.4004
918.2556
966.5651
852.4080
793.0401
639.3047
916.0426
902.4593
919.7294
956.5686
733.7138
384.4775
142.3858
360.7383
495.4128
788.7510
594.8933
438.9516
841.1932
608.2232
366.0183
521.5414
271.0787
563.0227
191.3321
329.3749
447.1835
342.6169
836.0525
825.0730
850.3549
650.2503
412.0907
224.5426
356.3904
252.6897
682.0245
801.1891
775.0136
821.3549
421.6613
414.2288
887.8237
590.9581
630.3053
614.9256
530.1249
523.9236
514.0536
183.0643
80.3108
181.6844
523.3053
420.9748
788.7982
947.0943
853.7213
717.9791
531.3122
580.8575
118.9041
107.7989
98.1622
241.0681
220.5001
457.9717
564.5148
585.9502
629.4209
434.9305
566.9204
208.9218
247.9328
266.5709
288.0387
86.9941
299.5879
435.9524
310.2897
512.6423
289.6610
392.4396
689.5836
717.7460
549.5746
699.4413
971.1993
959.1008
581.5322
81.0686
85.9369
169.6011
420.3419
340.3588
232.4043
256.1589
553.7814
480.5339
607.1830
311.3454
697.2547
753.9527
797.6225
726.0446
433.2932
100.9438
137.4634
175.9090
225.8823
196.3334
210.2054
423.5162
818.1788
832.9673
725.8057
774.1350
548.8833
185.7396
419.2716
467.4065
763.0149
433.0306
103.8949
458.3166
814.0524
402.2913
160.6472
146.8592
163.0291
279.2292
799.1909
809.6619
804.9267
637.1299
337.4295
429.2437
783.1038
604.2124
257.7864
109.4508
133.9726
260.9246
390.3299
913.4289
914.4519
918.9240
747.9914
675.9580
579.6481
600.9004
363.3251
235.5403
184.7832
402.4839
728.9984
784.7106
841.7750
531.0780
462.2852
558.3090
49.4854
232.2465
143.4720
360.6421
520.5951
115.5948
251.2381
126.8531
265.6476
403.2956
544.4054
605.0962
656.0566
342.1516
497.7772
879.9178
846.3944
654.1609
652.9838
550.8802
126.0859
112.9876
272.3540
813.2098
566.7014
257.8026
393.4725
370.4466
763.3332
566.0231
200.3054
547.4914
476.7791
352.1336
533.8317
141.6817
583.3249
791.0133
399.0664
79.9402
257.2042
276.3182
355.2056
495.8002
221.0383
385.7619
292.1076
780.0324
832.8615
653.9741
166.3443
143.0786
304.4849
634.4257
552.0786
636.0622
838.2609
420.1494
176.4926
284.6905
623.1277
718.8621
815.1813
662.8930
336.9045
522.2438
316.0653
165.7281
324.2345
547.0024
524.9893
1119.1704
944.6503
532.3655
272.6484
511.1105
206.4797
113.2665
298.4198
425.5312
245.7797
475.6504
88.1734
84.7327
37.7776
99.9567
274.7700
425.8576
263.9825
202.4599
472.0978
1081.4652
1167.4111
859.4732
718.3834
933.2844
950.4527
686.0718
851.8920
833.0942
597.9343
410.4965
245.8963
108.1531
138.8905
334.7090
111.1559
252.2817
69.8560
283.3959
457.0480
330.9857
308.0945
700.0652
560.9369
420.7842
271.4836
356.5386
583.5192
176.6374
649.4447
546.2032
404.4915
187.1560
158.3304
108.3859
277.1402
582.0611
485.6247
379.4397
670.0837
192.1398
371.1605
321.1799
499.9443
401.7164
625.3543
312.8293
829.8088
763.9762
533.4746
111.1017
185.7936
178.7090
292.8889
372.8435
478.2264
326.1152
316.2865
743.1000
757.3109
928.7075
987.6270
1048.5322
763.3691
321.1902
112.1941
236.7119
368.1622
394.1737
342.9030
104.6700
170.3388
205.5850
278.4399
113.7311
226.6931
524.2646
467.5371
348.0818
585.9101
243.9116
173.0840
296.5803
638.3491
998.7922
832.9456
474.9874
282.9621
693.6823
858.4074
761.9699
764.9906
673.9229
266.7133
208.3896
296.7509
661.1084
554.4474
121.9643
157.0952
183.4117
175.5700
564.3049
850.0774
715.6615
430.4569
189.9312
528.0892
608.2189
225.2275
584.9791
609.4944
797.2415
506.9663
395.5395
901.3325
1076.7490
1091.6211
873.6975
782.9620
533.5242
185.9218
203.5247
146.9793
364.3718
680.0830
627.9246
663.6364
532.1325
427.2946
574.4880
363.3215
949.9813
1031.3981
456.3750
233.2824
375.8818
173.8423
333.2635
648.9942
492.3277
114.6874
178.8363
170.6453
197.2864
460.5909
812.4489
678.2517
476.1616
593.0091
172.3773
536.1296
746.7010
475.3375
867.8378
965.9294
604.3001
173.9072
145.7782
289.0535
322.1007
380.5385
135.1565
378.5619
893.1294
929.1573
713.3322
552.6417
772.9804
994.1221
1002.9459
876.3693
423.4789
163.7591
523.7067
454.0925
81.2398
319.0871
828.3628
879.5479
614.0269
492.7081
570.9053
118.3403
63.2951
139.8674
145.6931
347.4998
526.5357
823.2402
617.5128
108.9410
157.5621
63.6318
162.8353
397.3977
844.6348
858.7060
819.1405
505.5549
237.3669
220.8072
292.8592
58.1574
35.9335
213.2832
411.8101
350.9535
416.7696
874.7587
905.1306
698.6850
329.5213
193.2582
279.1369
315.1184
820.9321
778.4107
737.5198
768.9122
486.2928
349.6858
787.8392
848.1359
739.9687
627.7658
552.7033
480.4537
159.3755
390.6253
548.4119
420.9176
215.9263
316.5423
381.8043
208.8938
467.9935
856.0760
540.2779
238.2271
211.2887
365.7932
470.0159
541.7127
305.6252
107.8561
415.9038
599.8267
160.6836
343.4070
551.2771
381.1686
746.7239
522.3565
293.2030
416.4620
797.3069
843.6255
670.0506
392.9198
140.6968
327.1977
497.4469
434.5850
1100.4453
918.9543
611.3183
411.1185
410.4237
90.4309
76.7576
427.3596
599.0556
32.6717
284.8724
536.5678
248.8462
241.1564
593.6319
651.4533
338.0531
362.9402
331.9486
267.5230
550.9997
475.3810
105.3884
106.9427
167.6358
302.5095
488.0403
507.4332
299.9533
530.3465
550.7765
135.0380
306.5674
575.2983
796.7649
205.1964
159.6239
171.3254
399.2757
245.6426
231.4561
325.4755
305.7898
276.8168
561.8066
492.2851
956.8056
786.4220
458.1946
177.5084
54.2224
341.2558
927.5293
634.8720
171.7133
614.1301
888.0446
813.3735
586.6311
167.5900
183.9546
189.4187
67.1464
179.1780
396.4475
248.0603
454.6195
570.2968
384.0587
450.5604
591.2520
202.5784
356.7427
828.6096
678.5986
441.9884
619.1974
574.0353
134.5728
266.7587
519.4601
837.2429
956.9289
537.3630
182.4993
657.2781
728.0498
359.8559
420.2326
702.0488
563.0082
208.0100
687.0028
913.2967
657.0482
374.2119
87.4657
52.3769
34.1158
56.7184
96.4914
99.7409
490.9720
826.0389
746.4009
470.9242
306.4851
475.7849
540.1784
566.0342
487.3866
253.8852
440.6142
961.7208
871.0330
683.1314
359.5327
436.0986
579.6368
611.8693
648.5667
876.2272
876.0110
825.6210
949.8704
1024.3395
1142.7025
978.5135
763.6807
566.4090
400.6923
619.2465
685.0680
287.1620
247.4153
494.8114
406.1880
141.9908
338.4709
884.0601
980.3984
927.5741
1059.6833
880.6085
840.8015
534.1442
154.4415
763.6601
1029.5999
712.5028
636.1470
864.0085
717.2494
313.8102
32.7087
64.4074
165.8029
412.3403
430.9720
488.8321
797.1285
879.8373
713.8166
538.6806
419.2968
281.2283
142.6610
251.6180
98.7098
260.7613
737.8556
494.7835
525.3346
785.2693
322.9452
363.2829
176.0802
210.5735
303.9555
269.4479
431.9051
440.8107
756.6612
367.0475
474.7879
903.2411
981.1854
1134.1659
1179.9060
929.0858
534.1451
161.9326
383.0584
430.9490
559.0318
161.5694
131.3027
256.9930
280.4045
129.8337
405.6173
798.8574
556.6940
305.1298
217.1137
192.0205
216.9145
364.9448
481.1149
228.3858
289.6235
609.8932
338.7693
628.2693
742.2307
466.6600
81.9844
277.2222
453.6239
270.5640
172.1228
416.9804
730.0621
624.0229
436.6900
488.0352
404.7201
123.5307
174.1856
217.9229
540.1568
508.3650
230.0319
465.8833
230.7322
725.8759
636.3845
602.3554
806.1651
885.7425
1193.9938
1011.8381
871.4850
947.4207
872.5133
772.9588
577.2350
89.3896
146.6463
437.4862
832.3786
625.9408
172.2533
83.5499
115.8080
196.4263
201.3788
770.3554
943.0995
674.9530
525.3435
472.3115
261.0464
457.0687
146.8479
127.3949
115.3273
181.6769
293.6800
344.0863
588.4741
466.0266
456.6157
133.2278
481.2053
393.9628
425.5346
577.0116
335.5828
989.6652
863.7736
564.2483
352.2266
565.6802
432.9946
744.8800
509.4386
331.9772
447.6744
944.2898
859.6543
899.9036
594.3695
56.6394
85.3699
246.0428
260.8742
228.2744
702.7635
728.9040
308.5637
266.6662
403.1895
767.6640
660.6349
173.4760
243.4844
262.2244
237.8592
188.5445
395.8146
112.9259
75.2384
296.1248
566.5583
178.4630
324.4535
582.5310
314.0182
223.9181
81.3422
318.7191
535.4280
83.2119
207.5140
366.6611
201.1382
449.2870
720.9709
660.1790
915.9259
860.8879
932.8856
727.3593
640.7267
268.0122
289.0619
244.1865
177.4991
38.6307
346.5894
923.2522
756.0998
610.5244
533.6899
60.0074
106.5257
333.9651
802.9830
909.5406
794.9953
565.0134
418.1993
184.7999
271.0346
124.7118
298.9660
221.0934
252.5718
371.9002
254.2645
452.5192
871.2007
881.3419
759.7139
843.7996
739.5826
537.7891
397.5422
231.3747
531.7848
513.2268
290.2630
127.2669
308.6721
446.5173
158.1688
172.7497
198.9911
340.8299
389.6946
425.9294
823.2476
1055.4267
1226.2569
966.6353
658.2531
701.7786
605.5722
133.8446
341.3024
324.9933
631.9221
486.3222
331.3751
280.4523
225.6406
212.2202
207.2146
475.7890
496.6269
152.4748
298.6463
423.4637
456.4034
636.7592
667.5607
815.4588
965.4007
1033.9290
953.5005
482.0152
122.6064
213.9122
420.2026
163.3421
211.1314
563.5435
810.6415
547.6647
252.3534
529.0244
591.6207
627.5393
797.7425
378.4268
104.2325
94.7365
203.8183
273.0850
877.8619
961.5592
836.3893
688.0437
495.1732
173.3946
189.3893
267.9486
463.6486
215.6065
443.6420
339.0549
389.8213
915.5949
999.1649
648.6045
500.7055
1056.4466
1021.3762
617.5928
608.0686
855.7646
468.4613
270.1923
305.0430
90.9910
574.5904
659.7713
302.0200
636.2118
426.4799
156.8990
507.2301
488.0141
527.8068
629.7749
150.1560
338.7223
401.4854
584.5624
128.5762
180.6615
188.3116
60.4726
67.4155
276.6838
419.2761
465.2914
229.3193
187.5665
170.1871
691.9513
698.2316
369.0328
48.8364
153.6910
132.5931
122.9697
272.6593
542.2292
128.3457
124.5973
140.7558
278.7319
865.3918
932.2131
825.4130
555.8549
221.5019
470.4253
396.6598
461.3285
448.4159
234.9481
515.7237
393.2814
745.4316
530.3716
109.2821
250.8350
457.9584
167.8693
325.3566
541.3835
239.9822
349.1712
276.4883
408.1629
270.5791
187.4491
81.3350
106.7588
192.2961
181.2951
397.4149
873.5314
422.1285
212.1104
476.2694
287.0471
203.7176
68.3269
239.2829
665.6710
612.6152
290.8660
323.8284
806.0759
611.2515
433.6933
778.5810
889.0778
750.7510
528.6795
265.8428
315.9137
133.4398
363.9367
379.1657
170.3879
164.4919
129.9791
226.2632
199.3969
265.2836
369.3410
256.3975
214.5072
386.0782
118.2764
236.9083
247.9781
393.1645
456.4177
924.3628
875.1782
800.1914
780.6726
667.6277
546.1039
415.2577
518.1292
674.6654
262.4713
485.5970
686.6884
813.7247
698.9902
163.0762
305.8076
348.1703
303.2296
606.7607
714.4181
469.8069
459.2738
579.1986
190.2292
141.2649
101.0435
402.6815
666.3106
577.8454
80.4028
339.3570
576.4205
656.5672
833.7301
513.3113
131.8015
91.0640
108.9849
237.4991
238.6522
349.8044
710.3565
441.8892
132.0209
304.7971
266.9046
108.3519
191.7856
136.6980
171.6553
123.7215
215.8146
297.5779
444.4206
217.1380
262.2591
515.4951
560.9803
306.2750
556.1656
377.6840
475.5695
848.7471
845.7718
593.2463
171.4372
260.4254
206.9638
300.4981
546.8163
267.7679
215.0432
339.8092
252.9084
347.8535
727.4338
634.8601
344.8710
332.1831
437.0141
159.3007
272.7842
92.7036
271.4878
575.5934
388.8276
163.8682
330.6993
303.5886
547.2661
531.9011
560.6118
408.8349
159.6413
244.8987
280.4644
514.8678
872.7977
654.0993
394.6875
106.7004
370.3282
505.8940
98.3432
262.4772
352.2665
285.6454
181.2495
517.6846
922.4761
907.1966
897.6718
536.7977
173.4286
94.3432
171.7828
198.2654
522.5465
743.7704
721.4739
555.7114
43.9480
278.2713
656.2983
287.3138
101.5558
267.2747
913.5273
681.3510
449.3274
398.7211
280.0308
603.5554
694.1310
843.5640
805.9206
560.2334
151.5302
188.9663
233.9908
372.1134
922.5984
512.0184
505.3824
765.9393
458.1832
315.2829
1045.1461
954.7547
542.1400
86.8763
477.7487
660.4758
240.2917
153.0537
413.1118
382.7528
712.1210
817.2903
806.3486
892.2820
590.7050
598.1797
895.9572
848.6429
746.9088
667.3955
532.8117
673.2344
790.7355
796.8762
772.8528
569.7318
563.9218
506.7021
460.0030
177.1779
565.7452
553.6706
422.5699
231.9875
487.1028
737.2946
1120.5487
642.4043
127.1342
171.8235
266.2184
354.5770
462.1446
459.1677
320.6722
636.0772
485.3782
371.7081
208.1959
366.9309
109.3490
308.2461
416.2395
350.7976
785.1588
539.2613
459.8426
707.0557
134.7480
150.5231
121.7338
128.6064
162.0387
453.3064
615.6301
910.2480
992.7243
703.7195
182.9197
171.3412
284.6396
104.7981
153.7176
402.8900
632.9658
354.6503
235.0687
773.8042
708.4721
490.3453
603.3891
863.7048
758.8440
569.1229
606.9223
207.1172
500.4723
577.0490
981.5220
696.1688
153.7644
120.7973
160.7357
82.4704
340.9489
659.2861
345.7629
224.6934
267.5682
295.5841
154.7200
115.8493
188.3286
379.3122
664.8600
563.0614
880.7942
667.2312
156.8705
107.4974
356.6295
483.7904
229.5269
283.1490
358.3945
660.5962
776.8746
675.1138
567.8282
296.8102
410.6145
805.1111
487.2528
95.5486
173.0445
179.6401
290.5672
836.0619
560.8530
97.1061
258.9545
492.3297
242.1382
290.7165
34.9301
259.4389
724.0200
498.2979
306.2275
893.2096
877.9073
506.6169
229.6244
489.0037
315.3078
217.8182
656.5477
1199.5910
848.7429
550.0843
492.0547
781.0727
699.2728
464.2793
282.9635
348.0514
134.7833
326.1577
770.3549
460.3695
468.2481
888.0697
660.9587
472.5914
221.9259
128.8182
573.7047
957.3065
601.0593
162.3871
411.4180
263.7355
498.8244
465.3606
493.5966
866.6711
693.9311
776.9908
830.1672
561.5789
99.3310
224.2885
266.4617
231.8026
590.2028
515.6719
935.8315
867.1408
618.8606
176.5831
333.8731
444.7470
596.9898
208.6396
214.7508
396.6085
489.7165
565.2712
114.5167
480.8517
512.1327
255.0038
429.1987
307.3802
644.7443
571.2767
216.7477
179.5309
168.4003
43.8419
44.8244
137.4064
284.7594
500.5630
397.2902
243.8689
401.2107
148.0626
227.1333
294.3936
140.2669
259.4294
227.1082
383.4029
409.9026
500.7703
451.5742
239.1484
482.5501
226.0634
541.1944
570.2282
445.6931
765.0407
743.7770
583.7029
581.1062
137.3534
234.1598
531.4172
504.2916
608.9672
288.7221
92.9174
231.0051
154.3038
201.6311
317.7969
338.6348
347.6999
294.0142
573.7681
35.3152
52.0767
120.0665
67.7736
101.0956
64.3482
128.0904
164.2128
71.5150
322.5001
944.5627
758.8277
509.8519
435.1366
469.5223
92.4278
477.8035
646.9254
213.9318
232.0621
633.8447
509.4093
118.8380
203.1690
504.6347
373.6974
380.3787
384.1435
233.6691
235.7545
336.9329
378.6847
507.4575
181.2730
120.4768
357.6818
559.4995
706.5478
656.7857
679.9576
490.8285
127.6321
159.6231
301.9289
504.7009
220.6647
69.8514
365.9963
594.4667
255.4690
507.4472
310.2397
226.2514
166.2857
385.2140
988.6831
890.8204
761.3952
796.4200
864.1910
560.6836
199.5215
159.6582
118.3165
258.4487
835.1721
846.4002
782.3955
562.2510
128.4761
250.3842
137.6614
605.9071
681.6923
188.0101
757.7283
830.8271
509.6482
117.8997
98.9187
211.4699
153.4327
360.0480
408.7219
127.7529
283.3096
153.0240
323.5996
649.7443
803.7920
822.3055
992.4994
686.4800
861.5930
872.1161
501.0864
274.3112
268.5545
283.9556
286.3635
413.0250
586.8379
165.0078
53.1920
226.1926
414.3782
869.5750
587.2295
452.8916
751.2901
583.0505
493.2130
300.5911
211.3749
96.1303
129.5632
443.2013
682.1292
498.9411
466.7832
206.8218
176.9883
263.0923
658.7389
848.3607
801.7471
554.1330
186.1530
183.5969
248.2457
250.4207
284.3661
218.9098
397.2802
555.5106
165.3968
170.3848
440.7075
447.7281
247.3725
330.4367
257.4329
579.3460
255.2115
393.0450
417.5183
128.4935
289.5124
565.9514
297.0538
437.1702
107.8817
148.2156
187.8269
295.0231
690.1269
464.6078
153.9080
501.8079
773.3743
490.1914
608.8116
402.1351
896.0214
857.5757
597.6575
287.4636
461.8150
610.2697
956.7764
1052.8834
1061.1242
937.9335
797.1196
462.8254
93.0391
285.3936
460.3380
137.8456
217.7269
593.5144
983.0971
1056.4230
814.1332
649.7320
965.8861
1112.0271
863.2825
668.6440
852.3729
700.0771
685.1296
1031.5325
737.5767
386.6675
83.4401
310.9225
747.8323
752.8281
709.2961
334.3911
204.9625
438.5827
426.8652
517.6356
172.1799
498.0160
105.9319
262.3391
652.6366
515.4444
152.0393
446.2187
566.6491
134.1782
69.7960
320.7298
618.5524
333.0514
499.1933
827.6547
883.6182
835.4401
796.7149
845.5849
690.2806
438.7506
574.7363
397.0119
223.5356
91.3425
381.8673
583.0983
615.1109
615.1668
516.6691
370.4005
697.1277
660.2862
569.0735
588.0597
833.2514
546.7628
72.3270
250.7253
371.5961
279.6187
514.7530
1035.6980
1117.9043
1072.5925
871.8087
789.9450
552.7273
236.2027
521.9476
487.4021
415.8178
260.9773
675.6941
829.4889
516.6518
134.5725
370.1918
498.8778
137.4050
125.5644
245.4979
100.7644
153.8281
114.9188
293.7349
413.3854
300.2707
79.7775
254.0563
372.7074
440.5169
489.6421
126.5083
359.8671
732.4004
657.7514
1021.4722
1016.8803
662.6192
379.6713
736.6888
384.7399
332.1945
337.2239
170.5726
337.0065
135.7211
323.6735
514.9467
535.3070
209.4403
379.6556
311.3063
308.3655
887.7715
957.9234
843.8416
716.3727
629.0520
475.5235
575.3164
468.6128
816.1475
882.6865
828.4162
608.1867
474.7941
331.1652
90.0061
256.9110
369.3671
241.5552
380.4858
618.5900
709.1597
587.3621
525.0918
848.3509
603.1812
405.4266
461.1426
466.9445
595.6482
649.9134
502.0246
180.1921
576.9207
632.8941
136.5237
232.2629
93.6001
133.3624
57.8530
275.0014
680.7624
336.9930
452.8371
636.0492
75.4680
195.3751
586.6842
509.0484
163.7898
426.7240
805.9007
787.5062
445.9206
221.0211
329.7103
76.8363
72.6275
128.5075
148.9338
382.7633
536.5511
604.1438
447.2362
496.6977
122.4647
177.5724
380.8406
635.0940
317.3840
418.4044
311.1583
574.9853
272.4427
234.0077
347.3465
561.6825
821.9076
489.3258
418.6970
330.6440
695.7010
799.4514
756.0170
885.6785
654.8266
591.2407
381.1029
547.0718
559.3195
358.5085
349.9797
102.5813
206.0580
259.8606
768.3647
822.2189
798.2974
636.3251
649.1744
573.4784
440.1320
992.3952
1159.9888
1031.9847
796.6052
496.0758
111.2007
170.2445
256.8501
237.2584
250.4794
311.7724
130.3548
359.1177
459.2890
452.5386
342.0270
216.7872
293.8254
216.6137
184.8726
354.5269
155.7489
123.1247
285.4694
513.8976
178.9669
216.6113
93.7942
645.2072
1010.8629
680.6236
691.6663
499.6483
735.5675
990.1075
962.1026
770.8531
711.9252
582.3212
120.1291
218.9706
245.3638
213.6421
451.1051
875.4340
640.0803
761.6369
810.3624
729.9192
730.8339
761.5317
481.6402
274.1023
806.1610
1064.5130
666.4110
250.3728
354.1404
792.8313
498.0271
214.9814
200.4754
100.3095
214.6512
129.4401
161.4513
729.1269
756.8495
364.7540
343.9196
870.0425
796.5327
574.3522
308.7665
90.3295
376.7631
522.3189
283.8915
473.9569
406.6514
719.5863
850.2141
611.0790
203.0678
199.2054
512.6969
761.1148
619.1397
706.6589
415.3002
280.7821
412.6698
179.1373
348.5926
478.9511
70.6657
128.4772
217.9021
67.4145
151.7892
212.7267
210.4615
734.3055
535.1288
176.3969
375.9552
280.0096
102.9196
225.5777
293.2131
374.4592
193.3090
393.9085
475.1230
191.8617
347.5220
382.9320
239.2689
505.4190
203.5160
136.8039
133.1323
294.3619
52.0283
354.1415
822.3381
654.6204
416.7575
253.3074
158.7288
93.4710
48.2480
116.5172
372.7849
214.2394
393.5840
741.8734
340.4927
390.4004
297.7659
422.1616
432.5673
67.8853
194.5214
565.0269
654.0765
580.3488
347.3144
523.5456
236.6320
554.5104
379.3396
229.9245
50.4962
428.1944
798.2810
330.3554
428.5088
499.9251
72.8686
239.1373
554.6793
706.3411
628.4910
563.3837
668.1496
371.5940
139.3186
182.0249
418.9038
445.8100
248.4748
465.4152
354.5851
161.5168
124.3059
344.8534
802.9261
513.0525
349.8180
640.7832
219.6450
139.9807
93.3461
283.7641
641.2650
659.1947
790.6154
787.2616
566.9181
240.6156
379.6554
799.3444
563.9959
548.7661
609.8440
379.3882
216.1011
486.4351
244.6669
154.3174
274.8476
436.0878
450.4597
609.3619
204.0632
557.8183
478.1748
311.8347
726.4175
426.0471
159.8982
117.9045
149.1476
189.6561
320.5249
34.9558
127.2714
370.1226
513.6679
173.2220
451.9281
544.4776
105.8467
328.8765
835.4429
943.6314
630.3914
132.8886
307.5607
297.4288
191.5301
334.2856
849.9890
509.1295
363.7701
636.7696
169.1099
338.4034
866.9745
896.9826
637.2823
500.9213
247.2575
474.3054
864.3470
797.0447
521.1448
548.4046
912.2284
949.0761
775.1862
723.2632
418.1942
389.1327
895.7403
496.3973
118.7691
469.9073
886.5257
708.7359
785.5567
448.1524
384.3648
815.8149
687.6257
506.9282
332.1608
784.3559
1021.1900
681.1780
486.4690
433.0406
422.6008
370.9522
580.2729
366.1358
576.0546
77.4916
151.0365
371.5936
875.9689
569.7714
273.7059
182.9525
806.0807
698.0050
625.5723
476.5040
143.9818
261.2338
211.0450
358.5344
168.3123
80.3383
299.2997
573.7498
166.1712
51.8761
95.1109
292.8283
509.6818
234.1335
437.8241
839.2496
821.6383
889.1395
775.6362
544.1708
240.0095
783.1921
831.0455
734.6033
540.6108
327.5221
219.8557
455.2973
179.3850
113.0704
418.9817
682.4172
467.1972
392.7095
901.8937
908.4934
591.7268
432.0229
179.8870
240.4660
39.8745
108.2180
237.4907
197.1670
368.7740
518.3379
434.8674
401.8335
154.4638
383.0450
867.0751
817.7447
629.1840
305.9196
171.1825
162.7927
199.8969
356.9289
454.6411
1063.1038
1043.5995
837.8992
539.9152
64.3856
232.1877
380.9924
637.3830
891.9212
789.4014
535.2839
191.5590
346.9219
324.2739
275.6326
525.6306
635.3560
638.6421
150.6623
144.2845
384.2834
320.2364
110.7567
