30.8930
8.2965
3.2168
-5.1727
-1.0644
-7.5883
4.1988
-15.0658
-5.2844
-9.4430
-18.9930
-24.8699
14.7940
7.8156
-21.3352
6.0652
3.6027
-6.6468
3.5520
-12.2063
-3.0438
0.3453
-0.5395
-34.7867
-33.3934
-18.4594
-21.1539
-20.9203
7.3949
-26.9566
-0.7269
-1.5823
-39.5891
-45.1898
-1.1752
-27.2992
-32.5719
19.1264
-7.4629
20.9969
-6.5869
-16.4762
2.5227
-27.0641
-38.6227
-16.0928
-30.2134
9.4305
40.6875
-9.0178
-3.3652
-4.6777
3.5094
15.6852
11.6227
2.4693
3.6367
4.6477
10.1082
-20.0375
6.8811
-35.2609
-18.6647
-36.6625
20.9639
-46.5400
12.9098
11.3211
20.2383
46.5883
30.6695
22.4047
12.7727
8.8274
-18.0602
14.1414
-29.6953
-14.9832
-17.1371
-23.2445
-46.8445
-39.0363
52.2473
14.3352
-16.5717
-6.3160
14.6158
-22.0449
-0.1946
-13.7805
-13.5371
-15.7311
-5.5711
-28.6770
-12.3980
-24.9273
-31.2484
-22.9297
-6.0371
7.2382
9.9023
-12.6727
-17.1953
-39.9914
-9.7915
-10.6484
-33.2984
-18.4547
-26.7627
-3.8242
-45.1766
-20.4801
-40.2822
14.9609
34.9150
13.4439
18.7191
-12.0586
-26.9891
-20.4336
-12.1939
-27.7586
-9.4977
-35.8961
-0.1441
-26.7465
-25.8484
-22.3836
14.4211
24.3859
32.0008
10.4688
4.0604
-26.5422
-38.2922
-22.4361
4.2050
-25.7797
-35.6141
-16.4355
-16.4043
-20.3547
-18.3396
-2.8594
-12.2426
-15.9762
-39.7844
-2.7938
-26.6242
-23.7672
-0.4596
-20.2180
13.3687
-5.8048
13.6955
-37.0609
-14.1348
-26.5152
9.7461
-37.2773
-34.9445
18.3593
-19.8631
-9.0775
-26.1684
23.2008
23.8879
-2.3730
7.2915
-41.5789
-44.7586
-9.2411
-10.9252
-15.0199
-10.5566
-14.8006
-12.9922
-13.4492
-5.5477
-16.8895
13.8422
16.0836
20.2457
3.3379
-11.1881
-12.0117
-8.8859
21.6172
21.5627
-23.5449
-43.8234
-23.5219
-41.0299
-14.8336
-13.6137
-8.8991
-12.7322
15.2086
-8.7504
-32.1426
1.0129
-16.1703
-6.6234
-23.6926
-12.9060
-1.2762
-22.6656
-46.5203
-43.4680
-22.8554
-12.1664
-14.4866
-15.5883
-37.1430
-25.9572
27.0465
-2.1102
-14.8102
-35.8625
-19.0938
-42.6063
-30.8680
-44.3195
-26.7820
32.7672
-5.0645
2.3318
11.2061
-0.6481
28.6766
-4.5195
-29.4672
-42.6148
-42.8422
-14.2129
-34.3078
-43.8035
2.0520
-4.5871
-11.6500
-14.2375
-11.7531
-14.2824
-34.2656
8.9832
-11.3801
-6.9084
-47.7352
-4.4236
22.0809
-22.7719
-40.7734
-15.5316
30.2090
18.0719
6.9963
1.5769
-1.0820
20.3915
5.2271
19.6146
-23.9105
-15.2242
-4.1823
-13.2920
9.5152
23.1047
-11.7988
-37.8617
-6.6639
-28.1096
-20.7080
7.6041
11.1230
-28.6391
-41.7492
-0.6893
-27.7066
-48.3898
7.9414
-20.4188
-2.1456
-26.3625
-54.2148
-28.7660
-1.1117
2.9141
-37.6895
8.1516
-21.7887
8.9187
-31.8555
-24.5102
-13.7031
-2.8789
10.2804
-12.1516
-8.4934
-19.6094
-17.2953
-8.5985
-15.6650
-25.8452
4.3986
-17.0262
-1.0151
-33.1980
-23.2898
5.5199
32.2902
13.3414
37.4672
12.7137
-2.9926
8.6816
-18.9867
-22.8086
-16.5938
3.5344
-7.4287
2.1543
5.9309
-2.1324
-16.7449
-13.7211
-15.1641
7.6359
-18.3934
-4.7902
-3.4084
34.8266
10.5074
0.9672
8.2887
23.4766
21.5047
-47.5430
-31.5492
41.9813
50.8117
29.8277
25.9516
16.3656
13.5884
-26.9445
-12.6527
-0.2793
23.7418
-22.9354
-16.1722
-23.6637
0.8115
-17.5538
-23.8595
-9.7418
-15.6488
-6.7638
16.6656
-1.8656
-1.4406
21.2977
5.5833
-5.3242
13.1064
4.0795
-38.8539
-24.1930
-1.8210
-6.8078
-55.6586
15.8712
-37.5242
-1.5211
-38.5125
-30.9234
-10.8777
-33.9938
-22.9828
34.0336
6.5223
8.6877
-12.1873
-24.4428
-47.0563
-17.0730
-44.8996
18.3633
-19.1072
-22.5891
-26.8227
-7.3179
-4.7117
-21.2309
-4.0988
-28.9445
-0.2625
-4.0551
-9.3863
-23.6191
-2.1437
47.8156
14.9125
9.8961
-22.9406
-34.5891
-8.0535
-33.3684
20.8098
-28.1434
-2.6445
-33.4340
-0.1357
45.0723
11.3156
-26.6863
-2.2473
-16.9848
-44.8480
29.6281
3.1937
6.1809
9.5315
-37.9582
7.7276
-20.4540
-4.8142
0.1439
-6.9348
-30.6043
-40.5633
-41.2828
-48.4898
-13.6118
-3.2729
-7.8234
2.5914
9.1762
2.6914
32.7086
9.4297
5.4512
41.3965
34.1426
9.5553
-31.2227
-2.1621
-5.3200
-19.6461
-16.1387
3.5438
-30.9410
-25.9918
-17.6727
30.4719
12.8539
0.2436
-1.3815
-17.2715
4.6582
9.6820
7.7086
-21.3422
-31.0734
12.5856
-25.2570
4.0873
4.2016
-21.0938
-18.6426
32.0203
0.9467
-23.3430
-23.3266
-3.3664
6.2250
4.5381
-27.0133
-32.3117
-39.1281
-49.5141
-3.9356
-0.0824
10.6266
-2.8539
29.8742
8.7527
20.4836
18.6930
19.0145
11.5095
-4.0387
-15.3406
-23.4028
2.7133
-22.4918
-48.2367
4.9984
-11.0688
-4.3059
1.3000
-7.8445
-25.8477
-20.6703
-35.1813
-14.7199
-50.5469
-6.9254
-23.1184
1.0803
-41.1055
-17.5344
28.8250
-6.1070
-23.2812
2.7584
-44.3320
-30.9156
-39.9562
23.3289
16.8035
-3.1020
-7.6906
-21.3862
-19.1240
-16.4582
-13.3242
-2.1875
-17.5207
-31.4641
11.3992
4.3997
6.0729
-16.8879
-33.4684
22.1375
2.4734
9.3354
11.2078
13.4922
-9.0067
9.2650
-2.1703
-15.0006
6.5432
-13.3031
-41.5922
-26.3750
-25.9078
-5.6125
5.2090
-17.3352
-24.7203
-7.2434
-33.2008
17.8656
-21.9223
-39.2336
-15.5000
-18.7698
-33.9219
-16.0099
-22.6012
-21.4250
-11.7094
-51.3104
-0.8042
-2.5328
-12.7266
-34.8742
-26.7352
21.1824
16.4855
31.3422
5.5711
-5.9010
11.0875
11.2914
5.3996
-0.4938
-19.3338
-19.4859
-22.8549
-3.5605
-23.0270
-1.9344
-5.1797
-24.4883
-29.6291
-13.0945
34.4270
-18.6953
-19.0711
4.0484
8.5504
0.5312
19.9836
21.9074
19.4520
5.4867
-26.3477
-10.0116
-35.4398
-19.4906
-20.8133
-29.8137
-14.0479
0.2703
-32.9461
-27.3691
0.4250
5.8531
5.4871
19.2875
-23.4465
42.9801
-7.9949
3.4000
8.6020
-13.2514
-36.4367
-39.7898
-18.8758
-31.3029
-2.9414
-43.6930
9.3576
-0.4484
4.6720
8.3180
9.7953
34.7664
23.6984
2.0062
-42.4281
-14.0974
10.1604
-22.0456
-2.5500
-40.9824
-16.5484
-0.8258
-24.3102
-10.5820
-13.2469
-6.4641
-17.8413
-14.4320
-3.9185
9.0305
29.9234
15.8328
35.3578
-9.7543
7.5820
-0.2227
1.9352
3.1656
-16.3590
-8.0723
13.8973
-9.3070
18.7727
-5.7604
-25.6820
0.2490
-32.2250
-33.3297
-46.4062
20.4486
-7.8340
-6.9516
4.0373
-23.0562
-24.8977
-2.6332
-20.4117
10.1031
14.7407
17.0622
5.2468
-28.0672
-17.4453
-20.1461
-25.8140
8.1900
-20.4969
-41.5410
9.1164
2.9514
-28.4281
-13.4996
-32.4623
-5.3891
-43.0320
19.5992
-0.4783
-27.9109
-45.5410
6.5002
-41.8664
-27.6797
-13.2744
-18.1074
0.9361
-4.0469
-19.8972
-47.7805
-10.1730
-18.5285
7.2267
-36.8331
5.4477
2.1674
-18.2309
-23.3557
2.8758
-17.5516
17.4523
21.6090
-11.8492
-17.1118
-19.0380
31.5676
-8.7829
-6.4665
-16.6195
25.9500
21.5324
6.6803
-33.3750
-25.0086
-37.3063
-19.7508
-40.6789
-30.6969
-50.9250
-27.7504
-7.6755
14.9527
12.4899
-13.3199
-15.6906
-10.9695
-40.3602
-38.6195
-50.1688
-45.9359
-43.9102
-8.6252
-3.5742
1.7004
4.1543
-27.4969
-13.2781
2.1441
-48.5469
-33.7863
7.7555
-12.2920
-19.8381
14.7930
-9.2585
-18.9949
-8.9903
-37.0215
24.1453
40.9918
-2.6594
20.9654
8.3711
5.8875
0.2669
-30.8055
8.7970
-19.6809
-28.7189
-0.3168
3.8328
-2.6703
-7.6771
2.2601
-23.6241
-3.2564
-18.2919
-31.4656
3.3738
-39.0914
-14.1904
-11.5668
9.1142
-15.0484
-47.7766
-45.4633
-40.9395
-7.4227
-39.7051
-1.5409
-2.4038
-13.1152
-59.1977
-39.7938
3.9873
-38.8383
-51.9469
-30.1980
6.9747
-8.5698
-13.5496
-5.8168
-12.0515
-32.2696
6.9008
25.4379
9.2836
-2.6137
-0.9812
-4.0701
9.4954
3.5980
-2.8166
24.9816
-15.2873
9.4961
29.2594
8.7809
-1.4902
0.4336
-51.4344
-42.1281
-31.7016
-44.8203
6.6041
8.1715
-26.3871
-2.0641
27.3719
10.5664
13.5961
-21.6773
-9.3479
-0.5964
-32.7578
-32.8424
-4.2354
8.8440
-0.8859
-7.8168
22.5996
-2.7451
-1.4500
-15.6477
-42.2629
11.8786
-9.7349
2.4148
-16.1531
-3.8557
-35.8844
-40.1816
16.5297
-26.3255
-2.6672
-10.6727
-31.3929
-9.6070
13.1465
8.2880
-3.8367
-8.4305
-2.1191
14.5629
-6.6827
5.0143
-11.3797
-17.1453
-24.2156
-16.5938
-5.8816
-17.3516
-3.7496
-42.0172
-19.1559
-13.9746
-0.0631
0.2465
4.5156
34.0852
22.0391
21.7141
-19.7836
6.3068
-26.2402
-4.0203
-16.2266
1.1920
-4.8430
-17.3555
-27.0516
-39.0258
-12.3477
-8.0657
-37.9355
-26.2293
5.8949
-12.5879
12.4758
11.6516
7.8288
-40.2672
-3.3578
20.0859
5.1874
-2.9785
-18.7054
-32.7180
23.7898
24.7730
1.2320
15.7176
-6.7700
-37.7695
14.2014
-37.7234
-16.3678
18.2551
10.7949
1.7285
-4.0824
-34.8812
-10.4113
5.2020
-23.9484
2.9863
-9.0789
-8.7608
-22.0438
-5.4609
-47.0500
-39.4320
-13.7985
-21.6739
-32.9529
-6.6939
-42.3871
-11.0372
-12.4707
-6.9992
-28.2195
-31.5539
-3.8319
-27.9092
13.9856
-40.2578
-18.5773
4.9647
0.7508
-22.9207
0.6555
-20.4512
-11.4875
-29.8352
-0.3365
1.2866
-5.5988
6.9812
3.3440
-45.9266
-10.0039
-5.3414
23.1102
15.6273
27.3699
-3.0729
-16.4898
-10.4051
2.0734
9.4078
5.6924
-37.3609
-4.7137
-29.5688
-35.1953
-17.0898
-2.1709
-32.4352
-47.0414
-36.7948
-7.7961
3.5840
24.4352
-28.4379
-16.2418
-39.0812
16.2535
10.0289
-28.9547
-32.4633
-15.3684
2.4758
-12.0237
-52.1672
-33.4648
-15.1200
13.0254
-24.1618
-21.1187
-36.8539
-28.9180
23.2445
-7.7586
11.1547
17.3707
-27.1383
-14.7576
-14.0839
9.1539
27.6953
-13.2473
-13.2217
-52.1711
3.3617
-25.9217
-33.5547
-23.5320
-59.8016
-35.2250
-43.2195
-11.4539
-28.6883
6.6660
-11.2258
-15.9836
-32.3826
20.9035
-28.5426
3.3861
13.4871
-11.7434
-14.6828
-13.3168
-28.1160
-15.9680
17.0685
-6.5890
-30.9523
14.6955
12.5711
14.1180
10.0566
7.5535
-27.7566
17.8227
-17.2531
-50.0641
-1.2652
19.2191
-21.3436
-11.7422
3.0168
-3.6112
-11.1840
-14.2563
-41.1270
5.3816
-2.8102
-37.2645
-14.3430
4.0801
-23.2203
-5.4574
19.3246
-9.5312
-28.6938
-33.2754
-9.2856
4.8453
-40.5086
-27.2891
-23.8062
-19.2492
3.0266
-47.4348
-2.2969
-50.8414
-41.0648
-2.0383
-36.9203
-18.5469
21.1180
-35.1703
-4.8087
-12.3754
-4.5055
-12.1240
-20.6952
8.7262
-6.1887
31.2609
-5.5858
-19.4125
-6.4009
-32.5180
-37.8187
-15.5746
31.8465
-29.8977
-48.6805
-50.1211
13.0902
11.9500
0.9625
-13.1062
27.9297
11.3881
-30.4445
-20.4320
-25.2563
-3.8109
-27.6820
-20.9016
-30.9727
-9.0090
-11.2002
-0.9993
-2.0365
5.3620
-8.9422
-33.4437
-39.3141
11.1847
-51.9516
-8.4227
-20.8691
2.6961
-53.7914
-34.7129
-8.2162
-18.3289
-39.7334
11.1086
-18.6035
-24.2685
-0.5684
-7.8016
-19.8816
-30.2461
-23.6727
-31.6102
-38.8273
-13.4191
-32.7184
3.6984
-19.0408
-12.0902
-29.5223
-22.2551
29.1305
13.0725
-0.4482
10.8605
-0.1642
18.7906
12.9453
-15.1973
-9.5543
-11.5174
-22.3875
-29.2545
-6.2877
-43.8469
-59.4031
3.3141
-9.4808
1.1975
-2.5781
-52.7984
-32.5367
-37.6209
-2.9074
-0.2920
-4.4890
21.1971
-4.1428
-20.4418
5.4111
-15.0533
12.5914
17.3891
-13.0395
1.6508
-11.8988
-15.4148
-34.7734
7.4340
18.0562
28.3508
17.7914
2.6400
-11.2336
-14.4160
-2.0652
-7.0578
-19.7984
-33.1242
0.1914
-25.8227
-9.7197
-6.1965
-3.3203
-0.6781
29.0500
-31.8902
-40.6211
36.8688
-7.3930
44.4160
3.3463
-30.6176
-15.2792
12.3449
-39.7445
-27.6195
18.8527
-22.0539
-44.7375
-38.6227
8.3168
-15.7717
0.7869
-27.2883
7.8064
8.1137
-10.0350
14.9336
-13.6817
33.9822
-16.8102
-4.6993
-30.1175
10.1309
-10.6461
-1.5742
11.8566
-11.6828
-11.2141
-40.7059
-25.3687
-4.4867
38.7508
35.9016
-18.6375
21.6078
14.0590
-6.7805
-7.1783
-16.7014
-10.7855
13.7121
-9.8881
-16.5809
-36.2984
-14.0664
-32.6795
-8.5588
8.6527
10.3867
0.3328
-21.5344
-40.1422
-42.2203
20.1875
-26.4422
16.1656
-11.8232
-10.3891
-16.8254
12.8621
-12.0979
-35.5766
-12.4129
-28.8176
-19.1865
-37.3484
-17.2922
4.2570
-10.7922
13.3867
-4.8886
2.1680
-0.1688
-20.0506
-38.0477
-7.2465
27.3664
15.9261
-41.0016
-43.6781
-32.8992
-3.3816
-42.6133
-27.4344
-29.1344
-27.6375
-25.8793
-25.1672
-22.9027
-6.5879
19.4258
-11.8637
-3.2062
-24.7859
-28.4047
12.0805
21.7805
-7.2672
-45.5109
-42.9053
13.9031
-23.2766
-25.6680
-11.7531
21.5825
-16.2210
15.6297
-12.6398
24.0488
10.6355
8.5332
-40.3461
-7.7518
3.6012
-12.5012
-7.6562
12.5143
-40.1992
-28.4895
-6.0352
7.0517
-2.6498
-39.4227
-4.3102
-19.3749
1.9232
12.9250
46.8176
14.8977
35.9047
48.1359
16.2847
-35.3883
-29.3820
-26.7973
3.3590
-20.7004
-40.0062
-23.1016
-49.8559
-33.8931
12.2273
32.6445
34.8000
39.3859
0.1344
-31.0312
3.3500
-23.3583
28.4289
-5.7129
-1.8408
-1.4557
-0.8518
-16.7719
2.4820
24.4578
10.2223
44.3011
-37.0652
43.7004
-11.1227
-5.6695
-12.6462
-31.0984
17.8832
8.3621
-25.8398
-24.4426
15.8047
-8.4896
-25.7120
-30.2617
-11.3945
35.8664
2.7840
-25.2918
-24.0078
-14.8523
10.7408
-26.3461
-5.0148
-57.0984
-35.9805
-33.0361
-6.2828
12.0234
6.1941
16.6926
-10.9693
-6.0793
-34.9211
-22.1594
-20.8773
-46.8780
21.5121
-19.2434
-41.8066
-28.2133
-28.8625
-23.6117
-27.1352
-11.8368
-44.8875
-18.3670
-6.4857
-1.1276
-10.9676
14.6465
-6.1236
20.3227
-7.4239
-30.8227
-1.5848
3.4171
-42.0570
12.5211
35.6273
-11.9578
-32.9625
-32.6984
-28.1836
-14.1730
17.3312
-2.5629
-5.2556
14.7895
11.6723
-20.8881
4.1315
-14.9566
-27.9695
-26.4695
-18.8355
-24.6125
-8.6866
0.5312
-23.5520
22.0145
-19.1457
-33.6766
-39.6594
-44.9430
-35.7680
-18.0006
16.8484
-50.0938
-4.5611
-9.9609
-31.0031
-45.7250
-2.6918
6.3867
-12.8949
1.7883
-14.5695
-4.1773
18.5242
17.4941
17.8668
-6.8117
-17.2382
-5.9941
19.3867
8.3824
43.8758
-6.9400
-14.0164
-12.4203
0.9267
-22.5016
-36.1602
-41.3734
-16.6773
-35.8375
-8.2688
-41.2305
-15.5240
-11.0414
-5.9420
-39.8156
-18.9328
-33.8312
6.1062
22.0195
9.2707
2.9773
14.3664
10.8398
34.2910
3.4796
-17.2051
-25.9789
-17.9164
16.2844
-9.5401
-9.2514
-7.7931
2.0027
8.8145
-40.3461
-31.5246
-23.4422
-12.1649
6.8587
21.4325
-30.3219
-45.2969
-13.9766
-52.7320
-54.7836
5.6859
-4.9504
36.2695
-12.7357
5.9223
-4.6296
-3.7109
-24.5023
-3.7611
-20.6008
6.1062
-5.8078
32.9562
5.7461
26.5441
1.7402
-32.3152
49.6336
-5.1230
5.6536
43.4305
49.5625
19.8884
-45.7320
-28.4086
-46.3141
-25.6028
29.5133
-12.1891
13.2301
1.5859
12.3543
-1.4148
-17.4387
-9.3730
-11.2180
-11.5992
-12.6848
-32.6973
-6.9615
-15.8539
2.6578
4.3680
-24.8801
-14.1719
-20.5043
-20.2895
10.3402
-29.1891
2.3367
-1.9855
-25.3543
-20.1057
-0.9715
17.6133
-7.9656
-42.7016
-4.7543
-28.6695
-15.8256
-12.3445
3.2055
3.5941
-6.4172
-3.1550
-25.0406
-47.3133
-17.3508
-46.8711
-1.6629
-45.5391
-31.1043
0.5121
-13.9320
-15.3145
-5.2453
-17.2883
-37.3281
-5.3305
-6.3467
-7.3219
-15.3055
-3.3510
-37.7156
31.6234
57.7230
20.3137
15.0289
16.4328
-32.9211
-30.8375
-40.0270
-15.4702
25.9570
-33.1970
-5.0618
-40.3242
1.8234
17.1328
31.9727
13.5289
-9.1716
26.0320
10.9914
-2.2613
0.8035
16.8935
-29.2828
7.1200
-6.6293
-34.8402
-11.9219
-13.8359
5.6012
-23.1391
-6.7104
20.0793
-7.5691
-27.1801
13.1197
5.7584
5.5131
-41.4707
4.1918
-8.5089
-23.0703
-34.6086
-19.4625
-0.3293
-8.3498
-14.2496
1.7490
-22.5141
-42.5922
7.9326
15.3254
7.2252
4.0180
0.1098
-4.0721
5.1451
7.5328
-5.8830
-2.2828
-47.9992
-0.5520
-27.1922
-12.0859
-3.9036
-21.6922
10.3385
-26.9018
3.9773
26.8910
-6.9254
-10.4211
-0.6848
-21.8637
13.7583
17.9199
-2.7859
12.9500
23.8988
3.3428
-44.9441
-16.6387
-35.3469
-16.7316
-37.2164
-20.8727
-1.5480
-14.3998
5.8201
-16.5205
-8.9375
-20.1586
-3.3164
19.4691
10.2422
-27.2785
-3.9414
4.8117
32.0666
-7.0358
4.4484
5.4211
36.9160
-19.3457
-40.8598
13.3793
34.7555
16.9992
-1.7328
-21.4170
6.3337
16.8156
41.7105
18.7984
9.4859
36.9008
9.3609
10.3797
-1.9801
-18.6195
-30.5256
0.8150
-14.2639
-7.6014
-13.5088
-43.9547
-0.9189
14.5680
27.0996
36.9395
1.1082
2.1375
-5.5977
-12.6061
22.0418
16.0610
-24.3227
-23.5972
2.0204
-16.6797
-4.7613
-11.8779
-9.0684
-23.7133
-26.2043
0.2906
-28.5699
-40.0910
8.3935
-20.8965
-21.2992
-23.9512
-2.6398
-17.4537
-48.8008
-23.4180
-35.2617
13.9606
-15.0617
-37.9648
-10.5846
-21.3406
23.7016
9.6098
0.1637
-26.2547
9.3867
-10.3805
-9.6808
25.7430
-18.2719
-18.6180
-36.7820
-4.8707
-37.4730
15.5258
39.3797
15.0879
17.5160
30.4414
22.8164
13.1152
-9.3887
16.1562
-2.9013
-3.9916
-33.3469
-11.6318
0.2980
21.0145
-5.7664
-28.0465
-30.2227
-31.1039
-18.3459
23.2043
-5.0389
8.3004
-14.1123
-10.1860
-7.8688
9.8564
1.8301
-16.0127
-36.4273
-18.3557
23.1039
5.7451
14.6557
-29.1469
-21.4231
-12.8770
-33.1562
8.9582
2.8678
-32.8500
-18.7111
-37.2094
19.1734
6.4062
-9.8352
-7.6279
10.4236
-34.2562
-23.5684
12.4746
-37.4875
-35.0492
-28.0398
-27.3043
12.8309
-18.8604
-13.1371
-32.7836
-4.4301
-3.4192
-1.9406
-15.7738
-20.5949
-22.4211
-33.5086
-24.3172
-0.9162
-22.7786
-14.2760
-25.8379
-28.0242
-0.5318
-19.2164
-38.0211
-0.3142
-32.2820
-11.9186
-22.6773
-37.0891
-19.9219
-18.7042
-15.0858
15.8273
9.8441
-12.7840
-9.7644
-5.4715
-16.2641
-24.2201
-8.9023
-22.5158
39.6066
8.7078
-3.2781
-31.2906
-39.3500
-38.5133
-12.5635
-54.9062
-43.9820
-51.5320
-20.8164
-19.7285
-40.5047
-55.1016
-46.8898
-17.7277
-29.5742
-34.5438
-21.2208
-32.2875
-37.7062
-48.0590
9.3250
29.6703
6.5371
5.5553
-40.2553
-5.1768
-18.1684
0.6992
-21.9492
20.7227
-15.7754
-13.3070
-36.4375
-34.1859
-8.9723
5.2344
40.5094
38.7977
19.0789
-43.4156
8.9512
4.7160
-6.9293
30.8027
-43.0109
1.1437
4.4062
30.0225
-37.2191
-20.7676
3.2742
3.9318
6.3961
-43.0305
-40.9445
1.4382
4.3148
1.9727
-18.5299
6.4689
25.1115
-25.7711
20.2953
13.2672
-15.6371
-46.3688
-4.9087
0.1102
5.8906
-1.6523
-6.0397
-53.3410
-11.5613
24.6000
28.6031
8.2262
-0.6109
17.4352
-3.3984
-12.2102
-41.8523
4.1806
-25.1158
18.4734
14.8301
-9.9000
19.3773
-24.0172
-48.6508
-4.8072
-34.8570
20.5914
22.3773
4.0008
-18.6898
-14.3774
-31.4633
17.4738
-4.5109
-14.3945
43.8852
7.2754
-5.4652
9.6902
10.7672
10.9434
-4.2395
15.2633
4.2664
35.1297
21.7953
35.6973
-35.9484
-37.5389
22.8734
-7.3840
-19.5213
-0.2023
15.2523
-2.8812
-12.1270
-3.0000
-11.4953
-27.5711
-35.1836
-1.0984
4.5098
18.2686
-52.2367
8.1756
7.4680
0.1758
-16.8123
-1.9907
-10.1545
-11.0545
-12.6322
-9.2544
1.7555
-6.3990
1.9919
-24.0827
12.9969
13.8348
-7.2369
-9.1534
9.2523
-13.5500
-24.0539
-17.4853
-14.2534
0.1074
14.3270
42.9578
13.5047
-7.9840
-5.1723
9.9294
-34.5578
22.0578
19.1223
-0.3365
-21.4227
6.2516
19.1500
11.9820
-33.0164
21.1289
-20.0438
-42.0609
-19.3664
-38.0447
8.3164
20.9902
-21.9699
-29.3076
-4.2137
-10.3224
-32.8190
10.3799
-22.0457
24.2016
4.8983
-14.4133
-25.5895
29.7887
6.3180
25.3922
25.6672
20.6512
-18.9215
-1.7867
17.8062
-12.3309
-22.6766
-25.3824
-1.7473
-20.0070
-43.6969
-45.3141
-3.1258
-40.9336
-20.6352
-38.6047
-40.7180
-10.0668
-20.2617
-12.4229
-46.6867
0.4570
7.8891
-5.5820
-0.4477
5.2801
18.4277
-10.7776
-17.9627
2.6745
-40.8234
8.9391
10.0055
41.4680
-5.0903
0.7049
-22.8051
-37.5758
-37.2867
-38.3453
-1.9102
-21.7676
10.8086
-4.5770
-2.2164
-0.1672
-16.2141
-25.2523
-10.2735
-34.8078
-5.5206
-4.5719
-2.1227
-10.8352
10.4957
-42.5977
15.7965
6.9477
9.2324
-4.5141
6.7439
5.1773
-10.9162
9.8367
3.2854
-23.3867
-38.6176
-19.8770
-11.9766
-14.9516
-29.6203
-2.4746
-22.6930
-21.8836
30.4719
8.9161
-35.5955
13.3637
41.6223
-0.5509
-5.4055
3.9029
-12.0474
4.5391
-17.7617
26.1484
25.6137
-1.9000
8.6477
-11.2804
2.8836
-15.4824
-22.7234
-29.2793
-0.5777
7.3035
-15.3574
-25.9625
14.1539
11.2301
18.2250
15.5520
-1.5027
22.5316
-4.4762
-39.7961
-0.8051
-19.9121
-27.3742
15.7550
-37.7656
-14.5646
-17.4031
-11.6824
-11.3167
-2.1279
-4.7265
-32.3242
-28.5791
28.8836
-21.7875
-33.9578
-18.1477
-10.8297
-37.4320
-3.7555
31.7035
-3.5137
-8.9359
-39.5441
-8.3861
-0.9793
15.1977
38.3711
-21.9234
-46.9602
-28.6570
1.4040
-38.4039
-6.9363
-29.3367
21.1643
6.4454
-13.0250
-20.4406
11.1273
10.5360
-28.5480
0.4484
31.1535
-21.4496
-6.1126
-47.6211
-9.8855
7.7104
-27.3141
-0.3888
-17.4848
15.5195
29.4898
-18.3480
1.0625
-8.0203
-1.0281
-6.1940
-39.1285
13.5250
-28.2590
2.9899
5.5521
-3.5448
-24.1396
-25.1116
-4.7539
2.5564
-46.7445
3.6406
-24.9418
7.2520
20.6957
-0.1244
-23.9865
24.5590
13.6182
-18.1125
-46.6664
-4.4090
-34.0879
-7.9740
-2.9062
7.8371
-0.8011
-32.2758
-29.2945
-18.3109
-49.5469
11.5477
11.3234
12.8746
-5.8600
11.5430
-32.1437
11.0066
13.3225
-20.3572
-27.0844
17.6863
12.3391
-2.6418
-19.1379
20.0223
-4.4437
-45.8109
-50.3852
-11.0742
2.5953
-10.8336
-50.3219
7.1438
-13.6084
27.1466
1.4671
31.4566
1.9883
-4.8797
5.5571
-13.4667
-4.7646
35.1195
9.1098
19.4672
1.6297
21.4215
-12.8451
1.2157
1.3711
-15.6012
-2.5262
-22.5025
8.7225
-12.0895
20.6266
34.1578
-18.2505
-17.4943
-34.6777
30.2227
2.0336
-26.7531
-27.4418
-12.1555
-11.2504
-0.4789
0.6258
10.1785
-40.5906
-14.6998
-9.7922
-35.1013
25.0512
5.6957
18.7244
-34.7023
-39.5656
-25.9973
4.7273
-12.0791
-13.2945
-27.5711
-18.5889
23.1430
33.5039
23.6328
16.3277
-52.8094
-23.0164
-5.2529
-5.6961
-7.5041
-3.0266
6.1058
-44.0219
-54.8000
-17.7383
-31.2391
-12.8102
-14.9449
-13.1078
-28.1082
19.9852
-3.3362
23.4668
-50.5547
4.7020
10.0688
-7.6880
-36.5070
6.2707
-42.5906
-11.5707
23.4688
-45.1695
-54.1547
-40.4680
-43.0203
-33.3383
-15.7327
-3.9258
32.7141
-26.6336
14.9070
9.4043
-19.9943
-20.1027
-28.1063
-16.2609
-33.7141
-37.5227
-27.9141
-30.5516
-3.8570
-52.1406
-35.3180
-7.7301
16.8992
9.8651
15.7760
-36.2086
-35.4422
-42.6516
20.6488
-12.9582
-8.0695
-3.7672
-14.4500
19.1668
10.1500
-25.7039
-2.4852
27.9250
10.8117
3.6426
1.7648
-34.3234
-16.5855
-35.0844
-6.0336
-21.3461
-38.0062
-13.5250
11.3436
26.4941
-3.8980
-13.8247
-10.8473
12.0666
-26.7347
5.8074
4.0633
8.9861
-5.8203
-44.2586
-12.2766
-24.7680
-50.2510
-4.0906
-44.6672
10.3863
-1.8824
-18.4201
-12.1914
9.5312
3.8077
-40.1852
-28.4500
-25.2719
-7.1733
-48.0012
7.5401
-21.4750
-13.7598
-9.5363
-4.9204
1.7797
-35.2805
12.1377
1.4854
-10.6156
-8.9342
14.0270
10.6876
15.9880
-12.8034
-37.4234
-43.6211
-4.3703
12.1570
35.8191
-0.7731
-16.1902
-35.1195
-4.3773
-14.7867
7.4027
-17.3492
7.3336
23.9586
34.2930
15.9070
-17.7676
-6.6281
-33.3578
-14.0484
-12.2426
-1.7409
-14.7145
15.2063
1.9751
-21.4090
0.0887
36.8891
22.3371
-43.1805
-20.3766
-34.6445
6.8719
-38.0828
-21.3086
-0.0802
-24.9879
-17.7379
-34.7321
4.6141
-21.2690
1.0833
-1.8559
-17.6211
-23.7590
-23.9620
-38.1539
-24.6273
-26.4887
-16.9641
-21.1375
15.5586
-52.5766
-27.4230
-2.8953
-5.2789
-3.8219
-14.3273
-35.4250
-35.7781
-51.4437
-27.8836
-8.6359
-19.1469
-43.8102
-10.3585
-32.2430
-0.0953
-34.7133
-28.9883
-15.9462
-16.4207
4.7260
-23.8793
-2.3418
2.4129
-18.5125
-46.4383
-31.3957
17.2812
35.3434
6.1268
-12.6850
-19.3320
-2.9801
-22.6543
-35.2879
5.2805
-29.9980
27.3687
-41.9055
-5.3684
3.5437
-5.8891
6.7066
5.3055
-1.2496
-3.4295
0.0312
28.9559
32.3930
49.0383
28.6227
12.9984
16.9723
-24.9742
-9.6230
-29.8488
-8.1273
28.4645
40.2672
15.6410
-17.3637
-6.9629
12.9438
-3.7727
3.7418
27.3656
9.7238
9.1586
-5.5844
-19.1287
-6.8024
-21.5586
-22.9588
-47.2727
-29.3191
-32.3479
-7.2930
-15.9590
-24.6898
10.6625
-7.8230
-33.9672
-4.1324
9.3687
32.5547
11.3848
36.9590
-27.4527
-20.0484
-20.6719
-0.3665
-2.9869
-18.2125
-20.8598
-49.3773
-54.4711
12.5750
26.1063
-16.0766
-2.8367
-11.0875
-20.0219
-34.4426
6.5070
46.2410
14.4574
-19.9846
1.0043
-17.0867
-14.9141
-16.6376
6.6109
-11.9432
-27.7516
7.6985
-24.6273
-1.7531
-17.9813
-24.3227
-11.7179
-38.4637
-30.6664
8.9109
-0.6754
29.3480
-3.1352
10.5008
-21.5086
30.6320
7.5694
-10.4322
-8.8138
-6.0844
-42.8086
-39.5477
-27.5766
-30.3820
8.9182
-19.2834
3.5656
-4.1152
47.6906
19.1492
35.1226
-26.8602
15.1082
-20.3555
3.5758
8.6381
-30.5730
21.0742
-40.7273
7.2945
12.5949
31.3758
24.7945
-3.8040
-2.7127
2.4253
-11.7312
6.0574
-14.8723
-31.1945
-20.0420
23.1682
2.9457
7.9646
-9.9258
-10.6438
-39.8445
-18.9641
-40.1250
-30.5941
-29.7109
1.4328
-6.9703
-31.6410
15.1133
-50.1633
-13.4395
17.8453
1.8438
-33.2277
-15.1508
-25.5938
-5.4076
-27.8990
4.4016
-13.1395
-21.8969
-46.0281
-7.3930
4.7526
-36.4758
-1.2645
-4.7937
10.4285
8.6570
-20.9672
-3.8594
28.7094
17.0027
5.0953
-42.0029
-7.6418
-20.2001
-16.0098
-2.1504
0.6611
-24.6703
-4.2178
-12.9359
-5.5227
-3.6066
-25.6484
-22.5918
-22.6848
-49.3563
-24.0070
-7.2445
55.6188
-10.8098
3.6137
8.2312
-47.2148
-54.8375
-38.5941
6.4195
4.2164
-31.2047
-27.3102
-29.8937
14.7861
-38.8078
14.9066
5.7544
-14.5124
9.1035
11.1359
28.1148
17.7832
11.8332
-11.9580
18.4344
-8.1508
-0.2973
18.9656
6.0035
5.4633
-12.8906
-12.6646
-11.7409
-18.9305
-45.0859
-3.8465
-39.6027
13.6094
-21.9133
-10.9468
-5.6311
20.4598
1.7061
-8.6840
-3.5273
2.4861
10.5367
14.7719
-9.2217
-27.0602
-34.7965
7.0984
38.3500
18.2188
5.1734
48.0516
-8.9656
-41.6859
-3.6949
13.8285
1.0992
-1.3711
11.7609
-20.3956
-32.8328
-49.0531
-41.5617
-32.9125
-7.5891
-38.2812
3.4158
-9.3325
-7.9141
-50.5539
-42.1945
-20.7547
-43.3430
-22.5758
-48.9195
22.3633
9.2383
-25.1391
-14.9304
-14.5107
-15.2469
-17.8721
8.1398
21.2984
-1.7903
-0.0688
28.1043
-16.4154
12.1449
-42.3203
-13.5813
-11.9361
-28.2734
1.7369
-37.1789
14.8484
53.8703
-31.5625
-2.4148
8.6371
-16.3713
-1.1582
27.1594
-13.7715
-23.3969
-40.6562
11.6309
6.4252
-5.9844
-32.5867
-42.0891
-37.4141
-26.9141
-48.3750
-18.4992
-4.6701
-17.3453
-17.6818
-4.9922
-6.3057
9.8884
-8.6543
-3.5799
-29.8133
-14.9877
14.1787
-40.8398
10.1914
8.9570
5.7383
-25.1977
17.8246
-16.2566
12.3591
-54.1750
-8.6289
-31.2945
-42.7793
-27.8328
-2.0801
51.5426
-19.2680
-56.3219
22.9330
-34.3930
-1.0637
0.6568
2.1922
5.4607
-36.3391
-29.6187
-19.8633
-4.4775
-1.9254
-8.1098
-5.8662
-5.7803
-7.4123
2.5816
-32.2148
-21.4476
-3.7762
11.1521
-20.5500
-34.8332
15.1081
-3.2129
30.3160
-4.1720
-29.7695
-11.1647
-19.9195
-57.2430
-25.7520
-30.9719
-20.3766
-38.5977
-42.9883
13.5033
-18.5142
-11.5844
-49.8477
-26.1820
-16.4937
-13.4617
3.1738
-47.9422
-13.1277
18.4992
21.2547
-19.8602
-17.2934
21.7996
-27.9816
17.4203
5.7863
17.2199
6.5117
3.1898
-0.2371
14.5979
-5.4828
-11.1641
-6.9957
-25.9617
-6.5984
13.8535
0.6148
17.7621
9.4609
-18.0984
18.3043
-17.9352
-16.4047
12.0680
-10.0319
-15.0786
26.3624
-25.2053
9.8441
-27.4402
-2.2578
-8.1578
23.9105
35.1735
-37.6578
-3.0793
2.5594
10.7346
27.0734
2.8772
-45.4742
-8.9074
-41.4664
-22.1118
11.2484
1.6336
-8.1219
7.8145
-41.8094
-2.5953
0.8438
-2.3109
-26.9828
-36.0697
-11.7816
-5.1797
1.8719
-14.1156
-6.9336
1.9398
-3.9277
-47.5984
-8.0082
-33.9220
14.6867
24.8359
16.2930
-32.7477
-28.5484
1.0102
-5.1518
-30.4516
19.8084
-11.4496
-5.2020
-33.3695
-31.5666
25.5391
-19.3870
1.9888
16.4168
-6.9805
-1.4160
1.5289
5.9914
20.0059
34.9648
15.8831
-27.4230
-15.0327
-9.6635
-20.5764
-38.4723
-5.6844
2.3578
19.5336
-16.9887
8.4828
-22.8285
-21.8055
-17.3930
-27.5391
-41.0234
-29.7402
-12.1496
0.5273
8.9715
-24.6641
-35.7820
-31.5820
6.1770
14.4031
4.5594
11.3031
-23.7581
2.4860
-20.0148
-29.1359
-41.0484
-24.4162
-2.6951
-6.1584
-21.9047
7.2395
-11.7158
46.5508
28.9379
12.1793
-24.1402
2.5247
-35.3367
-18.0875
-53.9727
-0.3768
18.5352
19.1252
-22.5578
10.8652
-34.8625
17.5209
1.5713
16.5268
-12.4990
-16.0104
10.9520
-26.0117
-42.3266
-18.2352
19.3937
34.0812
-13.1617
-11.3484
34.3070
-6.3094
-51.7461
-44.6500
-15.8625
-39.5617
-16.8553
-0.0895
13.3889
-6.9773
-7.0559
-25.5891
-34.6609
6.2043
-10.0813
-26.4688
7.1341
-9.3624
-13.6648
-4.5510
-30.0902
-15.2434
-5.5504
-15.5867
-12.3266
-29.4375
7.7227
-26.8148
9.8430
0.3781
-1.1867
-24.0008
-2.1859
7.2941
-23.3523
-6.7925
-36.7805
-0.0907
-13.7105
-34.8887
1.1859
-38.4813
-14.2709
0.8277
-5.9452
-23.7771
-22.9344
-30.1938
2.3303
5.8492
-2.9467
1.4195
6.0102
22.0250
-4.9483
-3.6852
-35.7180
-16.2535
-11.2598
9.4406
13.8461
-19.4708
4.7637
-33.9875
-15.8795
-28.0566
0.9982
2.7459
-2.8741
-29.7211
-1.6692
-3.1641
4.4799
10.3689
-17.8172
-1.0012
-10.9816
-17.4461
-6.4164
9.8035
-5.4523
8.1562
15.6805
23.1633
-17.8349
-28.7500
-7.0987
-12.4430
-48.8035
22.6367
8.4484
-8.1852
-3.1484
0.2763
-17.6922
-39.5516
-23.3008
32.1188
18.9273
10.2246
-10.1074
29.1281
11.0469
-10.5023
-41.7500
-52.4375
-33.2543
-19.3682
-32.3367
15.2552
12.7385
-0.9078
-3.2979
-20.5035
-26.8609
-31.9971
22.3563
4.6922
5.3668
-0.9447
-4.4047
-28.6156
-30.6391
18.1789
2.3238
-1.7590
-13.0746
6.1090
0.1887
4.1765
-19.0758
-31.2215
-9.5818
-19.7973
-2.8812
-51.5070
17.4553
0.6734
-15.1430
-15.7678
-17.2332
-34.8553
13.8543
-31.4141
-0.5419
-40.7891
-8.7352
-50.1828
-8.0102
20.0590
5.7781
13.3406
8.8602
8.8494
-4.6746
-38.0180
12.8492
-31.8835
1.1402
-53.8266
-16.0578
-27.3000
-44.0441
-1.5000
8.3559
-6.2624
-17.6662
-9.1622
-29.2502
-0.2797
-10.0781
11.1869
-21.8747
-7.0879
-17.8188
-21.6242
-32.9020
-42.3771
8.6516
-11.7359
7.9047
-31.0518
-0.1211
-20.0427
6.7107
-40.2234
-12.9416
0.9865
-25.5023
7.4048
3.3973
4.1863
-2.5541
-14.2734
33.4148
12.5639
-30.9895
17.0488
23.3633
13.0289
17.3566
-15.0814
-5.2292
-30.9195
-42.9289
-49.4273
-26.0648
-27.0672
13.8252
-39.6820
-6.3844
4.5591
-24.0031
-12.4698
11.5969
18.5391
4.2375
13.7609
18.3158
-23.9117
-30.1195
-11.4195
19.1266
47.3051
3.7715
-4.5632
-14.8180
-20.7734
-42.5227
-2.9242
-22.6012
7.5109
-45.7031
-41.9258
-8.1104
-15.3070
-22.3820
26.0734
-28.7402
22.7559
-2.0504
-21.6387
22.1840
-14.4387
-35.9650
-0.2849
-31.2273
-25.3955
30.1090
-8.8105
2.7562
-27.6719
27.9688
0.5941
4.6152
18.7883
0.3438
-0.8102
0.9414
-0.1348
1.2598
16.6055
-1.5113
17.7016
11.2492
-0.0379
-35.8078
-26.8438
0.8750
2.0746
-8.9375
-5.0477
27.2719
14.2397
6.9787
2.2428
-42.1270
-10.7825
-35.3742
-42.4328
20.1160
22.6754
-31.5797
-23.1750
-31.9109
31.2742
28.9836
2.5734
-21.4863
0.6531
33.2270
17.4793
-14.0072
-6.9583
10.0773
3.1594
9.2184
-7.1381
-13.1844
-21.5102
-2.2092
-23.6422
-1.5203
-5.5022
33.9035
-7.6225
31.9813
2.4105
7.4855
-3.3016
-35.8617
-16.3367
-10.8047
-64.5375
-27.6648
-11.6619
3.0720
22.1161
3.8545
-9.8899
-20.5742
18.9579
-0.2109
-10.0046
9.8039
15.3439
2.4213
-35.7891
-16.6285
18.5396
-37.6727
-7.3955
-32.2895
0.2688
-21.1927
23.0698
-33.3531
26.9094
-0.5626
-14.0844
6.4348
-11.3541
-6.2102
12.4014
-2.4734
11.9906
-7.7289
5.0207
-14.4023
-13.2625
-19.9832
-5.2242
5.5270
-31.3707
-57.8406
-8.6236
-39.3344
-3.2842
-4.4328
55.8625
43.4578
6.9508
-5.4313
24.3477
-27.7766
2.3805
13.6242
-4.6834
-15.0723
-7.0516
1.2840
-23.5438
21.3477
12.9352
8.1297
4.0871
0.9359
9.9453
1.0094
1.1156
9.7422
16.0844
-0.1531
15.8742
1.2117
-7.6566
-57.1266
-16.6828
10.9845
-22.1437
-55.2219
-3.4240
-3.6238
4.7367
13.1441
-4.1680
-3.2354
-3.4510
-38.1004
22.5633
15.3164
14.6391
28.9926
-3.6291
-23.5772
19.2912
19.4652
-16.0672
-22.6594
-25.0539
13.6812
32.4555
3.2789
-4.9641
14.7695
12.8016
-47.5531
-29.5063
-27.6090
33.3832
-1.3195
-23.1246
-27.7641
-18.4213
16.1771
-8.2840
-1.4437
20.9066
0.1141
-37.9133
-11.2051
-3.3262
0.0332
-7.5459
-18.3519
-17.4879
-51.7797
-42.0395
-13.4828
-45.4813
-14.9379
-2.4168
-6.7523
-16.1337
-13.5352
-46.6773
-20.2482
-25.2875
0.4340
-12.3178
-24.9300
-4.1877
7.4320
-4.4491
-46.1063
-1.0641
-6.0695
-53.6340
-4.1059
-28.9697
-30.4192
-7.0262
49.4773
15.1494
-22.5602
-17.0605
-17.6189
-12.2688
-31.9500
-48.8570
-8.1148
3.0938
-23.5020
-6.7318
-23.7859
-47.7566
7.7434
15.3953
34.3211
-16.7793
-28.5012
12.7229
-32.1828
-17.9246
14.2355
-15.8539
-40.7417
9.4021
-9.2479
-15.3902
-28.5441
2.8117
-0.3195
24.8328
-11.1803
5.4750
21.3352
3.0518
22.9988
-14.5133
-22.3758
-35.1995
-0.0750
0.5051
-3.4184
-11.0816
-11.4539
-22.8261
-37.4957
1.3516
-33.3867
20.7074
-17.1613
-5.0832
-26.1273
-28.8148
-16.7117
-18.7322
-14.1011
-31.3949
-11.1959
-18.1629
-0.1742
-19.0214
-22.6551
-31.3494
0.1930
-7.9445
-45.8609
-6.4027
-23.1609
-18.7023
-3.5547
0.5443
14.8570
32.1176
-0.9398
-37.9573
-1.9500
7.6605
4.6859
-30.5797
-38.2008
-52.7719
-19.4073
-6.8137
18.3676
16.3168
-16.3577
-17.8825
6.4000
-9.3937
7.9430
-22.5547
-25.5961
-1.9664
12.1359
-3.6328
-4.1703
10.5465
8.8805
1.7902
-4.9011
-15.8359
11.6336
-25.5938
-38.4313
-28.2602
19.4562
22.7258
-3.6124
-22.4612
-20.2531
6.1293
-12.9474
-11.2629
-0.7437
-6.0988
23.2996
-30.4504
17.1836
-16.3644
23.9867
23.7695
23.6602
26.8227
10.8711
-3.4572
-7.5914
-18.8221
-19.1656
10.7477
-11.1812
-41.9688
-29.5336
-7.6125
-39.0910
1.7074
-54.1437
-25.6055
-14.2766
16.1668
1.2500
-7.4812
18.5180
-8.2727
-17.9809
-3.7873
-36.5090
11.6039
-13.9102
5.2070
-19.9375
-50.4477
-29.4656
-7.5938
-59.8523
-12.7281
-17.2427
10.5727
-13.3744
-29.5234
0.3398
-52.1047
-4.1687
-5.1047
-27.8820
-22.4668
16.2141
52.4367
38.8852
12.2176
14.4758
27.2441
34.2687
29.1562
-3.0672
-16.2852
-15.2336
-20.3574
3.0613
9.7852
-3.5365
1.6182
-14.6162
-3.1594
23.9789
-28.2664
-31.1570
7.2320
-17.5573
-4.4331
-5.3215
-9.3299
-27.3375
-1.6168
-10.3939
8.9035
-26.1389
25.9945
8.7251
34.4086
-14.8340
6.3379
6.5116
-48.2484
-11.2518
-13.6949
-30.3535
-4.7859
-43.0039
6.6422
-10.7090
-3.9844
-39.8617
-36.2523
-10.5680
-48.8402
35.0484
13.0117
31.3750
11.6226
-40.4766
-35.8117
-4.2055
-30.7414
-34.7375
-11.3199
-21.0438
-12.6113
3.9750
6.8711
-3.2685
0.3527
5.0621
-3.5152
-31.9527
-11.3874
-25.5273
-38.2102
31.0223
-10.9863
2.6977
56.0125
36.9688
26.1109
3.0695
-1.6227
-54.2547
-1.6582
-19.2273
-47.4586
-15.1086
-40.0750
-39.4492
-40.4094
7.6445
-37.3320
-56.5016
-11.2006
15.4541
-22.0172
-9.0238
-17.3258
-13.3023
-26.6484
12.7055
-37.0109
-30.6414
-13.8089
-54.7875
-29.0016
-8.8422
12.7516
-19.3306
7.9609
-43.7523
-40.4031
-10.1656
-7.5025
-19.0756
3.0730
-11.1633
-1.4223
-13.9622
-9.2074
-48.8664
-6.0691
-2.0108
-14.3359
-32.3680
-15.5996
1.7117
-0.0701
-45.7266
-8.1750
-13.4273
-10.3449
-8.0641
-14.0953
31.2672
9.8695
19.9230
21.3926
-43.2664
-18.3458
18.1656
6.6930
20.9531
25.1789
23.3398
-6.1098
2.1887
-18.9531
-17.3720
-8.1629
16.5988
-22.8152
-32.2438
-17.9814
4.8914
-13.5123
5.7527
-7.9313
12.2668
-28.7953
2.6268
-41.1789
-27.5953
-20.0020
40.2867
-23.1766
-29.3859
28.8387
21.9918
-29.6187
-1.9684
2.4150
-30.1422
5.4352
7.9250
-38.9891
-27.7547
-10.8965
-59.7930
-41.7375
-25.9648
-10.7775
18.8707
-10.0961
2.4375
17.1580
-3.3015
-1.5809
-17.9309
-23.5113
-25.3695
0.4926
13.2721
16.9090
-41.3805
6.6967
-9.5289
-57.0781
-1.9645
-0.8139
-5.7895
-1.9402
3.7658
-12.4031
-27.9867
-19.1164
-9.5342
-38.3438
-7.9933
20.6496
-7.0955
-3.9062
-13.3867
24.4574
-15.8072
-10.2113
-10.4207
22.4152
11.5828
-23.1489
13.1566
8.0121
-17.3074
2.9537
-17.4473
-39.1637
-17.4227
-54.8531
-23.6063
-26.5168
-14.4168
-19.4319
26.6813
5.8285
-12.5002
15.2102
-16.4332
-24.1586
5.3473
5.7248
-31.7391
-29.9861
-20.8590
-18.4048
25.4461
2.6594
34.4348
8.6668
-30.1176
-14.9481
-2.1191
-38.1727
-0.7891
6.4840
19.6535
57.6090
30.1453
22.9012
2.8786
-17.3205
-45.4062
-17.8391
-19.7031
-15.7398
-7.5656
-35.4242
-32.2711
-26.2344
30.3609
-20.9125
7.2824
-14.0195
-30.8766
-47.2805
-38.2359
-7.1758
-40.3102
-14.9320
-46.1227
-16.9340
-8.8797
-4.5426
-38.4422
-41.6395
-26.4060
-30.4773
-2.2146
0.1742
-3.7727
10.6722
-5.4296
-49.5500
-59.4609
0.6573
0.7082
-11.9086
-4.6545
-1.2823
-45.1898
-16.4285
-43.4041
3.8004
28.5484
23.0236
1.5395
6.6727
-36.2211
4.8843
2.7809
-23.6754
19.5031
16.2630
0.4145
2.7758
10.9160
-2.9578
-27.6215
-16.6781
14.1926
1.9816
-20.1180
9.0430
15.1875
21.2711
1.3559
42.6500
15.1445
14.1309
0.2223
-39.4961
-23.7717
21.5742
20.6094
28.4281
11.4257
-32.7035
-40.5648
-47.7438
-30.0117
-40.7094
-35.9602
8.2125
12.4758
14.0484
-3.7168
7.9109
11.4803
-8.1668
-9.8379
1.9594
-9.3268
0.7047
-25.3914
-65.7352
-53.6945
-2.2841
14.3047
-36.2664
-10.1328
-19.4937
-20.2104
-21.4945
-44.9773
-11.1855
1.6227
7.4242
1.7437
31.8754
40.3637
-24.6187
-45.4781
-27.0312
-40.4328
2.8473
-30.6852
-6.3192
12.5129
-5.8172
2.0770
-10.5624
-19.8813
-2.2765
13.7059
-17.4625
-11.2410
21.9795
-54.6859
-24.5352
-34.5605
-2.7406
-48.2535
-29.9352
-25.5227
-43.8523
-9.8512
-24.1011
-4.0164
9.2672
-22.0434
11.1359
29.2391
3.4172
26.9492
6.2320
1.0734
31.4492
-7.9336
-18.8906
-18.5895
14.9414
-1.4148
16.6555
4.4012
-16.9836
-28.9275
1.8609
-14.5381
-12.0257
22.5176
-27.8859
12.9113
1.1273
5.6969
-12.0270
-18.9212
-7.0141
-17.8359
-40.1930
-8.9332
11.6377
-21.5341
14.4270
-18.5187
-8.5008
-40.0297
12.5094
-32.7215
0.5312
26.2406
24.4754
-13.4770
-33.4846
14.8945
-13.3406
-22.3680
-59.5211
-53.9266
4.9078
-5.4707
-11.5317
-39.0619
38.4313
-11.4094
-10.5797
-10.3926
-41.2625
13.7772
1.2246
-5.0230
51.6586
6.4070
35.0750
10.5562
28.4930
20.4242
8.4086
-2.7184
-44.8656
-31.3570
0.4522
-20.0896
0.3871
-23.8037
-9.4706
6.5023
14.4121
-2.4910
-40.4250
-12.7105
6.0935
-10.9047
-4.5129
-27.4898
-34.7121
-3.9467
1.1087
-35.4742
-13.6517
-44.4234
-9.8348
10.8852
26.4738
-5.7816
-21.1949
-16.1877
-15.8031
-38.6445
11.2609
34.9203
19.6641
5.0961
-24.7781
7.6146
-19.1445
3.5695
-26.6031
-9.7238
-4.0593
-6.9555
-14.2492
4.4426
12.2246
4.9547
-13.3648
4.5719
20.4523
0.9784
-16.4688
-3.2746
-30.6342
18.4561
-2.2339
-5.7414
-1.5068
-16.6711
-43.7148
-5.0156
18.0297
16.1727
14.3141
16.3035
-3.7170
-20.9777
-20.5914
-3.7406
1.8816
2.1023
-15.1768
-28.2402
11.9203
9.2824
20.6250
9.1930
-3.0621
16.3172
12.3346
-15.8901
3.4976
3.8492
-23.0281
-37.8852
3.4102
9.6539
-7.8727
-4.8781
37.9711
12.1574
-26.0621
-1.3520
-5.7762
-25.9412
-21.7047
-0.7559
-43.4977
-21.3430
-15.2203
-42.9383
-29.8867
-38.6945
-49.2039
-16.4945
-6.6250
-57.8992
-15.1264
-45.1484
-19.0969
-8.4602
-38.0203
-24.1500
-57.4695
-9.7887
3.7473
9.0621
18.5645
-19.1277
9.4463
-20.4510
-5.2730
-13.3875
-11.4391
-37.6154
22.0906
45.3262
-28.3852
9.3189
15.3363
-28.6852
-33.5836
-26.0586
-7.4387
-8.9461
-0.2782
-36.2031
-20.4309
-58.0039
-30.8867
-47.4594
-25.9383
-23.6922
-31.2420
-4.6862
15.9861
-26.6656
-24.4949
31.0086
19.4250
-18.2018
-30.6750
-18.8891
24.4723
26.1516
7.6438
21.6047
39.9363
53.2391
-12.5318
-19.9570
-11.0672
7.0473
-34.6941
-45.1391
-23.2820
-14.6977
-50.2266
-51.1094
11.2803
9.1303
18.8219
-16.7339
23.8375
0.5559
7.7305
-1.6578
6.5766
-20.8633
-49.2469
-29.7977
-55.8211
-4.8524
-25.8465
26.2711
9.3246
0.5984
-16.2118
-21.2980
-30.8137
-6.3469
-1.4136
2.0723
5.6883
-23.6660
-35.9680
-23.4773
-23.7496
-21.3988
18.7855
-28.3367
-5.4672
-34.8875
-13.4656
5.4193
-1.4924
17.1012
13.4110
-21.7070
-11.5660
-3.3777
9.1598
9.6418
-2.0898
18.7629
19.7727
25.8855
11.5371
3.3666
19.8727
-15.0031
42.1750
23.3988
19.3898
4.1134
-2.7316
16.2005
-4.7721
-21.4297
3.9221
-10.3883
1.9414
0.4656
-0.9312
21.9953
20.4652
-8.3711
30.4793
-6.4092
-23.4203
-17.9305
-61.2453
-18.2391
-37.8121
-5.4461
-5.9020
-21.9309
-5.1852
-9.8273
-52.9867
-39.2086
-54.9617
-14.6047
-49.4383
1.4785
-8.7176
7.8473
30.2441
12.0035
9.2771
-6.9162
-26.3719
-27.7930
-29.9833
-4.9422
13.6243
-38.5242
-10.7201
-1.1457
9.4145
-39.9875
-24.3781
-36.2953
-17.5734
8.9914
8.2600
-33.4688
33.4867
-2.8148
31.9051
1.8518
-6.8013
6.1893
-36.8055
22.3602
12.2066
-0.3488
-19.2348
0.9932
-10.6789
-22.3660
-11.1758
8.5988
47.7336
50.6703
17.1703
-26.1305
-23.1500
-4.1345
-19.6047
-56.4188
-33.2344
-54.7836
-42.8918
4.6152
-15.9953
-48.1977
-21.7273
5.9740
1.9629
4.9636
-20.3832
2.5770
-5.3551
-25.5008
-46.8125
-14.8968
16.7875
-24.3977
-18.5953
10.2680
10.5922
-35.5773
-16.2178
-45.1609
-18.9969
-35.6197
-13.8503
4.4008
11.7238
-39.3438
-17.0936
-12.6602
-41.8190
16.3258
-14.5704
-16.3188
-10.4219
-12.7468
23.6129
-12.9694
-7.5633
1.5297
-20.0019
47.9367
-4.4501
-6.8414
0.0874
5.9669
-29.3086
-15.2930
22.5797
-5.0059
-26.9145
-23.3062
-17.2199
-8.8570
-10.5102
-35.5836
-10.7266
-31.0346
28.6133
21.0930
29.1348
-15.6398
-11.4906
-15.4260
25.1246
-19.1859
-8.4449
-42.6035
13.8074
12.6746
22.5508
7.4625
15.7326
-19.1844
13.4633
-10.5520
-40.8430
18.4129
-2.7539
13.9816
-2.3605
-24.1807
8.4801
-41.9867
7.6297
-0.9500
4.8297
-4.1764
-36.0945
-15.2945
14.1516
23.3914
5.6248
15.1910
8.9650
-37.0922
-0.2070
-30.0938
-15.3813
18.1211
39.5305
-8.3793
-6.7711
-17.1408
-11.9164
-18.0164
-15.4152
13.7086
9.7255
-23.7682
-28.5625
-14.8852
-50.1461
-48.1555
-15.6516
-35.1715
6.5277
12.7992
-16.2840
-13.3121
8.7555
11.1320
-19.3258
-2.9828
7.2891
7.8922
-6.8082
-2.2535
-3.9859
4.3344
40.5055
15.0359
4.3957
2.4720
-18.9840
-32.6344
-22.5168
-3.9070
-22.6340
28.7672
-4.1391
-48.3344
-19.0023
-56.3227
-33.1633
-53.6063
-17.3078
-10.2174
-14.6098
-8.1500
10.7164
4.7576
-34.1094
3.7930
-27.4703
-7.9000
-1.5998
-10.6859
22.7211
7.2790
18.2047
10.8664
-7.8254
-18.2773
-13.5461
39.3219
39.7430
-0.4839
-49.4625
-32.2531
10.4332
18.3826
-8.2969
-41.9844
-54.7758
-9.5609
-26.6824
-32.3344
-26.7799
-35.7480
-27.7414
-7.0457
4.5859
-23.3688
15.3592
13.5836
15.3798
-4.9796
-9.4586
-4.2922
-10.4887
16.9164
38.0727
12.0719
4.4641
-6.6902
-14.7546
-27.4031
-36.3109
-19.3983
-11.2383
10.2375
6.6230
-41.2758
-60.8086
5.4246
22.7531
55.9773
-11.1641
-26.8969
29.0766
52.7250
7.0664
-10.2021
-25.4266
-33.3859
-28.1289
-2.6266
37.4887
9.6867
13.3383
14.8656
-13.3871
-34.9371
-18.6457
10.3930
-19.5504
5.0133
20.2320
43.0000
6.2031
4.1457
17.4141
17.8025
-13.2867
-44.1391
-7.9887
-11.2852
25.4273
13.5902
1.3141
-0.6010
8.0445
-26.8965
-6.7309
-2.8705
4.0758
53.0617
45.5703
31.0153
-39.3516
-46.5633
-41.6043
-41.6281
-38.8273
18.5891
-27.3336
-24.3004
-18.8918
14.7109
11.6758
-27.2644
-13.8621
27.9562
8.6531
12.9875
-9.9594
4.6590
-28.2352
-27.3516
7.4531
-14.4140
-23.4625
-8.9564
-18.5121
27.7863
-31.2836
40.2480
-35.4895
16.8953
6.5881
11.5074
0.2910
-4.1914
7.9250
-2.1836
-58.5336
-18.1184
21.5703
5.5965
20.6086
15.5008
15.7969
-24.3227
-15.2746
-37.8711
-10.2035
-25.7445
-24.5951
3.9430
-23.5809
-8.0660
-1.7145
23.8730
31.7059
8.7866
-33.5430
-32.9723
-14.0301
-15.4371
4.0211
6.6965
16.1610
-38.7000
-41.7648
-19.0775
-7.6720
22.0375
-0.1826
-35.5000
-25.1984
-23.4885
-25.2795
4.1268
12.5555
23.3477
32.1266
9.3047
19.7914
10.9676
-7.4776
-8.3453
-18.8859
2.8605
-25.7109
-21.3594
-34.3883
-40.9336
-45.3234
-32.8539
10.1625
16.7625
4.9352
-31.6617
-45.1125
-22.1336
-39.6328
-40.8273
-29.9461
-21.8719
16.6090
-44.2383
-61.1352
-6.1717
-43.0469
-5.9594
13.0734
-8.9371
3.2570
5.9680
39.6203
-0.5959
28.4547
20.8477
31.4297
8.3953
-1.7016
26.0121
-43.2234
-27.1039
-26.1504
15.1924
15.8734
-2.3262
-21.1085
-16.5234
-29.8875
-23.1945
-14.8406
7.2812
22.8234
4.4535
14.2437
28.6984
32.4692
-8.8627
-31.7318
-1.4070
-17.2746
0.4484
-13.0229
2.4609
-22.8016
-15.1898
-42.6719
-27.6639
-17.2834
16.7715
-1.7815
-32.0009
8.3297
-16.2430
-32.5176
-43.5445
-35.9688
-37.6320
-24.8234
-19.3496
47.1527
6.9721
-52.5391
-46.6234
-28.2508
-20.5488
-5.3512
21.4805
4.1260
-32.8297
-15.6750
-5.1129
4.6326
3.6539
-0.9395
24.8914
15.4195
28.1717
-17.4469
-11.9568
-10.0236
9.6840
-15.0109
20.7426
44.4371
-23.4859
-38.6703
-32.6383
-23.7988
-15.5672
27.3789
-4.7049
-6.6668
-27.6297
17.8078
-53.1469
-27.6422
-48.9477
-52.2852
-35.8219
-17.9489
-2.8988
31.7875
-25.6922
-28.1828
-27.8594
-17.0270
-34.2551
-2.0738
10.1469
-7.3105
-6.4631
-3.0136
-8.2551
3.0989
19.4783
-42.0172
-25.9430
-32.8506
7.7165
6.4852
-2.1201
-10.1505
1.7109
-1.2234
9.7439
-50.5445
-31.5016
16.8711
-1.0987
-7.3816
-28.4629
-19.5930
-16.8781
-40.7672
-57.8977
-5.1355
-0.1887
-20.2027
-47.8125
-44.0395
7.3602
7.4981
-10.8566
16.0492
0.5379
31.6039
19.8031
-24.2699
-42.5844
-9.0977
19.4242
13.0727
29.2328
16.5436
-8.2172
-10.7703
6.9809
8.1461
25.2602
20.2258
11.2008
6.6156
2.4571
-15.0480
-7.6926
-35.9863
5.8133
0.2912
-7.6069
-29.8422
-33.0766
16.9801
16.7586
-0.4441
13.9715
27.4516
31.7918
0.5012
14.7691
-7.3594
-5.4082
-28.4422
1.9586
-15.4812
-4.7117
-32.7812
-4.0574
21.6109
26.2523
14.6684
16.9102
8.3914
-21.1126
11.3539
-27.6299
9.1143
20.1738
29.3590
-33.1367
-36.9793
16.3414
11.9426
-23.1805
17.7734
-17.4266
17.6373
-38.7414
-10.3993
-14.3070
-20.6797
-13.4688
-13.2606
-17.4599
-25.5621
21.9617
-0.0555
29.4781
35.2117
32.2602
22.9951
5.2708
-2.8708
-21.6504
-30.6187
-6.0828
-14.5500
-31.5484
-22.2062
-12.6516
-6.8066
-0.4570
3.3299
-31.3500
-23.9688
-12.8687
-45.4906
-6.6820
-2.7798
-7.3587
-12.0736
-39.7188
6.5083
-33.7555
23.4262
24.3023
18.9883
9.7176
2.7734
17.7125
14.7588
18.6660
-39.6172
-13.5332
-30.5584
19.0051
26.2781
10.1185
-26.6969
-9.5311
1.7043
-0.9984
1.7708
-33.0227
-27.0125
-21.0340
0.5617
-40.4547
6.1426
30.4727
33.1832
-22.5015
-27.9523
-12.1664
-22.3664
-61.0062
-13.9793
-21.2707
5.2164
-23.8672
-6.1368
13.9969
-0.7729
-43.6641
0.4604
-33.1780
-2.4746
17.6570
55.8602
21.9395
5.6811
-31.9992
-9.1059
-49.9141
-44.0133
-50.0742
-55.7016
-41.2750
-6.8828
-38.1227
-1.9485
-7.2176
9.4781
-13.0174
-1.8340
5.9910
12.7574
12.0841
-3.3180
-11.0648
-53.0266
2.0759
7.5500
31.3578
-19.0702
38.9590
2.1117
37.1977
12.2414
43.0680
10.1027
0.3469
7.3918
-39.0187
-20.8234
-30.9188
12.2076
-10.5133
-20.6126
17.3867
-1.6055
9.2461
-3.5934
-30.0870
-15.4637
-32.6027
-0.8354
2.2464
12.2648
9.0665
-28.7414
2.3227
15.9133
-39.3195
12.9582
-10.5207
-16.8319
-18.0039
5.7293
-21.8895
-1.1832
-18.7898
-8.3871
7.4080
-5.1871
9.3156
-9.1178
0.7471
-19.2258
-16.6555
-53.8375
-42.7039
-37.7605
19.1930
19.3758
1.1768
0.8359
7.8973
4.7838
-22.8706
4.3578
13.8000
0.6940
-11.2898
18.9436
-53.5570
-9.8000
-37.7406
-23.3352
-30.9977
-25.6250
-44.2320
-11.5133
1.9576
-25.6812
-6.0648
16.6582
5.1234
-12.6225
-10.9016
-10.4195
-10.5629
-36.9289
8.6684
6.9852
-2.5093
-8.2878
-0.3520
7.3934
40.9977
4.0875
36.4594
9.7035
6.7008
12.2078
-22.7426
-18.5268
-29.4694
18.5316
7.4586
11.8829
10.1434
18.1355
0.2236
-18.4922
-13.8738
-3.6729
1.4482
-45.9930
-5.0938
-3.0934
-24.1077
4.7605
-8.4383
-6.5961
-3.3203
12.2844
-27.6078
12.9009
-13.6492
-8.0919
18.1524
-44.5523
-5.8492
12.0914
-4.5955
-17.9715
-2.8672
-30.1750
-33.8578
-46.9641
-29.2563
13.8150
2.9109
28.3145
17.4863
0.4807
-48.1570
23.5281
-19.1617
-7.6855
-32.0836
-4.5074
-34.8730
-1.0141
19.8406
2.1676
19.9555
13.5508
-48.0930
-10.1255
-2.0980
-4.2984
-21.4797
-32.6148
-1.6453
9.4408
-7.3581
-51.2539
-20.1632
-39.8633
3.1262
-21.2437
-45.0641
12.9131
4.5526
-11.2891
-21.7172
-0.1971
-22.5094
-18.5148
-5.9039
-7.3764
-36.1984
-36.3695
-32.4906
-26.5396
-17.3148
-27.0484
-33.7594
-47.5793
8.5423
-15.1000
-43.2094
-9.9547
-23.1219
-14.8961
-15.5930
-37.8754
-7.4983
-2.7734
-19.9594
4.6928
-7.2289
-43.2141
-16.0145
-2.4801
-8.7645
-17.6881
-3.1309
2.7434
-1.7586
-14.0697
-19.3449
12.4190
-7.6387
-7.7302
15.9316
5.7746
-21.0447
9.3746
-9.0956
-26.8617
-8.3410
12.7021
-22.7285
14.8800
-4.4859
-45.7602
-36.6031
-35.1223
19.1420
-43.3438
-55.2203
-39.6969
-15.5383
-26.0855
-2.2086
-8.7297
-18.3623
-12.3900
12.2836
1.6509
-32.7451
-8.6635
-28.6686
8.1914
-6.3703
-7.9861
-12.1672
12.8816
14.3469
-1.7594
21.4590
10.2991
16.2824
-4.4451
-2.8797
12.3263
-13.1438
-9.6702
-44.0484
5.0359
-2.7868
-34.3680
-2.6625
-18.6945
-11.8139
-27.1930
-21.9117
-31.0656
-21.7871
13.6085
-29.0906
-31.2582
31.1164
5.6684
-18.8074
-3.7477
-24.2947
18.9500
12.2500
4.5545
4.3941
-13.6781
3.4781
8.0020
-16.8270
-15.2000
-14.7617
-45.7484
-49.9773
-23.0109
-41.4570
-34.7258
-23.8273
-10.9090
-32.0848
17.4457
-46.1687
28.7938
23.5863
-5.8660
-2.8187
15.4250
25.2906
31.7062
14.3680
3.7906
4.0029
-18.9811
-12.8373
8.0742
-1.6012
-6.0341
-5.3898
-24.6660
20.7809
-42.1055
-35.6805
-12.7070
9.8437
-5.9119
1.6234
-29.8297
-12.9578
5.3844
-24.6461
-37.6828
-27.8914
10.8066
-1.6715
-8.6496
-8.7645
-22.2904
2.9586
-26.4258
34.8586
11.2008
6.6641
-16.0406
-27.5617
3.1514
-22.1289
9.5299
-35.1662
13.4250
24.2031
42.2156
28.9953
2.8117
22.1891
-23.8852
15.7516
-15.1840
9.8969
-7.0445
-1.2770
-28.9748
14.3625
12.8352
9.7406
45.8078
42.2711
40.0055
18.8993
-21.3773
-11.6756
-17.0367
43.2555
-3.6395
-40.8641
-11.8852
-1.0910
-10.3180
6.0789
34.6773
24.6570
53.9145
-42.0695
-40.2703
1.6352
10.8039
1.3258
12.0797
7.6617
7.5062
27.8344
-0.1363
-38.2301
-15.4334
-0.9258
-43.4963
3.0371
-3.3881
-31.1326
-1.6488
-17.2287
2.1445
26.7516
47.1977
14.8422
11.0367
3.7246
3.8960
32.9801
-34.3148
-41.2242
-5.0977
-42.9055
2.2605
-32.9426
-8.5297
-20.7207
-21.5961
-26.1160
-16.5293
-24.9391
-32.0648
-28.0227
-29.1547
-0.8977
-27.5098
5.1457
-0.4955
6.8160
-28.3945
8.1023
-15.3433
3.1760
20.2180
0.8152
-7.2176
10.3828
-11.7958
-1.3612
-0.4887
2.2836
14.1234
0.6945
32.2031
20.3977
-0.5016
10.3324
-7.4395
1.5021
-0.5813
-15.5749
-24.7934
6.2777
19.9992
51.4539
42.7922
25.3746
-11.7940
-6.7500
-26.8249
7.0594
23.4969
7.2859
-2.1297
-30.1297
-22.4008
-1.1520
-7.0301
-14.2469
17.0281
21.8547
1.3283
-16.7306
2.4684
-6.8297
-40.7859
-34.2750
-25.1223
-7.3914
-10.0398
0.2082
-15.0660
-38.5422
-22.7422
-16.7512
9.8848
-26.5125
-5.6867
-37.7359
-15.8266
-6.3440
-37.3086
17.8952
13.6604
-10.7914
-27.9828
-16.4338
-21.6301
15.1293
20.0043
0.8363
-3.4172
0.2586
-0.1816
-24.0670
-13.5585
15.3875
2.0559
2.4203
4.2602
-10.9656
41.2836
61.4156
15.7926
-44.2367
-4.0082
9.0266
33.1344
23.0578
4.0094
17.5812
23.3498
-1.8607
-22.4949
11.9977
-4.0117
-13.2986
13.3641
-21.0219
-14.1266
-4.5033
-14.3521
0.0896
-34.5148
-41.3008
-7.2047
19.2938
-3.2711
-15.0688
-31.3402
-19.0359
-3.1520
-12.6094
-46.3742
-31.5230
-11.0324
-4.8938
-8.7266
46.0715
22.4246
-15.1359
4.8492
18.3727
41.1867
1.0565
-30.9492
11.5082
8.4766
24.8078
15.3504
-16.0262
12.1758
24.1898
-41.0602
-55.6172
-2.2938
3.7957
-22.8877
-8.0848
-21.5480
-3.0227
34.0137
25.3781
56.6609
27.1063
27.9918
13.5625
51.9047
51.3633
3.7875
7.7512
-8.6004
-3.1878
-19.9477
-21.2635
0.8121
11.8656
33.1219
37.0555
12.2227
1.6047
11.4691
-14.8023
-11.2434
-28.5125
-9.9398
-44.1633
-18.2508
-6.4453
1.0250
-47.7758
-15.4627
-46.6148
-26.7992
-63.7938
-43.2703
-27.0187
-33.9477
-45.4914
-22.8391
-18.7773
-55.4656
11.8496
-17.0090
-13.1281
1.4926
-9.1031
-0.1956
-1.9701
11.2738
9.9645
-20.3227
-44.4164
-16.5669
-20.7199
-27.3656
-9.3742
15.5957
7.6148
8.0345
-30.6598
-19.8918
25.1844
-37.6758
-36.6305
-22.0047
-5.1121
3.7707
-46.3289
10.8586
10.8605
26.1469
15.3801
12.6230
40.3180
-2.2824
3.4934
-27.6828
-24.7484
14.6887
3.9465
17.5777
7.4293
-48.1781
-8.4327
-19.4551
-18.9695
-15.9523
-16.8828
-24.1742
20.7859
-23.7512
-14.4312
-21.4488
-21.3539
-39.3266
-17.2660
-17.0715
-5.3994
-20.2863
-10.0625
-27.6797
-8.3172
16.5063
32.7523
36.6552
14.2617
-42.8309
10.8055
8.4500
-10.7735
0.7316
19.2773
15.6398
10.3500
28.0691
0.7035
9.4414
13.2555
-20.9902
-26.6641
-27.6980
-17.0770
11.1074
-26.8555
-11.6289
-34.3773
-24.1656
-45.4094
6.3305
-14.5750
-55.9859
-44.6852
-16.0951
-26.1417
6.2422
25.2914
42.8953
41.1766
-33.4466
-4.8957
-7.4174
-22.4895
-0.6693
-57.6937
-27.3656
-33.5953
-4.6182
-18.4729
10.5822
-39.8063
-36.3648
-24.0656
-1.2070
-24.4062
-32.1758
-10.3376
-8.8979
4.7203
10.5430
-7.6759
-25.9809
-15.4164
8.3080
16.4703
-41.9227
-26.0844
-3.2496
-8.8683
8.1895
-49.3637
25.9791
-24.2559
-2.9041
-13.8014
18.5781
-4.5727
9.2855
0.0297
40.0359
51.6852
-20.7563
14.1180
4.3547
-22.2070
-5.2242
-14.2688
-1.8236
-16.9595
-31.9828
4.1875
-2.5363
10.0024
12.6840
-0.6684
36.0609
-16.5204
-29.5375
-18.3406
-31.4055
-9.9169
-5.3617
19.4828
-21.1339
-40.9883
9.5301
13.5836
-1.1430
4.8461
9.4430
14.5199
-21.6313
-36.5266
-17.8168
-18.3537
29.7777
-4.3026
-1.2854
-12.3949
-23.3897
38.4570
5.8758
4.0312
9.4348
11.8867
33.5684
7.1188
51.4648
25.0836
5.9537
-22.5133
-16.9117
-33.6581
6.4941
2.2852
37.4138
-8.9223
-52.9734
-57.5633
-6.6527
-7.9287
-35.9219
-42.4797
-25.5391
-35.6672
-13.1691
-1.8242
-29.1734
-14.6844
-22.6781
4.0570
14.5961
12.9574
0.2148
-45.9391
-18.6105
5.1836
-8.0781
28.2920
-24.8680
-16.2234
14.5743
10.8846
-10.6434
-8.4273
-8.2350
-9.5129
0.2079
-21.0602
-48.8648
-0.4820
-12.9852
-3.2773
1.3555
2.7341
-30.0195
11.0465
2.9137
-15.9863
43.0758
5.9816
-18.9311
16.6535
32.1367
5.8094
-0.6455
1.0422
8.6051
4.4672
-28.3687
-25.4973
-1.0898
22.4625
33.2445
7.5193
-18.6180
-46.4898
-47.0824
9.8096
-5.7426
-10.0543
-11.5592
9.6203
-9.3051
-15.1022
-8.2689
-17.8680
13.3980
23.4863
9.1127
-9.0639
1.7262
-34.7133
14.9337
-6.0833
-19.4846
-0.2766
-9.7006
-14.4234
-23.0164
5.5152
-24.2559
31.7246
-8.1102
-41.9461
21.4684
-22.0500
-4.4590
-45.0969
20.0938
13.4941
14.6229
-28.3434
-18.4570
-14.7465
2.0426
20.5836
17.3850
-5.3004
17.7234
27.2590
-13.2359
-39.3273
-37.8414
-44.3281
-16.7242
-11.7937
6.9297
11.3305
4.3148
-0.0664
38.7289
8.4668
14.0945
28.6793
17.4359
13.3047
20.9594
28.0145
-10.4115
-38.4641
-12.9129
-20.8791
4.7230
-28.7730
-20.7094
-39.1801
-9.2957
-9.9326
-39.3148
19.2305
-3.1479
-39.9547
-12.0492
-3.3602
-26.6650
-28.9914
-51.6312
-48.4750
-48.3594
-3.3783
-39.4117
-33.5977
10.5633
6.5461
0.7176
-0.4572
14.6562
-6.9801
-9.8359
13.9252
9.4406
-4.0469
-21.4820
6.7402
-0.5086
-47.4422
-39.8531
21.1378
13.2527
7.4363
-2.0129
-36.2008
-4.0126
-29.5750
-3.9352
-46.3352
-26.0328
-35.2258
-59.0289
-4.8012
-36.2742
-54.5266
-23.0320
-39.6106
20.7641
-36.4207
-37.6867
6.1415
-10.1762
-29.8816
-12.4961
6.1203
-29.1234
-15.4952
-21.1940
34.9211
9.7308
-34.7379
11.3363
-19.8910
29.9125
11.2781
-11.4062
-7.6066
-4.0414
-49.6375
-4.8554
22.0230
-0.0426
1.8518
13.9300
-19.5424
-45.8422
-22.7148
-15.0719
-29.8641
-2.9109
-6.6010
19.0676
-22.1201
27.3455
-26.7559
-5.6398
-48.4586
-42.3109
-26.0184
-16.6176
-28.1516
6.2012
-32.7375
5.2938
-28.5790
-3.5275
-13.4012
-26.0516
-0.9863
-6.6230
7.6267
-16.5457
-3.3760
9.2840
0.6426
-6.4541
11.6996
4.7191
5.2949
-3.6084
-31.5945
-11.4723
-12.1697
15.3020
10.0320
12.7398
-1.8633
-31.7656
-38.0375
22.6801
12.4994
-43.5898
-49.3961
-39.0664
-32.7328
-27.1109
-7.9228
-12.7492
-19.0234
-27.9195
-45.3031
-39.1518
12.2500
-45.3961
3.5096
-6.6898
-13.3695
-34.9258
1.3457
-25.6051
33.6637
2.4465
19.2023
-9.2201
-2.9006
-50.8750
-18.5973
-46.1465
8.7477
8.3199
5.9301
-11.7793
-4.2849
-17.3531
-0.9599
-9.6223
10.5692
-32.9469
23.2242
-17.8814
-10.1891
11.0172
-7.7875
-32.4410
12.0427
-39.9375
-3.5398
-42.5859
18.2840
-10.9441
17.1836
7.1367
40.3125
21.2125
7.8004
5.3520
-20.1594
-21.4572
28.1250
30.8742
26.0133
2.7617
7.5854
-13.5027
52.5852
36.7516
39.0000
8.5797
-11.4398
-29.3582
4.6645
-2.2277
12.9957
-40.7508
-27.8887
-2.4156
8.7297
0.5270
7.6195
37.1227
26.3199
1.4535
-30.4086
-8.0164
-1.9965
4.3391
-31.8734
-38.4172
-35.7516
-43.0906
-22.5242
-19.1532
-23.3527
2.6962
10.1712
-34.1539
-39.9406
-25.8070
-33.3375
-45.5742
18.9219
6.8803
-21.6363
-40.8680
27.8803
-3.5587
-33.3428
-27.3797
-22.5457
-18.1953
-15.4416
-13.9088
-35.9328
24.7793
-10.3895
14.6197
-12.3398
0.9676
-51.0727
-51.2648
-32.6344
-23.1492
-5.0758
0.5813
29.4828
-2.5008
-15.2898
-27.6133
-10.2027
-41.9703
-23.6070
-16.6774
9.1879
-5.9820
11.2891
-27.1254
-1.0121
-22.7406
-3.1855
-15.4523
11.3321
-0.4156
-35.5547
-44.3141
-4.7033
-18.2957
-7.4131
19.2840
-18.8934
-17.5445
5.7266
25.9977
1.4055
10.3211
21.0375
-27.0021
11.2096
-34.1875
-36.3840
-11.1297
-20.2652
-14.9719
-20.7956
-9.3791
-26.6055
-4.8473
-37.3828
-9.3424
-4.0644
-6.8857
5.2465
1.6777
-3.0187
-48.9258
-30.7641
-3.7195
-13.9664
-42.0484
-24.4953
-31.1703
-15.0977
-44.0242
-26.8836
-6.7402
2.3061
-44.4531
-26.1641
-43.7938
-47.7625
-14.1709
-5.6206
-14.8236
6.4766
11.2074
19.7672
19.7871
-23.4188
7.6090
9.8176
13.0018
2.0217
-15.7297
-11.9086
12.0086
-35.7273
-28.7008
-36.0008
-18.0629
-32.8680
1.3461
-33.4992
-35.4820
-21.1663
-22.4258
4.6572
8.8682
-24.3941
-15.6727
-18.2121
0.5492
-29.3585
-31.9805
8.7137
15.5713
-19.6010
-27.1512
0.0059
-2.3632
-4.5922
13.8637
-10.1055
-39.5938
-29.7266
-7.4536
-27.7609
-11.3211
-0.9645
8.4492
8.7781
13.0641
0.9742
8.4148
-6.2617
-14.9008
-1.1148
2.7242
-16.3125
9.3104
1.5867
0.8283
26.9242
-6.9879
-11.9479
-30.9766
-37.3680
-23.8625
-13.9805
-35.8766
-34.5687
8.9789
-52.9836
5.7104
26.3613
-12.6309
-21.4648
-6.4031
-41.3975
7.3902
-18.2188
13.6848
32.5051
1.9266
-12.9438
-47.8320
-4.8256
-3.4531
22.5875
50.2188
54.9273
-7.6973
17.0852
3.9699
11.3814
-1.1766
-5.4586
36.7070
51.9891
37.0668
5.5801
-15.9851
3.3748
2.7896
-19.8406
-26.7656
-10.7063
-9.3387
-40.7289
-33.8078
-17.5250
14.1625
37.9344
15.2953
-8.0285
12.1977
37.6414
-4.7126
-30.8172
-17.3273
-5.4268
14.4529
-4.2010
11.6729
-18.0504
-5.6833
-36.8457
11.4350
-18.0211
-15.8686
-40.5727
-1.2533
-22.5242
-10.3385
21.2699
-9.9898
25.7328
15.4566
12.3381
14.7031
3.5799
-15.4707
4.0195
33.5289
23.5668
-10.0365
-18.7433
-5.7899
-2.3828
22.0680
-16.7723
13.7621
25.3297
20.4531
-5.9480
-31.9055
-47.8031
-55.6031
-24.7258
-7.5570
-2.1008
2.7578
12.5375
11.2906
12.4234
10.8008
49.9479
-28.8734
-30.1305
-8.4422
38.2506
-3.9766
-20.4117
-12.7080
18.5438
17.6184
4.6309
-0.6564
-3.8686
-19.8094
-11.0264
-37.5297
-4.2836
20.0086
-23.8930
5.0499
-12.8813
2.7680
-5.7574
29.6688
-12.5262
0.5447
-17.0691
-2.4348
16.1684
-3.3492
-1.5539
-13.0549
12.9117
-9.8937
-46.1758
-43.8469
9.5637
2.7453
4.4305
-30.5375
-23.5074
-24.0453
-45.9062
-24.5371
-15.3488
-13.3969
17.1695
-22.7641
-15.1117
-25.8010
-40.2109
-12.3199
-16.2203
-26.4734
-15.8953
1.7984
-48.0023
12.2000
31.9766
3.0733
-9.2563
-10.6056
-3.4301
-18.6938
-23.9242
3.0254
-6.8785
-50.0242
-32.6063
4.6918
-25.4188
-36.1828
-5.5887
-45.2539
-25.7148
6.4277
-11.3143
-26.5570
-1.7969
21.2133
-13.3809
0.5734
6.7359
27.7465
5.9847
-19.4994
-33.4324
-14.0887
-16.0547
15.2414
15.8754
-1.4910
-43.3773
-4.4621
-25.9750
-11.0844
-14.9721
7.7652
-2.4830
12.2484
11.0688
42.7051
-51.0109
10.0014
-0.5188
-9.0398
-29.0410
-1.9516
-4.3641
21.1866
-14.9047
19.4398
27.0035
-23.2602
-25.8984
-14.7500
-45.5960
-20.5409
-5.1961
-22.1221
-6.1805
-29.5797
-1.2436
-14.0365
-14.1715
-8.4070
-4.1422
18.8227
28.7914
16.4977
3.3859
43.9949
28.1496
6.6789
2.5008
48.1164
25.8242
14.6015
-38.7845
2.6764
-27.0129
16.9500
-6.3207
-14.6934
20.8414
-7.5430
28.3645
23.0648
-21.2527
-33.8656
-36.2070
-50.0344
11.0957
2.7875
31.5289
13.4572
-3.7181
39.6797
3.5535
23.0480
9.5805
14.2645
18.9129
-9.6727
-33.7758
-4.6375
-18.9215
-0.9295
27.5703
3.5305
-46.1320
-40.6147
33.1898
23.7281
15.6843
-30.5063
-34.7164
15.3880
-1.2080
-24.1234
-56.9914
-46.4141
-42.6828
-10.5500
22.0633
9.0480
-10.3117
-45.6094
25.8711
40.7203
39.0398
34.3969
24.9477
23.8820
8.4129
7.0510
0.6887
-8.0547
4.9223
23.5277
-20.9305
-25.9820
-9.0312
-4.7600
-7.6484
-10.7156
-28.3949
6.0393
10.2383
42.6672
-8.3984
-23.6695
-25.3867
-10.0918
8.0053
-39.4289
-14.1037
12.0340
-27.9281
-26.8914
-40.3148
-29.0457
-18.5242
24.8852
29.4688
-3.2001
2.0160
23.8656
8.7916
-31.3796
11.5539
-7.2430
45.0531
42.4625
48.7719
47.7805
41.5917
-0.2616
-26.7098
5.6373
-18.6344
-30.9539
-30.9820
-9.1953
-25.3570
-31.7240
15.3223
-31.2211
-44.6984
2.5881
-34.1418
2.5238
6.8570
32.1047
20.9352
11.6504
-31.8164
16.3660
8.2105
-3.9531
-49.1086
17.9375
13.7305
37.0570
14.5127
1.1414
7.4591
-40.5687
8.7836
12.8078
7.6543
-45.0998
27.0926
12.1762
-46.7984
-29.7555
-48.2180
-29.9484
26.1811
-17.1234
-11.6297
-34.6758
-0.2742
11.3055
10.1320
-7.8293
13.4547
8.9539
3.4902
2.8331
-48.3438
23.5453
-14.5000
-17.5703
0.4492
23.8855
21.3086
4.3674
-34.4680
-32.3987
6.1090
50.3617
7.0707
-33.8563
13.0797
-4.8838
4.3271
-17.1469
-27.9642
5.5613
-15.4903
9.9172
45.7453
58.6477
28.9992
18.3742
-24.1965
18.6383
18.0656
3.3332
-25.7531
-2.0384
1.4577
-19.0253
-31.3789
-44.0992
-18.0516
19.0508
4.3419
-33.3531
-14.5500
14.0149
-39.4805
10.3484
13.3809
-36.4723
-27.6363
-12.3612
37.6867
-0.3359
23.1539
39.1281
17.2195
25.0906
58.2070
5.5520
15.6867
30.2094
44.8969
19.5693
6.8272
4.0449
-18.3219
13.3359
-11.5480
-26.3445
13.8938
12.1617
31.6023
26.7684
14.7719
17.6395
-12.5987
1.9121
-5.7828
-32.0297
-36.9102
-31.4383
-26.5508
-2.6422
-46.5750
11.6547
4.6316
20.9141
22.7398
-3.1242
-54.1375
-27.3889
7.3309
-27.5998
10.8559
-35.4062
-3.8164
-16.6227
-8.1246
-2.8775
13.3781
10.4852
27.9062
7.3348
-17.9665
-12.7906
-17.8078
-19.4223
1.7309
10.6035
32.4346
-18.9180
-8.6623
7.8150
-38.4953
-35.7687
-19.2816
3.0109
-18.9945
-22.8625
-14.0047
9.7484
-6.2357
-10.4073
-41.7414
6.7525
-25.8254
-7.4367
-32.6773
-3.5640
-6.3195
-11.7865
27.3840
-4.9734
-33.2984
-22.9368
25.0941
13.1477
-1.4456
16.8879
11.1635
-8.2164
36.8621
27.9375
16.6488
-10.8551
14.3703
-18.7047
-10.9485
-32.9711
0.5080
-6.0732
-14.4440
8.4160
-21.3518
21.0648
-32.7039
-34.6047
-30.5020
10.6930
7.1285
16.8547
6.5500
25.0172
-5.6617
-16.3543
14.8672
-15.5039
3.0285
-10.9045
-24.9334
5.8059
5.2594
-9.2057
-5.9094
-30.5086
-20.1663
-39.4695
0.8273
-19.1078
-46.5805
-34.8586
-38.4461
10.1500
-19.5484
-6.6053
-17.9042
13.1132
-16.1141
-25.4578
-20.1910
-20.8891
-33.9875
10.2664
19.5602
-33.0180
-22.7867
18.1387
15.0121
-16.9160
-39.8000
-48.0906
-31.5023
-14.4183
-18.2977
-45.4320
-47.5797
-43.0656
-6.6324
14.8762
28.4504
6.7124
-38.2055
-43.9672
-27.7406
-11.0344
-34.5625
-16.0988
-21.6684
-22.9749
5.3602
16.4414
31.3070
22.9500
13.1031
12.0359
-19.3367
0.9418
-26.4531
-12.1863
16.1703
4.6754
16.9230
0.6299
-18.6187
16.2059
-21.9906
-40.8090
-7.7859
-0.8945
13.7328
18.0857
-22.1273
17.7178
3.5338
8.1262
6.0276
-8.2734
16.0164
53.1727
35.7840
18.4021
-17.4401
-21.0770
-27.5117
-18.2879
0.0492
33.4406
28.3582
-0.7914
-24.6617
-3.4105
-34.1953
0.1699
-35.4988
27.6969
5.6328
-17.2404
-7.2992
14.7350
-5.8938
-4.5481
-4.9965
-30.8140
-9.0949
-34.4375
-19.2710
-8.1684
-40.0477
-35.7862
-32.0227
-27.6172
-49.2227
-24.1477
-60.5047
37.3977
17.1445
-45.9359
-25.5547
-0.2547
-45.5828
-21.6727
-30.8547
-34.2233
1.3059
19.7131
31.6996
14.3711
-18.2188
-50.0719
-16.9891
-25.0250
8.7937
-18.2803
-5.6293
1.4221
19.2387
-25.2105
-53.9906
6.8465
-22.6281
-29.1586
-9.9703
-26.5203
-4.5426
-4.6213
3.0461
-46.3492
-45.4203
-21.7098
24.6445
24.8879
48.4422
27.3145
-3.2852
-11.9613
15.6430
6.8566
12.8764
25.5855
21.8732
-22.4023
-45.3445
10.3020
-26.1494
26.7844
-21.8102
-2.6442
-11.4170
-38.6750
-32.0141
-21.1156
-13.1047
-33.9111
-0.3977
-46.7891
-56.7969
1.9352
-44.4906
-13.8731
2.2707
-53.9953
6.2500
-0.1887
-15.8355
-1.6094
-36.0516
-2.9336
-32.9998
-25.6105
-9.3664
10.0539
-20.9125
-36.3104
17.5802
-43.2422
-4.7281
-9.7684
18.7055
10.0328
30.6281
-10.1602
-2.3406
-6.1691
23.1484
-49.4025
34.3094
18.4648
8.0641
-15.1988
27.8742
46.9453
36.9719
48.5691
25.9598
8.4937
-3.3273
20.8777
-3.8187
-2.7484
1.3010
-23.2828
-16.6445
-29.0875
-12.4320
-33.6523
-5.0242
-26.0541
-13.1930
-26.8367
-42.4273
-26.2034
-23.2453
-8.6044
-11.8836
41.3863
28.2062
2.7817
-37.9914
3.3063
-2.4508
-34.8805
-14.4296
25.3047
14.1441
25.8156
17.3941
-0.3547
-19.8516
1.8557
-8.1891
12.4509
-40.8352
-22.0410
4.1075
11.9469
0.4496
15.1103
-24.1469
-20.9031
-25.0484
16.1400
-29.2527
-0.3633
15.6316
-14.7214
-29.6883
-26.1852
-25.6977
-0.1813
-4.8539
-11.5477
-56.6469
-38.6383
-36.3984
-5.7768
-3.9684
11.5734
9.7336
-28.3899
-35.4094
-0.1434
-5.8641
4.0070
-13.8117
-42.1047
-28.1117
-26.0836
-43.1070
-38.5211
-38.9883
-13.3984
-32.6047
-28.5781
-3.9215
16.0344
-0.3160
9.4914
-1.8863
40.8563
40.2078
-15.6891
21.1666
-23.6055
-38.3383
-24.8820
-19.2660
12.6543
-31.6531
0.5829
15.8832
21.7035
2.4156
54.0391
5.1613
-13.2020
-43.2914
-37.6813
6.1383
7.7805
5.4779
-29.0668
-9.7516
-13.3504
-11.7418
-43.0871
-23.2328
-27.9266
-37.8281
-6.4008
-4.7141
30.5906
54.7391
16.5920
-24.4770
2.8324
-8.0410
-5.7937
0.7148
20.9043
-25.0672
-25.8906
-60.3953
-8.6414
-6.0541
-1.6703
1.6609
-49.5656
-5.0788
-22.8062
-28.0562
-43.3617
-22.2375
-26.8703
-29.1703
-37.9328
-27.2500
-31.4723
2.8613
-22.8043
-17.1609
-20.8332
29.5433
-12.0488
-45.8406
-20.4504
-7.9309
4.2688
1.7270
-7.4299
20.1562
-42.9023
-12.3583
-39.4691
-7.3406
-64.7359
-42.3602
-25.9137
22.8668
-12.8839
-7.8422
-11.4209
-10.9473
-8.3453
-39.2809
-37.2125
6.6570
-7.9424
12.2531
31.0539
6.6781
-4.0887
-32.0195
42.9514
-33.1934
-13.5703
-1.6541
-1.6877
0.6926
-23.0477
26.9750
27.2125
46.3652
-19.6004
-17.8906
-9.7475
6.8981
-44.8625
-44.1766
-23.5066
18.6766
19.1559
-12.7295
5.4795
14.0395
-18.9793
3.1215
22.5328
-12.7576
-8.4234
27.4801
5.1414
-26.6648
-42.6898
-16.6494
-14.4377
-11.6664
-16.1617
55.3547
31.5141
9.2758
0.5203
6.4483
-10.8717
1.3590
8.8770
12.9238
1.9809
13.0234
3.1981
-35.2379
32.5961
12.1340
15.4125
16.8758
29.3398
34.4914
44.5539
18.5137
7.2578
3.3859
-29.2437
-15.7824
30.6336
1.9000
7.2977
35.4672
1.0906
-20.3914
-6.2016
0.1726
-2.6352
16.7273
20.3703
20.1445
4.0923
-30.2266
21.3180
26.5520
12.6250
13.6102
50.3602
26.2273
19.5516
1.2957
-12.4570
2.2516
0.8687
2.4090
-0.1398
15.0758
30.6695
-36.4531
-27.5853
1.0480
-31.0891
-5.1996
-1.1541
-16.8238
-11.1359
-57.2961
-8.8836
0.8562
27.5859
28.7023
9.0516
9.6609
34.0445
34.8617
31.0086
8.5621
-24.2816
-12.1727
-10.4996
16.1887
1.8275
13.0734
18.0676
13.0868
-9.5562
-46.6422
-21.1211
-62.4672
-40.3633
-18.8680
-38.0187
-5.4277
-2.1902
-3.4916
13.2465
-11.3148
3.8996
-11.7197
-9.0168
-0.4625
10.5762
-24.1195
-30.9152
-25.0050
-15.3215
-23.2945
-53.5141
-29.4223
-36.0316
-2.1303
-45.3773
1.4766
-6.5796
-31.7664
-46.2161
-8.8465
-27.6758
-31.7609
17.1653
-31.2609
-7.0637
-27.6637
18.0008
-4.8762
-39.0563
-26.0914
-9.7146
12.5750
-15.4680
-9.6069
2.9097
-1.8172
5.9815
-42.5910
-18.0551
5.2726
-1.3652
-26.3328
14.7961
14.8148
5.6934
27.1992
20.3555
13.7781
9.6039
23.9453
9.7977
-6.0371
19.4807
-13.2195
-39.6188
4.7484
48.0000
20.7344
21.2859
46.8563
43.7164
25.3656
-5.8512
3.1113
9.7664
7.9734
26.0414
-1.2021
-18.3283
-16.4307
-36.8680
-60.2219
-30.5055
-8.0535
-3.1676
11.8637
-8.9048
-36.2555
-1.5020
-43.6297
10.5460
-27.7164
-26.9449
6.0336
10.9527
38.3914
47.1289
48.1617
29.1563
-26.3398
-23.8840
-4.1480
-26.7781
4.7105
-21.3141
-45.2422
-20.3998
-19.3004
-8.1812
12.7521
-13.8047
-11.7023
-36.1820
-40.5852
-50.9484
-33.1371
12.4318
-18.7879
-27.5840
-6.9082
-41.7961
-54.9578
14.4039
-13.8676
-1.5725
10.2867
20.3894
-38.2930
-34.2258
-11.3391
-45.2969
-23.7676
-19.4500
18.4895
-8.3723
-9.0312
5.3074
20.2355
10.4465
-10.0785
6.5140
-24.8047
-20.5654
-12.7498
23.5752
10.8504
-0.4465
-0.9567
-54.3305
-52.5555
-31.2284
3.4688
34.6023
53.8297
47.1078
26.0539
30.6109
28.4555
53.0961
57.7156
34.3258
-4.5480
-5.0840
-13.6180
18.3670
31.0277
2.2195
39.3746
-14.6328
-31.8453
-41.8822
2.3783
-28.7086
-31.3120
7.6841
-35.7750
21.6238
-47.0305
-34.3398
-11.3943
-37.0906
13.3375
1.0500
7.8744
-2.4397
0.8413
-10.9383
-42.7141
-21.0686
-27.7906
-44.9398
9.1687
12.3879
-3.2125
2.7004
-5.1684
-0.5782
18.8016
3.0055
-19.3734
30.8217
-26.1281
-1.2701
-10.5391
-37.3031
-6.7352
-36.9813
-10.1136
-35.5387
18.8270
20.5484
53.8570
18.1523
-16.0067
-2.8051
-4.9437
8.4021
-34.1484
-50.0430
9.5816
26.1020
-7.6699
13.1273
7.7711
-14.2529
-25.0438
34.3375
14.6695
6.9602
11.6500
1.1699
19.4512
-8.1837
-4.2828
-7.1937
-56.6117
-39.5898
52.0367
55.7793
25.7313
30.2375
13.8969
8.3758
20.2223
18.4684
15.9281
11.0609
24.3082
13.8031
50.1359
32.1609
41.0992
30.6453
6.0461
17.4402
18.9586
36.3445
14.3461
33.4539
33.4445
6.6781
-24.0964
-24.9508
13.3059
9.6492
17.3008
-1.2383
16.2125
19.3164
17.8301
1.1938
0.7977
3.0187
-12.1719
-21.2949
27.3270
-1.9971
-14.2188
44.1289
14.1086
39.7762
-3.7750
5.8459
-39.0797
-28.4383
-1.3852
29.9930
-1.2797
30.1484
20.6457
6.3969
-50.9242
-41.8242
11.6297
22.9531
-2.7555
3.0750
2.0734
12.3418
-8.1432
-4.4212
-7.0609
18.9223
0.8281
26.0898
34.4273
12.8555
21.4281
6.5531
-3.8829
-8.9542
23.2751
-18.7484
-23.4567
11.5660
3.5266
17.0312
24.9980
7.2566
8.7549
-28.4922
-16.5969
-1.0861
-7.1230
-4.4828
-24.3504
-51.3570
-26.8021
-7.9516
-3.0254
-33.1605
25.6695
-42.6055
-47.5758
3.9344
16.0141
48.3664
28.5203
-3.4026
-1.5915
-10.7195
-31.4344
-48.6898
-15.2531
-31.7336
6.7516
-10.2625
13.1984
4.6066
9.9062
12.1648
10.1531
15.2078
-1.4988
-10.7990
-21.4797
-21.7984
-13.0750
-17.4961
-41.8262
13.7129
29.6266
10.5406
18.5586
10.5078
43.6773
15.4961
-19.8297
-42.4691
12.8211
0.3605
-14.7816
-17.7719
-41.3141
-40.1063
-13.2068
-20.9664
-13.5730
-35.7861
10.8922
23.6219
5.4477
35.3933
-47.7977
-17.8461
-64.9719
-27.0719
-17.1555
-13.0621
-27.3213
-7.8656
-40.9546
29.8797
19.2680
38.6859
25.0812
17.3863
20.7062
11.0156
11.2910
-42.4258
-29.3018
-13.6484
12.1488
16.9766
14.7820
32.8652
1.4000
8.8992
7.5386
-3.4188
-48.7305
-5.5898
25.0434
-5.4201
-24.3840
-2.6021
3.4512
-15.7383
-48.3937
-21.0250
-41.3391
-30.7125
-7.3570
-56.2484
-41.3500
-54.6828
-20.9383
25.4762
-2.1163
-31.7066
-11.6464
11.9500
25.4273
9.5583
-1.7559
-8.9934
-51.8984
-29.6336
-19.9480
0.8770
-30.8445
1.7596
14.8602
-15.5238
-3.7473
14.5625
11.2750
-28.4708
7.1934
-42.0730
-24.5084
30.8465
-20.6059
13.2498
-15.2705
6.2555
22.6777
28.5508
-21.1766
-7.2625
-37.4546
21.4633
2.9652
-6.5508
30.4172
24.2949
0.7523
-21.3020
0.3277
-6.1242
24.0441
23.9937
16.8617
11.9044
21.8867
-11.6287
-33.5730
-6.8102
-3.5280
38.6437
62.6867
23.2023
-16.1162
26.9066
-45.0883
-3.1414
-23.1852
-39.3656
-9.5424
13.2320
12.7664
-19.9729
1.6895
-15.2312
-37.4031
1.9902
-20.0551
-11.8611
-31.0859
30.0641
49.0531
55.7125
28.6199
37.9516
37.9172
31.2586
-5.1359
36.3453
12.8160
-0.0064
-44.5180
-9.4342
-1.0941
9.7023
-20.5748
-0.2461
-7.6051
-0.5437
-53.6805
-2.4918
4.8219
1.6012
11.5723
8.2004
1.8473
-11.0691
25.0180
-15.7555
13.5109
15.3180
-9.1055
-21.6227
-20.0000
-8.1898
-2.2965
-18.1730
-52.7375
-18.6758
-45.0453
-37.7665
-6.5695
-19.6359
1.4492
-18.6420
26.0063
-0.0281
24.8336
22.4000
14.4309
-24.2070
-3.0590
-35.8773
-15.3902
9.8832
11.5836
19.9957
-18.2729
29.4645
22.1738
34.9219
29.8695
37.7539
50.8391
10.7648
-17.4319
-20.3504
-36.4875
4.9477
2.3566
-25.0684
-1.6754
-37.8445
-27.1219
-23.3887
-18.4102
-43.3281
-44.9898
12.0033
-35.1820
-30.7566
-7.9148
-26.3984
4.9906
12.9906
54.0457
34.4434
-18.3141
11.9691
9.9477
43.3109
14.2227
26.0453
1.4173
19.6220
-20.1895
2.1965
-0.2562
-21.2294
-27.2947
-35.6898
-18.3457
10.4016
10.4430
16.5297
2.4086
-5.4194
5.7859
32.1570
-13.2652
7.7332
6.2109
7.0836
22.8547
-1.2164
23.3641
30.5023
43.9484
52.2125
17.3953
21.6305
-4.2426
-16.9117
-14.6934
7.6271
5.9328
5.2484
10.8203
8.6543
12.9090
14.5852
-35.9527
11.0496
56.4797
33.5727
-3.0705
10.3290
-10.2131
19.2012
-25.5734
13.0980
-2.3352
-13.2977
-26.7594
19.0721
-3.5988
-2.3734
36.1449
-33.0406
-35.0156
-16.2770
-3.7767
-41.2750
-31.2066
-31.7281
-62.5742
-60.1508
-13.3422
-26.5445
-16.0484
-37.9094
2.0453
-32.7930
-7.9650
26.1754
28.3039
22.3305
5.8605
-0.6422
42.8672
37.2383
46.0109
15.7746
-24.5992
0.9043
11.0949
-14.7723
2.6712
20.6141
12.6336
26.5695
-8.4594
14.6699
-13.3639
-17.7582
-13.2594
4.8966
-13.5039
-1.9793
25.4164
18.2820
-34.3764
-6.1527
-11.3588
-5.2754
-31.4931
24.1234
28.3637
31.8813
21.6586
7.2518
-3.5016
-37.0359
-8.1113
-1.0066
-11.7453
-34.5359
-2.6172
-8.4078
25.7055
31.2320
22.3133
-28.6359
-24.0945
-28.8352
-19.1273
7.4219
24.6367
10.9055
13.2266
5.4105
8.8488
2.1906
16.1523
28.5953
16.4091
-26.6281
-49.2906
-14.0635
-16.3387
5.5434
11.9223
-42.8566
-36.1047
-29.7180
-7.3340
-29.2129
25.6156
20.3719
10.1578
-27.5711
12.6684
-26.8289
5.7266
2.1887
-27.5672
2.4660
-55.6070
-20.0520
-26.8666
19.5617
8.7200
19.0012
8.5043
-13.9961
-4.6706
7.9289
16.8375
16.2863
16.3146
-9.0025
-19.4621
6.4145
-36.1288
21.0336
54.2414
23.2141
16.0043
16.5102
14.4916
-25.3008
-3.0109
-44.6297
-18.2425
-6.0555
-21.6453
-40.2992
-21.5634
4.0285
-23.6437
-47.5016
-27.7070
-42.0836
-17.4699
-0.8711
0.7473
-2.2945
-24.8689
-0.1180
-19.6824
-43.6961
9.9773
-9.2402
-2.3855
15.3539
-29.6634
-7.1090
-28.1836
-53.5820
-33.1410
-26.3219
-25.7141
-24.3906
-50.8133
-35.2875
3.1013
-38.1734
-20.6773
5.3902
7.4977
7.1875
41.1016
10.5031
-7.8078
-21.3525
-8.6936
15.4383
44.8645
-8.1131
1.1383
38.1555
17.8828
11.8992
-4.2162
-23.0785
9.7291
8.9258
-10.2615
-23.1156
-23.2375
0.0180
5.8500
3.3287
-29.0281
-26.4547
14.2573
-19.7150
-45.2914
23.1871
-4.0739
-26.2680
-49.9648
-20.9986
-32.7434
5.2996
-2.1328
45.1141
33.8934
-0.2178
3.7340
38.1602
-7.0129
-16.6602
-39.8109
-35.0359
-8.0555
-34.2109
58.1875
2.3164
1.9871
-9.5410
-14.3250
-12.3109
-9.7836
-22.3367
-29.8215
-9.5711
35.2852
20.3363
-52.4672
-29.1258
-33.4477
-52.0461
-42.9203
-35.6359
-13.0688
-45.2908
31.7484
34.8945
18.4816
-28.4641
-27.1758
-31.5914
-42.3742
-39.3430
4.2406
46.5641
15.3648
14.1828
37.9266
39.9883
49.8039
26.8484
13.9230
-16.9336
15.5828
-39.7313
-35.9125
-27.3785
-37.3922
-14.4711
-15.4172
-6.7000
15.1187
32.5187
36.9766
41.9695
52.0594
17.5164
40.4096
-9.0962
3.1484
56.3367
43.0395
1.4387
12.2227
19.7633
11.9488
-15.5528
-4.7522
-8.5551
-2.5101
-39.5023
-9.5027
18.1641
31.5070
23.1172
12.3711
2.4865
2.9930
-4.2353
-2.0838
-14.6422
-16.6830
6.4809
7.7766
14.6105
-36.4094
-48.6328
-26.0398
-28.0469
-12.4027
-36.9281
-20.1777
-39.4641
-24.5260
-36.1703
-49.7828
-23.8375
3.4453
34.0781
31.3797
54.3977
56.1805
24.6922
-14.3908
-25.7457
-44.3051
21.2172
6.7495
-32.1645
-0.1629
14.5809
-1.0645
3.3389
15.6875
25.1703
5.5779
-46.0000
-18.3059
-42.8496
2.2414
-44.5477
-29.5934
-22.6582
11.3547
-22.6375
5.2754
36.7047
3.4688
-13.9732
-16.3426
-0.9182
-9.3727
-28.2648
-29.6480
26.1535
-28.7453
16.4855
15.9217
-40.1258
-26.7219
11.0460
-17.0143
9.4547
21.6762
-0.6393
3.6430
-3.0821
-43.7555
-53.5469
5.7188
18.5648
15.4422
31.0227
53.4852
34.4844
27.5273
36.5719
12.5750
7.8281
-23.3558
1.1535
-28.0840
27.9062
12.5562
7.0719
21.3513
-16.7115
-9.2363
-17.3416
-9.2984
25.2992
35.0398
0.1828
17.2898
-10.9746
20.4619
-9.1504
8.6219
-9.2723
-6.9152
-27.3984
-20.2680
18.1309
-31.6703
-16.9930
-5.0753
3.5270
16.2875
-0.0414
-41.1281
-30.5896
25.3680
48.6086
12.1637
-16.7371
13.3469
-14.1475
30.1805
14.4793
-4.1363
4.6492
16.1805
41.4516
25.7633
26.5375
-5.6809
6.9812
-30.7973
-26.7988
-17.7986
21.2576
-42.9648
-34.8758
-16.7609
-18.7852
-31.9438
-39.7156
-28.8391
-15.5827
-6.8830
-41.4922
-15.1375
-7.3217
-45.8990
-4.5173
-7.9706
13.1793
-44.6562
-13.7396
24.6371
6.3229
-29.3086
-14.9710
-14.6754
-55.3703
-13.9318
-22.7152
3.7309
-11.7844
-31.7070
9.7500
15.5801
2.9340
51.5699
29.8594
32.4168
-33.9172
-21.7117
2.8748
18.7533
12.0213
-10.2155
-7.2375
11.0664
34.2711
21.3539
17.2844
-8.1830
-0.4861
8.9906
7.9703
14.3727
27.7359
9.4414
4.8293
5.7419
-14.2734
-18.3578
-25.7680
-27.3984
-3.7789
-23.5391
-14.8805
-12.4207
12.8891
34.6164
9.4254
11.2320
22.0445
-8.1535
-10.2148
-21.6082
19.3543
-37.8539
-23.3625
-17.7543
-26.2051
19.0777
11.9413
-8.2185
-18.9188
4.0766
20.6000
-8.7509
9.2109
21.2703
50.8977
60.0195
24.9207
-27.9773
-51.9367
3.6737
-4.9699
0.1387
6.7832
4.7096
-42.4242
-18.4969
-41.6879
0.9566
-45.4609
-12.6930
14.6418
-20.4547
8.4486
-46.6125
6.3547
21.4336
11.4949
9.3375
27.8438
38.5695
44.2469
46.6219
-12.9000
-3.4109
-28.9789
-33.6570
-32.5898
-5.0648
20.8695
21.1465
-0.9729
26.0473
1.5008
6.9129
-22.6758
-49.4477
-3.6086
-26.4980
-8.7152
-37.0754
6.4914
50.4023
29.1703
22.6883
5.8082
-23.6633
-15.3857
-21.1711
-42.7594
-21.9621
4.0590
13.2941
-34.0947
17.8078
31.5453
38.5500
11.1727
25.7164
55.0266
41.9512
-27.6766
-44.2500
-44.6297
-3.6484
-42.0750
-2.8291
-2.8125
31.4406
14.9564
-3.7406
2.2547
-37.0695
-6.8877
-53.0480
-6.4663
-52.3984
-7.8104
4.4302
-33.2809
22.1109
-9.8227
-36.3118
13.0221
-14.1592
-8.3102
1.7234
-32.7375
-29.4234
-23.8164
-31.0672
-11.1652
-7.4305
22.9531
6.1512
-17.6162
-1.4103
-22.4516
-13.2720
-8.9371
16.6969
0.0426
7.0401
-40.1063
-3.3742
-23.8414
-44.8969
-40.1813
-30.8977
-3.3184
-24.0008
5.9234
-45.3883
15.2625
-8.6875
6.6031
-14.8988
39.6031
3.3883
-19.6338
-18.5621
9.1875
5.3494
12.7695
0.7352
4.1548
2.3486
-21.5523
4.3500
-19.5484
-40.2672
-16.0475
-2.1947
-8.1984
-26.5066
-28.1391
13.9109
35.1322
2.8344
-31.6867
-43.6383
6.9080
-5.6184
-20.7226
2.1703
7.8867
11.0910
-35.2156
14.2449
46.2891
-27.7445
3.5125
25.3797
17.1695
21.3928
22.0310
-30.8367
-6.7918
-1.4923
-31.8023
-8.2933
-35.1188
-21.1969
12.6961
-14.9621
-42.9660
8.7941
-2.1691
-28.0189
-17.8578
2.6734
-19.3984
-7.6250
-39.0141
-28.7656
22.8328
32.2594
9.8781
6.0695
3.3992
10.6324
-4.7234
17.7270
-31.8430
-42.3352
-27.0195
-60.2367
-44.0234
-60.0742
-29.2234
-27.4820
-42.0812
-33.6852
8.5742
3.7902
2.1160
-32.3609
-57.7820
-24.0082
-34.9853
-18.5055
-21.1461
-44.9672
-39.2195
-7.4395
-2.8424
6.3082
12.4098
20.7508
31.0156
12.9871
-4.8607
-7.1887
-5.6248
9.8770
1.6960
6.8324
14.4801
-7.7711
-2.5751
-42.1844
-7.9898
-17.6148
-37.8668
-16.3828
-39.3262
-2.7555
-41.2590
4.7883
-21.3266
-36.3575
9.7676
-33.1570
-6.0126
-52.1602
18.6289
17.1410
16.4914
23.1055
19.3238
-24.6410
15.7791
-39.8268
29.8955
-36.6234
-21.2984
-10.6112
-13.5797
2.3660
0.9578
-47.0797
-51.6273
-32.7578
-44.5027
-25.4125
-0.0174
9.3996
-5.4590
-11.7638
7.4461
29.7113
-20.4178
1.0387
-28.4188
15.6080
-23.8813
-34.1344
-43.5484
-43.3641
-7.0938
-39.8719
-6.4395
17.8039
33.3895
-4.9496
-8.1279
-12.4465
7.1195
10.0869
-14.2969
-16.9508
-18.7758
2.6688
-7.3883
17.7867
21.5422
17.0008
25.0988
-4.5406
3.2646
2.3239
-17.4422
-13.8633
26.4383
7.0094
17.9688
-3.8050
3.3163
-41.7258
-15.9625
-1.5744
-27.2297
-1.2738
35.2758
0.6680
15.3982
-24.0898
6.1004
-6.0273
25.0988
28.6836
18.5926
-12.9620
-3.0518
18.5379
14.5744
14.4187
38.1129
9.3273
43.1461
16.8998
-14.7578
9.7633
50.2070
32.7469
-13.1273
-13.6012
24.5215
-45.5492
-20.8129
-23.0375
-38.0422
-2.6891
53.1773
11.0195
29.2820
24.7977
-0.3658
48.6434
35.5945
25.5922
3.7477
-4.1004
6.7102
28.5477
9.1645
-42.0945
-33.7891
-35.1094
-48.6117
-42.8375
-3.6809
-29.6445
-52.5102
-38.1797
-2.9214
2.5500
-9.8617
49.2680
49.1813
-14.7627
-19.5515
-25.7414
-28.2453
23.5587
-38.2594
-27.7882
12.7270
26.5449
5.9713
0.2754
-28.1398
-11.8738
-20.4708
21.9113
-17.2194
20.4164
10.8523
-12.4539
-43.7398
-30.4266
-20.6589
-4.6350
-16.7789
-24.6158
-6.2027
10.8706
-53.3102
-33.4594
-62.5070
-20.6547
2.8496
-23.8438
-12.4489
-17.2330
-26.2402
-24.1891
-25.6719
-10.6517
9.6727
11.7195
17.8116
-24.2563
-35.2031
-57.0398
-30.2109
-38.6367
-7.4941
3.8297
2.9125
18.2297
44.2508
-3.9476
-37.8150
9.7498
0.0185
-21.5138
17.1539
13.5160
-17.7320
-14.5305
1.8324
5.9327
-33.1352
-9.9234
4.5824
10.2531
1.2551
-3.8344
25.6039
-13.4180
-3.0549
-5.8232
7.9771
13.9043
5.4187
-8.7227
9.5289
31.9855
18.3633
7.2152
-23.0945
12.6179
20.8484
6.5996
-0.5465
-18.8344
-20.2320
-25.4260
9.2734
28.0398
-4.4544
-6.4891
5.7590
-15.1863
-32.4594
-5.0358
-6.9059
-30.0648
-51.6789
-22.6107
15.7273
42.6188
14.8441
8.0699
17.4842
-36.6031
-30.7641
-26.1965
49.1320
51.6836
21.9689
-51.7578
-30.0672
-47.3914
2.6711
-11.4914
-21.0926
-10.2012
-16.7678
15.7859
9.3871
4.0043
39.3586
27.0215
16.1199
16.4898
-6.5064
-21.0133
-39.3695
-46.5453
-11.3316
-28.9680
-34.9914
8.5611
-47.4172
-5.0047
-48.5203
-59.4164
-52.3727
-47.3398
-58.7133
5.4771
-23.5445
16.1410
3.1055
-20.4945
-35.0531
31.9156
29.0012
29.0070
-0.2331
14.7852
-28.2723
17.1536
-31.3117
-4.5531
-43.5148
-24.2547
-57.6281
-4.1684
-12.7957
18.0063
-1.0918
-47.3414
-19.3027
-22.6555
-41.9359
-10.6930
-23.4832
-12.6562
-14.5913
-6.4053
-3.5262
-14.7867
-12.4818
-35.4195
-31.3477
-23.3969
-14.6862
-24.4941
2.9496
-23.2844
-4.5390
7.6814
-33.5219
-30.3117
-40.8836
0.9836
-12.2109
-2.3812
2.0379
-33.6617
-41.9430
-13.7883
4.1852
25.3797
9.7098
6.4820
9.1165
-19.0637
16.3172
-22.6555
25.7953
2.0570
-7.9180
-13.1562
-27.2836
-18.5758
-25.1742
-37.2750
-43.8906
-12.6745
11.6750
-6.9972
3.9320
-13.6785
-17.8361
-20.7374
-22.9469
-2.9413
-1.3924
-17.3395
4.1105
-38.7750
-64.1453
-27.0750
0.1273
18.3676
-5.3438
-14.1234
-34.3008
-17.1055
-13.8526
-36.6516
8.2602
-31.7488
-21.0609
-16.4023
-27.4219
-33.4102
-28.4188
4.9014
-30.5336
-25.8609
-18.4154
5.4906
-39.0187
-7.9469
-0.8594
-44.3703
0.6687
31.2531
-10.5715
15.2047
-6.1955
-2.4346
-1.2800
19.7785
-16.0945
-25.1979
2.6574
-54.3969
-39.6576
23.0320
-0.0785
11.2475
-29.8949
-11.0172
28.1773
37.9883
16.5355
-1.5914
22.0844
20.2090
-22.1441
-32.9531
-1.1823
-12.0638
12.2492
28.7867
11.0691
3.4594
0.1654
-6.2199
-15.0158
-26.8539
-54.3547
-17.9922
-4.7191
51.3383
12.6914
1.7691
-7.5527
-15.4273
-19.0965
-2.3069
-46.9398
-10.4095
5.0797
-9.0462
-2.3231
-48.5180
16.9125
19.1277
25.2117
43.6383
9.7578
41.7062
24.6281
-10.4273
-34.9641
-8.8121
8.1500
-18.0273
-30.9500
-4.3719
9.6094
3.7567
-45.4156
15.7586
20.4504
-21.6557
38.7938
0.6277
1.4172
14.3604
7.7098
-21.7816
-12.5450
-12.3607
37.3301
-0.8047
3.2035
-39.1098
-28.5648
-20.9246
1.5094
6.0047
31.2973
1.2178
-15.1160
5.9723
-10.1406
-26.9266
-2.1262
-8.7716
-18.3273
-35.6703
-21.0664
-25.1836
-12.5403
-49.6648
-35.4551
-38.5930
-12.9895
-26.8680
-48.1016
-7.8652
-54.9117
-24.3375
-3.5074
14.5820
-2.6695
19.4963
-4.7895
-27.6910
-1.8125
-15.2262
-29.0117
-28.9773
-0.8625
-25.6574
-62.2906
-37.1773
-38.5250
-11.8973
-56.5250
-41.4633
-43.1352
-18.3546
16.3352
-13.2746
24.8953
39.2102
45.0352
47.8000
32.7920
38.1393
-16.0461
-22.3923
22.2647
-40.6607
7.2328
-43.8391
38.1523
35.2102
45.6816
7.7395
10.3648
57.3359
50.3430
26.4117
7.6297
33.5875
-0.2590
41.6797
42.7762
6.1299
3.8298
3.3337
7.6023
14.5262
41.4496
5.0738
-26.1066
-31.0766
-33.5363
-42.1813
-2.2191
9.1992
-18.9861
-22.4226
9.1461
-36.0133
1.7359
-7.5214
-44.2555
-36.2344
-9.5040
-2.5046
23.9516
-23.3406
-23.8430
30.2906
16.7250
51.4496
24.4160
21.4937
12.4398
10.7602
3.2727
10.6707
-45.3453
-20.4941
0.0359
-55.0156
-10.7578
4.5547
1.0160
5.5266
22.5656
31.0137
7.9043
11.3281
11.6398
22.0219
-14.5613
-3.5434
-9.3447
19.2230
-14.9125
25.3484
47.2609
50.4344
43.6125
10.1844
22.0180
-10.2434
-1.9352
-2.3793
9.4340
-21.3519
12.5445
15.4758
15.4004
-11.0516
1.1437
4.7293
-33.2438
-21.2478
-13.7605
-14.1578
-30.2418
-12.7320
1.2953
7.6384
9.5246
-18.0615
-24.8098
-49.9813
-3.5984
-55.2031
-22.5176
5.4687
16.8563
4.5926
6.7039
56.6047
39.6125
17.5785
-38.6992
-49.9805
9.9748
-48.4953
-10.2574
5.8926
-24.5504
-6.4391
-44.5352
22.2523
17.6814
-19.9891
9.8217
8.0115
22.4164
39.8516
35.1437
22.8078
31.2563
8.0734
-3.4500
19.2344
-1.8750
16.4008
29.4195
33.4153
19.7644
-29.3430
-21.1449
-8.1613
-48.8422
-6.7256
-47.3603
23.5988
4.4422
21.8117
-30.7797
38.4891
23.0592
1.4658
10.6484
-0.1855
-2.9336
12.9625
13.5531
-1.5898
-30.2672
-53.8336
-9.7055
22.0801
-24.2243
0.4387
-22.1010
9.5334
1.9359
20.9582
0.6609
-56.2469
-1.7922
-8.2785
-9.7258
2.7746
-6.2608
-21.4031
14.1430
33.4969
9.9617
10.3703
13.8086
2.2864
-5.8337
-1.8069
-11.3183
12.5676
-12.4586
29.0348
-20.9781
-47.8586
-15.6293
3.7160
1.1988
18.9484
16.4715
-5.7002
-20.6645
17.3039
8.8816
-40.0250
-20.4730
-39.1680
-30.3781
-34.7586
-16.3055
-45.9418
-8.6094
27.1605
16.6836
14.5852
27.6648
-2.0031
1.7123
4.8559
17.0195
-1.5156
-8.5051
-16.7740
-13.9535
-14.8887
-14.3031
-57.9828
-42.3258
11.9367
4.5555
22.8359
2.8520
28.5688
36.3875
54.0508
36.6531
11.2629
-15.6848
-26.6371
-28.8492
3.4742
15.8258
-30.1047
-12.7969
-17.5578
-37.2578
-33.9188
-22.5820
-23.2766
-25.8477
-25.3410
-38.9456
9.9535
4.6656
-21.6750
-17.1471
17.1605
-41.3316
5.9598
-1.7625
-17.1455
59.3578
42.0768
11.5609
15.9066
12.2680
53.8930
37.6336
43.6445
19.1791
-31.3352
-12.0885
5.0508
-7.2917
-1.8143
-26.9062
37.4688
18.6945
-12.9563
29.5824
26.7816
12.1781
17.4496
24.7020
-14.0578
6.9531
25.7555
46.6910
-36.6820
-18.2883
7.3441
17.4441
-20.2250
5.6594
-16.6283
-19.6378
-41.7145
4.4875
-22.7180
-59.4047
-35.5234
1.3610
30.5984
24.4242
11.4875
2.7254
11.7328
-27.8424
28.2574
-9.5184
-40.7609
-34.6516
-25.3414
-47.8203
-39.4250
-25.3983
-22.4266
-0.3160
21.3375
-6.3699
21.1617
3.6023
-11.4008
14.7895
-19.6766
-25.7961
-33.8633
-8.7848
-17.5944
-28.3508
2.3122
-10.2662
3.8979
-8.0930
-2.2086
20.5633
1.7070
0.0578
11.0898
4.3735
-15.3436
-27.3727
-38.2906
-15.2492
12.0646
-26.2328
-14.3129
8.1739
-44.2406
-4.9785
-20.2062
-19.3007
-37.4656
13.8615
-26.4398
-27.2484
4.8571
28.3164
11.9043
-13.3621
-3.2062
-48.3336
-11.2547
-17.1477
-16.0402
-20.0008
-39.3000
-11.2355
-44.1703
-36.7906
-3.3270
13.7715
-29.1801
22.7945
-9.2739
-20.2684
-21.4789
-50.1586
-58.1719
0.7041
-45.8148
-14.5164
16.3738
-39.2836
-0.3686
-12.3432
-6.3766
-45.8937
-45.9148
-14.4673
-23.8711
6.5536
-9.9492
15.4494
-38.5297
-25.3117
-20.1055
-60.8016
-45.3023
-11.8359
-26.7594
-8.7992
-54.7805
-37.9551
15.9056
-36.5891
-9.6781
-15.8081
-26.0016
7.4719
22.1234
0.8205
-43.0422
-20.0168
-31.6746
-10.1371
-6.6062
-39.6305
-58.7570
23.9680
20.0711
5.5188
-14.8993
-50.0086
-46.9336
-58.3281
-2.1488
-4.3344
-12.9531
-10.0396
6.8605
0.2070
-13.7793
-22.2359
-21.3883
-26.7129
30.3445
19.5910
0.3820
26.4279
-12.7322
-40.5852
-29.2008
-22.7660
-22.1422
-5.1857
-32.7031
-20.2602
-20.9538
-0.3574
-40.2070
28.3523
14.7229
-28.0453
-52.8211
-8.6277
-4.0941
-40.4742
-48.4352
-46.6773
7.4588
-41.7457
-29.3945
-20.5672
-52.1919
8.7898
29.3898
-14.3432
-43.2836
-24.1187
-25.1707
3.1273
34.7641
25.7891
-13.4500
-11.1934
5.5059
15.6719
26.7227
7.8711
-5.7121
34.4625
44.6758
22.4625
-5.4445
18.7738
-15.9664
-44.1961
-55.8891
-12.1262
14.7609
21.2836
29.9992
5.0102
16.1346
-7.1184
31.3578
23.6516
-8.7754
-15.9119
7.9680
16.2773
55.2480
-6.5703
5.8980
3.4000
-22.2539
-31.1422
-19.2902
-47.3383
-3.0747
-3.4896
-8.7656
-29.3000
-37.8805
-13.6055
-33.4380
-7.1203
50.3969
-5.1789
16.1738
-22.2279
-1.7017
-28.8592
-0.9198
7.6519
-21.3336
-9.4664
14.5125
-12.6863
-7.9145
-9.4125
-6.3973
15.1508
-6.8211
-7.7984
19.9969
17.2391
11.9406
27.9961
6.6852
-0.4924
16.7891
25.8504
21.6211
1.1383
1.9004
-14.3816
-25.3406
-27.7988
-31.7770
-2.7328
30.8074
7.2582
-8.9824
-54.6234
-40.2586
-48.0023
-0.5797
-0.0246
5.3986
-4.7361
-3.0430
-17.7281
-30.5004
-15.5469
2.8383
6.9564
21.2689
-8.0160
-21.1675
-42.2961
-42.2555
-60.2359
7.9935
-39.0492
1.9297
-34.6002
-18.3438
-36.4996
23.9430
55.5684
46.8414
17.2258
-18.0066
-8.0820
-38.9422
-31.8742
35.0133
19.3445
13.7473
-15.8279
2.0934
-24.4484
-8.7148
27.5412
-43.0969
-40.0047
-42.0879
-2.5078
-32.2008
-36.2344
-14.6138
-0.1379
