-18.8406
-30.1496
-22.3641
-51.3063
-12.1492
0.8207
-15.8231
-13.7180
7.4846
-4.4723
-0.8152
-25.1152
-33.6698
-35.2176
-1.9777
4.4369
6.9731
-24.2617
-7.8535
28.4922
-13.6355
-1.6988
0.2807
12.2843
-14.8222
-10.2816
-25.2262
-15.6082
-21.4562
7.7642
-16.2108
-21.7336
-12.4210
-40.5992
-6.8954
-36.7867
-15.5173
-5.0676
-11.4918
-15.1186
-25.1873
-22.4295
0.0520
-13.3512
-23.0094
-17.0544
-24.4958
-3.1208
-16.4984
-7.7250
-3.3769
-7.6811
-0.8637
-5.5903
-11.6527
1.7180
-24.7330
3.8309
-8.7781
-31.7609
6.6570
-20.7807
-8.1859
-0.4906
-11.9906
-3.4810
-16.0107
-24.0111
-20.7453
-17.4656
-17.2586
-3.0922
-7.5203
13.5988
4.1558
-33.4719
-11.9542
-0.5777
-5.1887
14.6307
-6.2402
-22.7555
-2.7230
-3.1754
3.8199
-9.3436
-18.0211
14.4849
-17.1832
2.0061
-10.5629
-12.1707
-1.0369
-24.8570
-5.7775
1.7816
-4.4895
-41.5930
-20.9457
-39.2129
-3.0914
-10.4398
-10.3863
-0.5831
-10.2559
-22.3766
1.8480
-7.1293
-26.4922
-18.9090
-2.3113
-25.5922
10.0139
-10.5039
-9.9064
-28.9723
-15.8142
-17.8852
-8.3302
1.2916
0.8218
-19.0825
-12.0808
-8.8928
-5.1979
-10.4903
-9.3306
-26.1580
4.6998
-23.1592
-11.5823
-1.2911
-19.3320
-9.2228
2.1102
-19.5902
-0.9759
3.6691
4.9336
-25.6941
-12.9393
18.4002
-15.2496
-12.0410
-15.7879
0.1723
-1.6195
-19.1256
-18.0067
-5.9451
-18.0261
-41.4000
-14.2007
-13.4807
-15.6626
-4.5369
7.5953
-26.9187
-13.9555
-27.7570
-7.3217
-17.2035
5.9999
-11.7638
-2.4287
-18.2787
-6.0256
1.4240
-10.4490
-15.3969
-12.9049
-12.5611
-9.8485
4.7883
-20.9746
-9.8132
-4.2201
-2.1143
-21.6465
12.5373
5.0641
-20.6305
-30.1187
-31.2348
-33.9066
-22.3432
-1.0133
-19.7113
-26.8566
-0.2453
-7.8875
5.9427
-28.7838
-11.5914
-7.3465
0.2622
4.2058
-20.5250
1.6883
-18.9430
0.3702
-2.8528
6.5770
-10.4805
-18.4662
-9.4020
-23.1342
-18.8180
-6.1046
-19.6719
-18.1410
-16.7250
-18.3797
-20.5164
-10.8675
-29.8648
1.8664
4.0402
14.7652
10.0855
-23.4113
-17.1270
-29.3633
-7.3881
-9.9246
-26.6178
0.1162
-9.0953
-3.5600
-4.2496
-15.9330
-17.3559
-18.8841
4.7383
4.9989
-10.1496
-4.6797
0.3010
0.9830
-10.9753
4.8371
-16.2586
-18.2426
-20.1814
1.1617
-4.4763
-26.6094
-30.6633
-15.2299
10.7973
-3.5150
3.1049
-30.1564
0.3803
-20.6990
9.2423
3.1974
-15.6428
-14.9397
-29.0883
-7.6367
4.7850
-10.7113
-3.4074
-14.7752
-18.5648
-34.5949
-12.2316
-4.3848
-25.4262
-9.8549
-5.9908
-18.4832
10.1303
-2.6199
-5.8602
-9.9312
-21.6765
-23.3969
11.3156
-6.3036
-5.4797
-13.5657
-36.7812
0.3371
-16.0926
-35.6588
-6.3659
-19.7500
-28.9195
-11.2625
-3.8436
-12.1557
-10.4447
-4.0727
0.7246
-8.6822
-4.2953
-9.5043
0.1145
-15.5895
-21.5646
-1.0719
-3.4746
2.2750
4.9890
1.5391
-22.9465
-34.5125
2.0211
15.2035
-20.7156
0.4112
-24.4859
-17.1578
1.9031
-0.4180
-20.3584
-4.8496
-0.1944
-24.4979
-12.6604
-26.7105
-19.7871
-23.9638
-4.8128
6.8230
8.2612
-17.5504
-1.6604
-9.2004
-50.4156
-1.4242
-1.3601
-22.3453
-10.8770
-42.9214
-25.8090
-19.7490
3.2789
-28.0293
-21.0648
-9.9173
15.4084
-12.7941
19.4129
-45.6813
-37.2883
-25.3158
-23.5724
10.3166
-37.3453
-20.7584
0.4293
6.7078
-3.0881
-5.0020
-21.7982
1.4149
-12.0225
3.8906
-13.6961
-16.2831
-9.4264
-10.5819
3.6369
-3.1744
-11.6883
-0.3166
-25.6383
-8.3529
-9.4601
-6.6398
-16.8129
0.5281
-10.2090
-17.9051
-13.6600
-11.0832
20.1061
-3.5203
-31.6028
-6.0046
-11.1659
-4.8871
-19.1863
-13.8074
-16.9479
-19.8616
3.0465
-29.0117
-3.2350
-13.5078
0.4960
-25.4813
-26.3359
12.0523
4.7745
-15.4025
-2.1121
-11.8758
-12.4062
-29.7516
-13.7172
-4.4432
-7.4681
-38.2109
-1.7530
-11.4300
-29.8529
7.1803
19.4953
-0.6986
-25.1614
-14.4166
7.2926
7.8394
-7.4371
-27.8324
2.4287
-20.4406
2.0660
-2.2424
-3.1855
-7.6365
-3.2258
-21.1476
-26.5756
-14.1582
2.9189
-16.2952
7.9383
-8.2859
-28.5440
-25.3391
-13.4395
0.6664
-6.0074
-1.0656
-9.3884
-9.8757
-1.8148
-47.4992
-16.3961
16.3316
-10.6648
-3.1027
-14.9762
-6.7409
2.4447
24.6966
-17.4281
-13.3015
5.0047
-9.7490
-1.1270
-14.9725
-21.7750
-5.8103
-6.8508
-10.6293
-29.9941
6.9586
-5.1201
13.6602
-37.4961
-1.6348
3.7938
-36.9727
-11.9713
23.5136
-16.2766
-30.8816
-11.6646
-34.3875
6.3281
16.4066
-0.8809
-2.1605
12.0037
-16.8828
-20.4234
5.4736
-25.8516
-14.2602
-4.1961
-17.6407
-8.7387
-6.6387
-22.3240
-11.9563
-20.3285
-14.2316
-6.2895
-12.6412
8.6250
-32.0359
-27.7304
-19.9533
-16.7332
-37.2250
-33.3305
-24.1859
-8.7348
-3.9770
-27.3227
-6.2035
12.1820
-14.5357
-4.7473
-4.1075
3.9574
-13.9723
12.0324
-3.9195
-12.7461
-14.5707
-3.7646
-23.5172
4.5689
-17.7160
-35.8625
-15.7697
-17.0848
-9.5072
-19.4559
-10.3230
-9.5906
-2.5701
-11.1618
-5.6731
-5.4938
-31.2023
-9.2074
-2.7762
-6.8473
-20.5451
11.9565
5.1432
4.9622
-9.8129
-16.3007
-19.1591
-14.8650
0.0682
-33.0066
-31.8734
-22.6090
-14.5012
-9.5437
1.6280
-8.2479
8.8430
-1.1851
-20.2984
-7.3470
-0.5601
5.3934
4.0252
-3.3300
-34.5488
22.0514
5.9643
-42.6016
-23.7979
-4.3010
-9.5799
7.5418
-4.8089
-28.1641
-14.5000
0.7232
5.7621
-45.1430
5.4277
-30.5984
-24.8328
-21.0699
-15.1508
-13.1805
-12.4451
-31.9250
24.2527
-11.3502
-4.9283
-19.8245
2.7341
-21.6771
-7.1102
-20.0086
-31.3727
8.1342
-11.3622
2.4906
-1.3541
-7.1392
-9.1229
8.2303
-36.2125
-21.6573
-21.5053
-28.2299
6.5299
-19.9646
4.1680
-30.6742
-10.2162
9.7531
-2.6391
20.1102
-8.6680
-12.0064
-6.6980
-0.2203
-9.1644
-18.1879
-3.4947
-37.3805
7.0402
-19.5438
-27.3027
9.8523
-4.9123
15.2215
-9.1131
-1.5094
-13.3859
6.8418
10.8583
-40.1695
-24.5700
-5.4088
13.3133
-21.1000
-20.0844
1.6684
-11.6572
6.1818
-21.7842
-23.9031
-7.5832
-8.5765
-14.8890
-29.5234
-19.0850
-25.0270
-13.4602
11.6843
-19.7629
-10.0567
-7.2559
-27.0457
-8.9434
2.6855
-13.5792
-13.8658
22.4254
-7.2607
-5.4176
3.8889
0.2453
-3.1176
5.6749
-21.0406
-9.4633
0.4936
-19.9819
-26.9840
-23.1141
-15.2044
-29.8047
18.4773
-12.8711
-4.3730
-18.4135
-6.9164
-40.9434
-38.2359
14.0794
-1.2907
-23.5641
-3.6740
-25.5469
-14.5178
-0.1605
-9.4559
-21.4508
4.1816
12.3898
-32.2781
-11.5958
-21.8910
-13.1635
4.2656
-26.3453
-12.7044
-21.2980
13.5504
0.3545
-16.6492
-26.8898
2.5602
6.2602
-24.0738
-26.4901
-20.0496
-28.9906
-24.0836
-11.6598
-14.0773
-32.1898
-4.8195
-17.0279
-13.4875
-8.9391
-4.2323
-34.3984
-18.6168
-3.0602
11.8834
-14.8970
-22.8789
-3.6177
-7.5499
-19.5973
-19.3356
31.3413
-11.0145
-7.8523
4.2572
-3.7643
-0.3063
1.1618
-0.8324
2.5051
-4.4293
-6.7498
-8.3426
-40.8035
3.2934
20.1961
0.0487
-24.2232
-26.2231
1.0773
-42.6020
-16.3787
-9.8988
-12.9012
7.8164
5.8568
-6.7068
-28.8191
-10.1080
-12.6270
-24.7707
-8.6172
-28.5078
-13.9216
-14.7699
-20.0992
-2.4316
-19.0963
-3.4994
-15.3909
-32.0883
-18.4143
-18.6582
-12.4138
-19.0023
4.3923
-14.6029
-19.2206
-9.0470
-22.6770
-2.0809
-13.5391
-21.0424
-26.8887
13.4168
-29.6744
-16.9588
-15.8979
-17.9434
-17.6875
-24.4266
-20.1577
-9.0670
-35.4993
-15.5807
-24.4727
-17.7805
-0.0082
-11.9160
-24.0436
-20.1556
-17.7949
-28.6914
-12.0664
-31.9514
-16.2047
-3.4931
0.2721
-3.2730
-17.3633
-10.0871
-22.1750
-18.1313
-7.4176
-16.8402
-16.5395
0.9531
-30.2344
8.6723
-11.6881
-7.1719
9.3357
-3.7191
-22.7012
-7.1934
7.0285
-30.8897
-15.8101
20.4684
6.7742
-7.2903
9.2555
-11.9398
6.4707
11.0979
-28.7480
4.9867
-5.0133
-32.1602
-0.9286
14.4773
-10.4232
-18.7777
20.1063
7.4611
-11.3504
-10.2213
-8.2463
1.2635
-16.6742
-19.0854
-5.1863
-14.5404
-4.3945
-9.6199
11.1730
-15.2906
-12.9637
16.3718
-13.3496
7.2844
-22.0566
5.7135
-20.0299
-20.1195
-37.5512
-1.0414
-10.9973
6.1695
-10.7184
-15.0945
25.1226
7.5935
-14.2129
-19.6652
-41.3793
-13.8568
-13.1562
-20.4488
-12.8266
-19.5723
-11.5719
-24.9626
-14.9004
12.5707
-44.6297
5.7488
4.1593
-11.8258
7.7608
-8.7724
3.2719
-13.9250
-12.3242
-0.7535
-12.7176
-6.5953
-16.4922
4.1974
-6.6396
-15.2383
0.8165
8.9347
1.4238
-10.7770
-13.3096
-21.2328
-11.8641
-22.6742
-27.3297
5.1719
15.9942
-4.1833
-25.2727
26.3652
13.7910
-10.0209
-4.0105
2.2244
1.1770
-28.5144
3.2122
2.0446
7.6691
-12.0014
-9.3328
-21.1324
-20.6746
-22.0639
-9.0524
2.6488
-18.7582
-21.8820
-15.8137
-26.3230
-16.9702
-15.2906
-32.7164
-34.8844
15.9446
-33.0848
-6.0916
3.9394
-21.8738
-31.4898
-20.6785
-21.4684
-16.3575
-12.9842
-18.1411
3.4179
-0.5835
-8.4211
-30.6271
-31.6996
-16.5711
-1.4695
-30.5898
-9.1930
-29.6314
3.3021
-30.3676
-25.9125
-9.5938
-25.5375
-23.7328
19.5424
10.4918
-19.4863
-22.3123
-37.8908
-6.5871
-7.5440
-25.3301
-1.1160
-29.0332
-31.9079
0.9313
-16.2488
10.3740
-19.7174
-5.4300
-31.1926
5.7802
-29.0209
5.6614
-25.3852
-8.3532
-14.5172
-46.1320
-8.3791
-16.6281
-7.8539
-4.7116
-17.9770
-7.4391
-14.4256
-13.2688
-18.8133
-25.2924
-24.0146
6.1848
-17.1127
-14.4811
-11.0905
3.6332
-19.1266
-6.2107
9.7999
2.2370
-3.4797
-1.4055
-11.0260
-18.8937
-17.3928
-4.0657
-2.5296
-31.5402
-6.2207
-31.9961
2.1586
-5.2311
-17.6055
-34.6820
8.7172
9.8691
-10.1633
-15.4023
-12.0906
-20.4305
-3.5488
-3.9908
-11.3152
14.1427
4.9145
-17.5295
-18.2324
-12.0330
-9.0574
-19.6406
-1.1727
-35.9656
-29.7531
-6.0105
-10.0531
-23.5795
-12.5902
-31.2831
7.9410
-3.7055
8.1514
-21.1895
-21.9813
3.5772
-19.6086
-0.9560
-13.6003
-9.2158
-9.9937
-3.9391
-14.9736
-0.5150
-18.0449
-8.1662
-42.6164
1.4297
-12.8336
-8.6285
10.4484
-18.8320
-51.9402
-33.1176
-4.5414
-10.7106
-27.6604
-12.5758
0.2991
2.1395
-5.9644
-25.7674
-27.3945
-10.0750
4.4127
-3.5111
18.9271
7.9363
12.1427
3.0256
-21.4312
-1.1963
-10.2771
12.6365
-3.0910
5.1363
-17.3687
12.7656
-24.7703
12.3094
-1.9666
-23.1789
-12.6177
-2.2731
-23.3897
2.4601
-14.6953
8.4842
-29.6684
-6.8520
-33.1633
-11.8082
4.2134
-27.5496
-20.7617
1.2187
3.1168
13.8289
15.0156
3.6590
6.5840
-4.3961
-19.3570
-7.9458
-11.6985
-14.0375
-10.1716
-9.6979
6.2458
-38.7758
14.6426
-19.6648
-16.1633
0.9044
-8.2910
-4.9551
12.6172
24.1605
-15.4852
-12.5676
-18.7971
-26.0641
15.3652
-30.1547
-26.0418
-24.8871
-15.1504
-3.5098
4.9697
-4.6805
-29.3699
16.6410
-23.7549
-9.8434
27.2729
-0.7937
-13.3748
-28.3703
-32.6602
-8.2973
-17.4263
-29.9488
-11.0934
-21.1113
-18.4971
-26.9883
-24.1523
5.8105
-25.8539
-3.0073
5.0238
-18.2047
12.7002
-25.7816
-4.3222
-9.0472
-3.2223
-11.1266
-0.1479
-12.4832
-33.4979
-21.4494
14.1949
-31.5199
-0.9336
-23.9113
-30.9370
-14.6037
0.0893
-6.2555
8.1562
-19.4629
14.5711
-19.4667
2.9611
-0.8945
-0.0529
9.8484
3.2668
-22.1418
3.5687
-3.3057
-13.3660
-15.1070
-15.2863
-19.3699
13.2916
7.3013
7.3344
6.9626
-14.3428
12.5606
5.5328
-31.9344
-15.3643
13.3367
12.9510
25.8113
-30.3391
-30.8656
-6.9296
-26.9531
-28.3516
-22.6768
16.0197
0.1627
-47.6242
-22.3703
6.1941
-26.7766
-0.2408
-15.1441
-39.3079
-8.1174
-17.3633
2.8496
-11.9422
-19.0617
-16.5785
-13.0155
-29.8051
5.6730
-16.9098
-5.1823
-26.2619
-3.0292
-15.7590
-20.6697
-20.3328
-28.9789
-34.8574
-6.5124
-47.6234
5.7985
6.7842
17.4831
5.6021
-15.7316
-25.1934
-3.3660
10.6463
-29.0926
22.6545
-8.2221
-39.9930
-21.2982
7.6744
-14.6193
-8.0527
9.8176
-24.2590
-23.3430
-0.8129
4.8000
-29.6047
-10.0083
8.0984
4.4809
-16.1905
-7.7308
-6.8809
-30.6664
4.4785
-34.0475
-15.3164
-18.2234
-6.4754
-1.7871
-2.5559
-21.7273
-6.0360
-9.9079
-7.1276
-0.3609
-7.0437
-9.7069
-9.3666
-18.2324
2.0986
-1.1851
-15.7316
-4.6191
4.4047
-18.8115
6.7038
-8.5223
-14.1109
-6.2449
14.6797
-13.5934
-24.0211
-24.3150
-10.5481
-5.2977
-15.2670
-15.4723
-26.9648
-7.2020
-17.4057
-22.3195
-35.9188
-25.2891
6.6523
-17.1874
-35.5062
0.7617
-2.1418
16.5797
-24.1911
0.5061
-34.9609
-22.0332
-7.7461
0.9969
-36.7672
3.1277
-10.1802
-19.0180
-5.4683
-6.6484
12.1257
5.4068
-14.6701
-14.6984
34.9641
-14.8574
1.7376
-21.5674
18.1254
13.4413
-20.4219
-26.3730
2.4084
-16.6688
-10.1832
-23.9219
-41.9969
-9.1961
-23.8332
-3.1837
-18.8176
-2.0922
8.7186
-2.4973
-18.9293
-0.4104
-48.7945
3.9817
-11.6166
-44.7836
-28.6928
-5.4645
-14.7766
-25.5234
-8.8925
3.7002
-5.6944
-3.9945
8.2961
-13.7461
-10.7033
-18.7289
-19.9085
2.6547
-21.1914
-16.8059
1.9857
-15.6169
-14.7723
-17.1879
-20.9732
-1.1187
-21.8859
-7.7207
-18.6341
-12.5793
-9.3366
-16.0422
-15.0154
-19.1445
8.7340
16.0638
5.4796
-9.7758
-11.3394
-32.1906
-51.4227
-7.0277
-29.7443
-21.0629
-23.2171
2.5344
-20.6574
-5.3598
-30.9477
-2.2492
-51.1289
10.8422
-26.3672
-15.3879
-16.3432
13.1578
-36.9324
-12.5375
-10.7344
9.3629
-0.3324
-12.0171
-12.5765
-51.2746
-25.5670
-29.3719
-39.0492
-15.2664
1.0383
-27.3074
-1.8243
15.4246
-37.2969
-28.3141
-22.4703
4.8285
-21.1414
-23.3473
-32.6727
13.9441
-37.4570
14.8287
-41.4391
-1.3277
-25.1711
-7.3387
-2.1633
-16.8521
14.9661
-14.0008
2.4891
-1.0543
-20.7941
-13.7500
1.9602
10.4996
-3.2889
9.3344
-43.2477
-18.6582
-24.8463
-33.3840
-14.5105
-3.0266
3.8830
-28.9062
-43.6336
-15.0403
18.8914
5.0191
-12.5338
-17.9978
-3.0763
-12.1422
-35.8172
-13.4879
-10.9812
-9.2859
-6.7078
-2.4523
16.2883
-6.2833
-47.0617
-20.4689
-11.8250
-28.1516
-14.2495
-26.7141
-13.1963
-11.5734
-43.0266
6.0951
-9.4513
-2.5461
-5.1809
-22.7578
-16.0309
-30.8244
-11.7063
-4.4691
3.5207
-13.4223
-45.4191
0.8170
-10.1135
-31.0781
5.5379
0.7662
22.5492
-10.7004
-20.6957
-6.1607
-2.4520
-4.8230
-25.5811
-6.4510
-11.6385
13.0408
0.2885
-21.3891
-4.8458
3.2336
9.5063
20.1027
0.2113
-17.7428
4.2648
8.4527
-26.9627
11.4680
-8.6111
-0.6027
-13.0510
-7.9479
-26.3319
-9.4750
2.7032
0.0341
-26.6984
-2.4316
-2.0193
-9.0484
-6.6668
13.4146
-1.0800
-27.1953
-11.9796
5.3320
2.3678
-1.5354
-16.1270
7.8707
-8.0203
-2.8045
-17.8156
5.6598
-1.1092
0.5223
13.4476
-19.2365
-21.1660
-39.8484
-23.8133
-14.8566
-30.1809
-28.3116
-2.8238
-0.5125
-0.1934
-23.9904
-24.8094
-28.1207
-3.0221
-16.6812
-19.6578
-13.2382
-16.4523
-33.2055
-10.6438
10.7855
-6.7455
-6.4770
-31.6660
-24.1562
4.5398
-33.8930
-21.9625
-8.1521
-35.9027
-27.2887
-33.8064
-11.2289
-11.5442
17.0848
-4.8672
-9.7072
-11.8693
-17.1422
-16.0320
-18.3805
-33.5563
-30.0783
-15.8391
3.8363
3.7900
15.1832
-6.0680
-33.0844
9.1785
-9.8416
-29.6750
-4.5295
-29.2375
-10.1797
-1.0570
-30.7631
-25.5203
7.1136
13.7425
-33.1492
-16.9363
-26.2344
-33.5023
-1.6529
-3.5156
-2.2426
-14.4680
-25.5672
-3.7416
-37.6836
-8.0653
9.9975
-33.6953
-5.6930
-9.9917
-12.5985
-7.8354
-8.2770
-7.8790
2.0793
-3.7531
-10.1570
-24.3137
-2.2773
-32.6434
-20.9098
-34.3484
-2.6758
-13.6867
-42.0592
-8.5449
-24.4552
3.7819
-39.2695
-4.8408
-34.4520
-22.2547
-24.5844
-0.4648
-11.5738
-9.5086
-32.7045
-0.2811
14.8316
-22.9086
-11.7598
-1.1605
-7.5859
-11.1995
-19.0070
-6.2248
-8.5867
-19.2835
-23.4451
2.7905
-48.3336
-39.2129
16.5984
-14.5842
-10.9240
-36.4938
-10.5063
-12.1996
-2.3680
-0.4762
-5.2272
-5.2477
-16.3035
7.4328
-11.7090
-1.9135
15.6189
-15.4002
2.6599
-40.6371
7.4072
-12.0329
-1.8727
-8.8984
-25.5289
5.6699
-12.3959
-29.4330
-0.8680
-10.6410
-31.4336
-17.5430
-8.7283
-12.6512
15.9609
-11.3859
-25.1453
-9.4801
0.9954
-15.8891
-10.2801
0.8039
-25.7922
0.3518
13.5918
11.0602
-30.8730
21.3835
-14.7945
11.2014
2.8516
-7.4381
-7.5367
-4.5398
-22.6086
-38.5750
-13.9844
-11.5047
-16.5883
1.0178
-22.7846
-24.5201
-36.3117
-14.0852
-12.0354
-11.6960
10.5197
7.7269
9.9887
0.4645
-31.8455
-21.5082
2.1539
0.2279
2.9252
7.8320
-12.1930
-3.8152
-17.1105
-12.5444
11.9281
17.3410
-21.0187
-1.1770
13.0082
-27.6717
-15.6594
1.6990
16.4520
0.9857
-26.7000
2.2043
-18.5764
-12.6562
-3.1141
-46.3859
-14.0109
-6.8145
-7.6194
-3.6662
-18.8781
-20.4562
-28.9396
-23.8047
1.5720
-29.4121
3.4832
10.1008
-9.7746
-7.4988
-8.5319
10.5887
3.1645
-17.3609
-10.8457
-32.1922
-52.3289
4.6271
-7.9384
4.2484
4.5807
-25.2292
-14.9154
6.5691
-19.4918
-10.2604
-18.2920
-29.1249
8.0033
-13.2425
1.5750
-14.2751
4.7850
-10.4764
-0.7802
-24.3820
3.9841
-2.6348
-1.6934
-41.5094
-12.5422
2.0527
-32.7727
-17.1609
-13.9632
4.8723
-7.5926
-13.1523
0.4559
-18.5203
-14.0866
-2.2771
-26.5223
-12.8826
-22.9730
-30.4668
-8.6656
-21.3188
-2.9660
6.8395
1.2923
-11.9548
3.1826
-0.0812
-37.5357
-10.2777
-19.0230
-28.1367
-5.0977
-13.8049
-16.3187
-8.0527
-4.5549
4.3712
-18.3484
-23.8773
-21.8258
-24.0992
-11.9914
-1.2598
11.1626
-10.7009
8.3488
-1.3284
10.6167
-8.4834
-16.3541
-30.9235
5.6000
29.1564
-5.2090
-21.0573
9.7338
9.2926
-4.7420
24.4730
12.5336
11.8699
1.8504
12.7148
-21.7008
9.7140
3.9676
-26.3309
19.2500
-6.0852
0.3754
-8.1250
-11.7125
25.4453
7.8369
17.6037
-4.2918
-42.0201
-24.1935
-15.9723
-13.6977
-15.1770
-3.3609
-17.5777
-21.0816
-12.0041
6.3753
-12.6103
-28.0504
-17.8344
-20.4375
-1.4734
12.4195
-7.5066
0.5791
-28.4420
11.3830
-12.6265
-12.5458
-22.8066
-10.9115
-7.5238
-2.8158
3.6797
0.9296
-24.8014
-34.2859
7.0324
1.0861
-21.6469
-27.8008
-30.7376
13.0051
-10.1513
-14.6658
8.0988
17.0320
-0.7672
-7.6621
-3.6413
-12.7395
-20.9402
-12.8145
-7.1160
-9.5523
-24.8047
4.2500
-0.6493
-23.9955
3.0281
-18.7203
-16.7684
-8.8557
-29.7641
1.6878
-19.1296
-14.8056
-31.7145
1.4535
-8.0797
-27.2867
-19.9594
-3.0742
-17.9475
-3.8836
-0.2335
-5.8698
-11.0146
-2.7782
-1.3545
-28.5578
-19.6672
-16.7945
1.7376
1.3636
0.4436
-43.0852
3.2488
-4.2648
16.7984
-0.1625
-19.8715
-5.4858
-15.9398
-35.9547
-15.1520
16.7139
-37.7996
9.4516
-10.7664
-27.0455
5.9367
-10.9928
5.5377
-23.9715
-13.4834
-12.4129
-15.1758
-5.5371
-9.9506
-9.4762
-13.0684
25.4252
-46.8211
14.6583
-27.8913
-2.0245
-3.1006
7.9490
-24.0094
-28.8387
-7.2346
-14.8670
1.7354
9.8289
0.4773
-12.3123
-18.1190
-7.6050
-10.1908
-26.8189
-22.7895
-18.6791
-26.3477
-8.8313
13.0727
-10.3710
-28.0059
-10.8092
-8.4707
15.4943
17.5578
-19.3461
-15.6941
-7.7160
-33.2615
-21.4262
-0.0428
-12.5445
-26.4113
-2.7697
-6.1266
9.2480
-27.2672
-4.8548
-2.3533
-5.3194
-5.0113
-28.0955
11.9875
-26.6812
-17.6325
-17.0814
-13.3836
-4.6727
-13.2391
9.2883
-38.0699
-26.0936
-34.0814
-11.1484
-22.3711
12.8090
-16.1727
-16.1936
-17.9961
-23.9342
-18.5278
-19.2398
-32.4586
5.2500
-13.9867
3.0643
-10.0218
17.4254
-37.9449
5.9826
-13.6711
-13.4121
13.8385
-20.6207
6.9273
10.6059
4.7729
-32.9660
-12.2327
-7.2123
7.6258
-6.1238
-18.8473
-19.7551
0.1902
-8.1495
-10.7977
18.2475
-35.6641
-11.1488
2.7190
-29.3992
-21.3375
-13.4066
-1.4793
-1.6184
-14.5516
-21.4809
-12.7002
16.6586
5.5023
-21.1953
-7.4996
-11.5035
16.7059
-11.2371
-18.8704
18.3379
-8.4383
-13.9531
-0.3255
5.5512
14.8615
11.9381
18.0027
-6.0946
2.2233
-29.6717
15.3617
-16.5165
-27.2016
-7.9318
-17.9363
-18.6144
18.5910
-18.1237
-3.7460
-7.6687
-13.9711
-10.9490
-16.9086
-22.3725
2.2959
-33.5297
-7.8330
-25.6133
-35.1230
9.2283
-17.2109
7.0576
-21.6020
-6.4285
-1.1756
12.3223
-17.8059
7.1178
-21.3854
-25.1715
-14.9273
7.7848
9.6267
-30.6736
14.3523
-20.9549
-38.1898
-11.8711
2.7926
0.0540
-8.2797
-6.0518
-15.9412
0.7711
2.0393
-8.6168
11.3091
-5.7469
-34.5770
-22.6516
-33.5332
-9.8537
-14.1871
-16.1537
22.2727
3.8703
-4.5566
-14.7508
-33.1447
-1.6422
17.6440
-27.2855
6.0982
12.9445
-32.7867
-13.5005
6.2854
4.8834
-20.9217
-3.2183
-11.9128
-29.2117
-0.8561
-2.2818
-3.8391
13.9926
-27.8336
-36.1305
-40.8633
17.4109
3.5137
-22.0678
-28.3062
-1.2608
-46.1289
-23.1963
-8.9043
12.4320
-2.4484
-35.4516
-15.4698
-12.9109
5.1387
6.1791
-23.4594
-7.3008
-4.1646
-7.5044
-23.1977
-10.7094
0.4879
11.9391
6.4266
-36.5547
-13.0410
-15.4891
-38.5055
-12.9364
-14.7831
9.8090
-16.2087
-6.8119
-19.5143
13.6418
-10.6293
-29.3096
4.5375
-14.5572
6.3016
-2.2391
28.1234
28.8958
-38.5594
-8.6439
-5.1203
-15.1436
-9.3961
-33.0796
7.2836
0.4403
-20.0855
-0.2962
-9.1598
-8.4250
-12.2755
13.6645
8.8727
-15.8500
-2.0053
12.7773
-29.0098
-11.0664
2.8242
-13.0504
-21.9459
12.6015
-38.6922
-11.3875
3.3560
-7.5293
-20.8941
-31.4078
-3.2323
-6.5969
-41.1000
-9.4026
-3.1626
-24.3617
-44.0043
4.2070
-5.2941
4.2855
-20.6289
-16.9752
-24.3676
-11.6343
28.9469
3.3096
-9.7051
19.8248
10.3313
-30.0707
-8.9145
2.5366
2.0219
9.3156
5.5348
3.9706
6.3731
5.4016
-7.2083
-6.3839
3.3949
-18.3419
1.1473
-9.3398
-33.2621
13.2340
26.6898
-18.8728
-30.8359
-1.5914
-41.9095
-3.5922
-17.8652
14.5396
-17.9110
-20.5837
-0.1972
-27.6637
4.6239
-25.9148
-8.7127
-28.9945
-42.2422
-14.2078
5.8809
-19.7818
-11.8500
-2.1852
-0.3211
12.7445
-16.4426
-11.8094
-15.4188
-15.5597
-22.3811
-24.9825
-38.7664
-6.2338
-30.5211
-48.3992
-2.0738
6.8458
14.5204
-27.4191
10.8844
34.4766
0.4671
2.7391
0.6607
-30.0297
-11.7414
15.3557
-10.1574
-9.9449
-12.6141
-18.2297
3.0974
-6.7340
-12.3324
-10.1125
14.8422
-24.6729
21.7023
-6.0768
-30.2092
-4.2339
-18.2357
-7.9531
0.2867
-15.3748
17.2193
-19.7763
-18.2879
-23.8531
23.9820
1.5643
-7.8855
2.1041
16.0312
-34.8305
-8.6852
-32.2959
4.2998
-34.0715
-11.9195
-17.0496
-4.0058
-36.8125
-11.9090
-6.7078
-48.8094
-26.2289
-15.6238
-13.5369
-9.9719
-18.2332
-25.3527
-22.4492
-8.2266
-15.0598
-1.2973
-12.7921
-13.2985
0.5302
-1.3664
-29.0820
0.3883
1.4957
-17.7504
-32.2449
-23.1985
-13.3238
6.3262
-43.2414
17.2973
2.8762
-3.8654
-6.2561
-9.8852
-30.5641
-4.4158
-1.1637
-0.4773
-10.2379
-30.2709
16.1955
6.9109
-21.4901
-12.8908
-27.1090
0.2555
-37.5422
32.5512
-19.1165
-30.0145
-6.7252
5.1477
-12.5430
1.1135
5.9499
-27.6031
13.2354
4.3906
-8.2734
-7.8846
-3.8381
0.8418
-14.7479
1.4930
-25.7334
-1.1611
-29.7250
-2.3011
-28.7039
-36.8203
-5.6020
-19.2031
-23.3574
-17.3488
-27.9883
1.4809
-29.5656
-13.7199
6.3027
-3.7928
-18.5664
-42.0531
-24.9445
-13.9995
-8.1475
-1.8937
-3.0545
-6.6152
1.6017
-31.0129
-2.7232
14.5852
-5.2775
-33.2547
-18.7864
-8.3982
-15.1889
12.9715
-20.6230
-12.0922
-26.7262
-3.6926
-45.9561
-1.0971
-26.3762
40.6625
-10.9867
-32.7625
2.3285
-25.2344
-6.9285
8.2566
-4.1879
-11.6574
11.8277
-18.2391
0.6445
-16.2292
8.1928
2.8855
-4.7572
-9.3506
-10.2586
9.3184
6.5012
-19.0905
-43.2574
5.9162
-3.1788
-15.9147
-27.6172
-22.2145
17.8273
-2.9105
-6.2919
1.5549
20.1406
-39.6000
19.2129
-0.7375
-21.1562
-18.0797
-23.8977
-41.6951
3.4441
-5.4021
-27.4645
-8.6570
-9.0238
3.1148
-1.2758
-3.2055
-21.0074
3.1291
-12.5180
-3.4458
-13.9387
-17.6305
-10.5117
-34.9953
-21.9227
6.5541
-23.5434
-9.8846
-18.5309
2.4515
-26.7445
0.4821
-41.5625
0.3832
-4.9542
-15.3394
-3.4835
-14.1684
-27.5215
6.3219
-9.3473
22.4613
-8.8320
-26.7156
-3.7781
-7.3934
-8.2805
-12.8484
-30.7633
1.7249
-10.1533
-24.3461
8.0971
-28.9852
-9.8710
22.1428
-5.3852
-31.8834
-20.8176
-2.6453
-35.6031
-24.8891
-28.2590
-25.9516
6.9418
4.2326
-33.5922
-12.3279
-27.6578
16.0281
-3.7105
-21.7324
2.9691
-4.6633
-18.7007
-26.2488
-21.7319
-50.4738
9.6215
5.6105
-6.4424
-38.0266
-1.6287
2.5789
-50.8672
-7.7348
-11.3621
-21.9575
-16.2763
-1.7539
6.1547
-10.2476
0.6748
9.2034
-40.3375
-43.3352
-1.4559
-13.3316
-5.0930
-42.0234
13.0590
-33.9672
27.6805
-20.4506
-10.7133
-15.9461
-13.7645
10.0531
-11.5719
27.3717
15.5007
22.3359
28.9188
-3.7682
5.4147
-24.4547
-28.6357
8.7025
-6.7270
-18.7734
20.4777
-28.2715
0.8313
19.9230
-8.2006
9.5637
2.2007
3.9176
9.1133
-6.7964
-4.1553
-20.7906
8.7105
-26.2128
-6.2230
-41.4094
-17.4785
-12.2311
-31.7000
-45.4523
-25.6066
35.9660
16.3223
-29.0711
-6.4305
-13.1061
-5.4016
-20.4141
1.5930
1.0901
0.9437
-4.9633
-1.3248
-1.2578
-6.3461
7.3408
-7.4683
-36.8180
-26.1082
-8.1392
-6.1801
12.5797
17.0699
-23.1168
-29.6352
-27.7898
5.2328
9.0131
-33.2734
-21.9406
-17.9977
12.8969
-15.2002
-45.6297
-4.9012
-14.9150
-15.1930
-12.6142
-11.4223
-1.3487
-3.9146
-43.0977
-37.3523
2.9277
-21.2367
-10.3949
11.2699
-30.1313
-35.5832
-46.2461
6.6436
-2.1271
-11.1605
-29.8914
-21.3403
8.0387
-36.4977
4.0266
-14.8488
0.0805
-21.9771
-12.4868
2.0438
-5.2016
-13.1145
-28.1827
11.4963
-27.1711
-42.2977
-17.2600
6.1668
0.3645
-10.1719
-21.9293
-28.4424
-27.1176
-20.7007
-3.8980
0.6711
3.1428
-15.6044
8.0176
10.7340
-24.0434
14.5623
-14.4150
6.8052
-6.8464
2.8834
-10.8285
-7.3241
-29.7374
23.4324
2.2170
0.7700
-1.7106
33.7806
-21.0045
11.7324
-5.7396
-42.2812
14.6566
13.3197
-30.3344
-7.1664
2.3621
-9.7166
-24.4705
-19.0717
-1.8523
16.6664
-6.7959
4.5821
-18.3867
-35.9625
-9.3264
-20.1916
5.3638
-48.5250
-16.9622
11.0116
-29.7727
11.6699
-13.2832
-27.1375
-3.1664
-23.5219
-2.5991
5.4320
15.5930
-12.0652
0.0582
-0.7316
-17.1840
1.8271
-33.0645
3.3610
-17.8613
13.1465
17.9221
-8.1855
-29.3238
-22.0453
-26.3750
-20.6826
-10.6406
-8.5035
-12.6252
8.3541
-30.3000
15.0250
-19.5357
27.9398
-28.5074
-28.4156
-29.1645
-29.3141
-11.3672
-11.7507
2.1146
-41.9935
-18.8389
-30.2976
14.8613
19.7613
-26.6555
-31.1016
-7.0868
-17.4820
-10.9965
-19.7403
-10.2051
-12.6152
-22.5992
-16.7365
10.9633
-23.0906
-22.4883
-17.4865
-6.7377
11.6676
-3.6469
-20.2494
-11.0740
-40.9688
5.7035
-16.7882
-30.5289
-10.2617
-23.4973
-0.0133
-16.5289
-11.6469
-27.1943
16.4688
-28.0148
-13.8453
5.1121
-31.3707
9.3461
-18.9147
-12.6848
11.7104
-26.5859
-12.9437
-34.8852
4.9715
-24.6910
-39.5766
-14.2048
-26.0309
15.7035
-6.8104
5.3382
-25.8469
11.0984
-16.5641
-9.6379
1.2096
-33.4408
4.6797
-11.7391
7.8039
-11.8279
-1.6055
-3.8750
-6.3471
-7.9221
-3.8090
-18.0940
-5.2140
-14.4720
-18.9887
0.3434
11.6402
-11.9354
-1.4383
-6.8707
-3.6992
-13.3008
-3.6726
-0.6383
-14.0578
-16.1582
2.0721
-15.7570
6.5852
-30.7555
-31.9188
4.7922
4.0742
6.6646
-1.0227
10.5238
4.9492
12.2180
-20.2461
2.7557
-29.0676
-14.6400
0.9301
-31.2098
-2.7633
18.5846
1.6100
-3.4367
21.7162
30.6543
11.4625
6.1691
4.9821
10.4529
-31.9594
-0.9782
7.2418
-16.7819
17.4629
-28.0516
-9.4162
11.8182
-27.4145
4.9578
-29.6542
4.7955
-7.2837
-19.9824
-2.1898
14.6816
-22.5688
-7.9481
15.0211
-33.7749
-8.9328
-0.7498
-32.2062
-8.7430
-38.5961
-32.2562
-38.6578
18.7771
20.9223
-4.1922
-29.5156
10.9411
-49.3727
-24.4641
-6.3698
10.4727
-4.1609
-16.0672
-28.8969
-22.0555
-10.4844
-46.4461
-33.1953
-10.3273
-4.9264
-8.8320
-8.6980
1.8125
19.2371
-2.9313
-12.2711
27.5046
-7.4098
15.8518
-12.1966
18.7242
14.2402
11.6679
28.5496
32.2359
16.0444
-36.0719
7.4974
-21.1707
-27.5646
-22.7638
-6.1207
-23.6414
16.3586
2.2699
-40.4629
10.2801
12.3961
-24.8172
14.1984
-7.5885
-16.2000
-17.4367
3.9741
-34.5082
-23.5852
-50.3398
-18.7219
1.6878
-38.9648
3.6660
8.9695
-34.6133
-10.9031
-25.8078
11.8191
-6.2043
-24.7223
-21.7328
-2.5634
1.5224
7.7223
8.2855
-30.1570
11.2414
18.8742
-7.2443
18.4688
11.6381
-2.1937
-15.3877
-1.6695
9.8594
46.9340
-11.2414
-9.6484
2.8719
-32.5891
-31.7602
4.6520
-6.6699
14.5072
-0.0126
-12.5691
-0.3156
-34.2359
-8.4469
-20.2816
13.5334
6.9555
-2.0426
-49.8130
-15.8364
-3.8360
-7.0500
21.3981
-29.6602
-10.4549
17.8965
7.7412
17.9402
17.4790
-39.9576
12.2551
-21.3867
9.7381
-23.5355
-7.4812
-19.9586
2.0574
-27.8081
-33.9336
-18.6512
-17.0656
-41.8266
-4.7273
-15.3564
-29.3971
-4.8814
-40.6211
36.9508
-22.9699
-30.4562
4.6687
-23.6656
-20.5681
-19.2729
-10.2607
-22.4656
-16.2945
-44.8898
-24.0648
-12.5963
-5.6684
-23.7121
5.4570
-11.0426
-10.5695
-11.8268
-0.9451
-35.7691
-8.3475
-6.4529
8.8201
-23.5293
6.7645
-17.4805
-47.4922
-27.7801
-19.0590
-3.6000
13.4043
15.6518
-16.1021
17.2845
-27.9320
-3.5012
5.9372
-1.3922
3.8110
-14.4000
4.6203
5.0199
-29.9500
-20.0178
14.3096
-5.3967
-27.9053
-7.7782
9.4268
-2.8889
27.5957
3.4992
6.1547
14.9199
-0.7764
-5.9645
-16.7207
-25.3349
-29.0059
-33.1437
-16.9331
-3.2814
-21.2263
7.1582
-5.2234
8.8264
-46.3797
-3.3168
-2.9434
13.0605
-21.1727
17.3875
26.4883
-0.2966
4.8853
2.1005
-24.0223
-6.9262
-42.8797
5.5188
-26.2160
16.6410
-18.6471
-16.1651
-10.4564
-29.4945
-31.8656
-2.7041
-20.8033
0.6762
-19.8023
-17.2561
0.3479
5.6133
17.7541
29.7426
-9.9627
-42.6594
36.5945
13.3250
14.9508
-21.9898
-42.4293
24.9418
-33.3145
4.7758
-7.4088
-7.2639
-15.0707
-25.9527
3.6746
-20.8721
-12.4504
-9.9406
-9.2195
-7.3285
1.0899
-11.7551
-33.5969
27.1732
-8.2248
14.1992
-20.6945
6.1605
-43.1230
3.4930
6.6453
11.9312
7.6371
-13.8422
-17.2953
-34.3566
-13.5719
-17.0102
31.6377
-9.6434
4.1148
23.0910
-12.1316
27.0535
-35.2094
1.5944
0.2857
8.4650
7.2496
2.6428
35.7410
-6.7915
-30.8039
4.5046
18.3487
-31.3877
16.6863
21.8230
-10.2224
2.2805
33.8312
-17.6437
-6.9504
-28.0422
-0.9328
-21.8754
14.8566
2.7785
-44.4000
-2.1444
14.9867
8.4277
-12.5738
-27.3352
-25.8795
16.6664
15.5297
-8.3477
14.2980
-28.9278
14.7747
-10.3390
2.4155
-18.5914
-11.0809
-28.0145
-8.9174
0.0480
-14.0607
3.5832
11.7828
24.9676
-25.5871
-19.0724
-5.3691
4.6974
-31.4637
21.5520
29.9711
-28.6473
-2.9656
-6.2133
-11.8965
-13.4711
-16.2499
8.2773
-12.2138
-8.6143
-12.2129
7.5291
-13.1297
-19.0093
39.6590
5.5074
10.6455
-8.5324
-14.8748
14.2992
-0.3354
6.9059
-24.3727
20.1809
-9.4757
0.0352
-7.6086
-5.6695
-0.0016
-11.9523
-23.9383
0.7418
12.9947
-33.8527
0.2069
-0.8680
-2.8423
-30.0434
-12.4410
-12.0441
-6.1094
-36.4086
8.7893
-7.4430
-0.7798
4.3001
-11.0174
12.3094
5.8773
3.5238
-20.6957
28.8563
-7.9057
-1.5102
10.3313
14.2398
-37.0312
4.2129
-3.5927
1.6762
-42.8243
19.8187
1.5355
-2.7073
-24.1195
23.9047
-10.6637
8.5016
-14.1406
-18.6422
-20.4344
-20.7055
3.7281
10.1140
-44.6641
5.1336
-3.6773
-4.9893
-5.5066
-10.7676
-43.6328
-46.9023
-7.8871
-7.0795
14.6109
-37.7125
-4.8187
-9.6790
17.5051
-24.5680
-10.3852
-11.0506
-21.7626
-11.4973
-17.5480
-4.0963
13.0367
15.2805
-29.2515
5.6059
-19.9691
-25.8469
-31.4492
-20.3985
-12.0286
-24.8953
-43.3398
-14.9586
14.5949
-3.4409
-15.5927
5.5207
-14.4453
8.9793
-2.8837
0.7479
-9.7941
-15.8512
-4.9926
-43.4273
3.5778
-23.7949
11.4809
-20.9887
-2.8936
-16.8441
-21.3734
-37.2969
-39.5767
10.2389
-27.6695
-12.1770
10.5687
-19.2275
-13.0313
-24.7344
8.5480
-17.7246
4.8837
5.2016
2.9281
-23.0898
-1.8188
29.5180
5.8535
-17.2804
-22.4094
-29.9156
-0.0572
13.5379
14.5634
-31.9312
-3.2120
-5.4441
-1.5560
-6.2390
-20.5129
22.5109
2.3027
-4.0145
3.3269
17.3993
-45.0820
48.8571
-37.3727
23.3121
-43.4508
-27.2828
-47.4109
-37.3734
-16.5680
-33.9402
4.6129
-30.5914
-13.5531
-30.4519
-2.6156
-46.4422
-33.5984
5.0832
4.4563
-24.9554
-23.9205
9.6773
-0.1537
-43.6930
-25.3687
-17.4730
-17.2898
-25.9562
-18.4793
-42.1633
-5.0234
-3.1356
-1.1051
-27.0309
-15.7852
22.8973
-20.6746
-21.1173
-4.6566
-13.2023
17.0359
-27.1105
-14.1496
-21.2407
-20.5258
-34.9641
18.1505
-18.7695
-42.5289
0.1065
15.0332
-41.4148
-46.7007
-17.2816
-26.0641
-7.6410
-31.6059
-5.9953
38.9426
-15.5781
18.7152
-26.7480
-14.5820
-44.7152
-11.5680
-8.8891
-25.9495
19.3770
-32.4008
-1.4515
-37.1953
9.0017
-18.6246
3.9489
-1.8586
-18.1457
-5.4684
-52.6969
-21.0172
-24.9941
-3.3366
-9.0047
-11.9648
4.8930
-16.5011
-10.4277
-10.0314
-3.8232
-14.7012
-7.6699
-1.2611
-36.2176
-15.1945
-29.0922
-3.9819
3.7941
24.3869
-42.1414
-9.0758
-16.9867
-2.6344
4.3234
-8.1609
2.5023
-1.3980
-36.5797
-7.8054
-35.1512
-40.8719
-8.8434
3.6652
-7.8609
17.4125
-16.7499
7.3344
-7.6113
-43.5441
15.5082
-2.8927
-11.2570
-48.8789
-6.5269
-17.0922
-19.8470
-3.0324
4.4309
-21.9375
-8.6945
-34.8832
1.0172
-7.6107
-13.7211
-41.4932
10.6316
-16.1422
-13.2211
-14.8527
7.9936
-17.8922
-40.0914
-5.3594
-7.8648
-14.1953
28.1178
-11.5230
-49.5938
-36.5812
-11.6988
-46.7654
-3.1594
15.9859
-7.6034
-23.4866
-21.4016
-0.3671
5.9566
-30.1488
-29.7445
-19.1422
-10.0309
-8.3348
13.7355
-26.9955
1.4311
16.8608
-30.0312
-26.2464
-12.6246
-23.7828
14.1082
15.5445
-22.4941
-34.9027
-8.9760
-15.1871
-13.9980
-5.9425
-45.3816
4.2988
-25.2543
21.2477
-21.5973
1.8500
23.7898
8.0277
22.7422
-5.7191
32.1160
15.5688
-6.8994
4.4078
-34.5449
-10.0910
12.6443
1.8913
3.2081
15.4720
21.3010
-45.3570
-20.6633
35.5432
-19.6359
15.4312
9.3984
-9.3078
14.4074
-7.0300
-31.9656
-43.6289
-15.3115
18.0477
-44.9375
20.7883
-15.5274
18.2277
-20.5684
-17.2572
-18.2670
1.8094
-17.4863
-11.9699
-28.6016
-22.5820
-10.4768
-31.4246
21.3325
-27.2176
-11.2284
-23.1668
18.5242
-36.4016
1.2484
-12.0414
-22.6764
-29.3482
13.7124
-4.0940
-3.2118
-12.1961
-9.6645
-47.1453
8.6266
-4.9766
-3.2199
2.9585
-50.5010
8.3797
29.6273
12.8672
12.0992
8.4312
-7.2578
-0.7574
-27.3875
-24.6320
17.9490
-9.1703
-19.6090
-13.3800
-1.3336
-0.4039
-6.2102
-42.0977
-11.5479
-11.7406
-13.5195
-37.6223
1.2332
-17.4203
10.0090
3.4868
-3.7832
-12.3102
4.1174
-30.3289
-5.4780
-13.3974
-12.4225
-10.2344
-18.6129
15.6809
-44.2566
26.0477
-23.1711
12.3395
-20.6744
-25.8289
-24.5883
-2.2465
27.1473
-32.1188
-31.9738
13.3313
-33.0086
-36.9902
26.6750
-20.0139
-15.2930
-9.8555
11.6266
8.0503
-5.4488
38.9316
3.6727
-17.6999
-6.0178
-11.7588
-31.7453
-29.9914
-1.6607
-15.3018
-23.2695
-8.5326
-22.6641
1.1092
-2.2852
16.8801
-21.1129
5.9930
-9.6243
8.0310
-4.6736
-21.7922
-3.1461
-8.6152
0.1740
-31.2328
5.8315
-10.1313
12.2094
-14.1969
-15.0594
-3.1371
-3.7074
8.0945
6.6408
-28.1078
-4.7445
-6.1510
-9.5658
-17.1620
3.8071
-19.8156
-0.9175
-16.7676
26.8455
-3.5569
13.0176
-16.5508
6.6039
19.8246
0.4199
16.1439
-46.4191
15.5515
9.0520
-10.8055
-3.3968
-6.7484
-17.4816
-5.4851
-27.1016
-8.9355
-28.4469
-18.7164
25.4871
-13.0848
-17.7656
5.5563
-7.7211
-7.5268
-2.6398
11.6324
-10.6789
-32.3922
-23.9446
-9.3395
-14.8920
-61.5266
21.8805
4.0891
-30.5840
-22.6709
17.1120
-21.9984
-15.9211
-32.2711
-20.6691
-17.7059
-12.9354
13.9293
-18.9262
-8.1816
-35.0187
-4.5777
-15.9207
-41.8738
-16.0180
-9.5592
-29.2020
-17.4211
5.8414
1.4750
-0.8570
40.5316
18.5695
-22.2234
-27.8320
-16.4219
7.2391
-35.9320
-33.2277
-16.6117
0.1960
9.7645
-7.1132
-16.9875
-14.4047
-19.1125
-8.5547
-9.1314
-43.3463
8.3990
-38.2805
-33.2023
-5.2492
2.4512
-24.7859
7.4484
-35.6309
27.4164
-12.4195
23.5070
4.6699
10.1126
-30.7500
-40.8289
-9.4410
19.6953
30.6332
-47.5863
34.8883
-20.4758
-16.1847
-19.0672
-29.4182
32.8542
-33.5625
4.2027
-5.2203
-18.4043
9.5545
-18.8486
-30.1883
14.9000
5.0611
0.7429
-14.7801
-24.5665
-27.6935
15.3087
-50.1195
-3.6746
6.5352
-36.2867
-6.7633
18.3227
0.0348
5.7314
-40.9516
0.4531
0.8035
-4.7000
-8.3711
24.4766
23.6602
-19.9373
-0.5445
-25.5934
-40.5605
-3.9875
-21.0113
-13.5746
4.5141
13.2188
-23.1625
20.3947
-43.0852
-13.6182
-27.7305
-31.2625
10.1973
-24.7500
-12.3508
-10.2633
-51.7289
41.2840
11.0939
-18.6027
-48.3883
-28.4787
31.6977
11.3094
5.7022
10.5551
7.9703
1.5941
-27.7398
-15.8984
11.6332
-14.6973
-8.5188
-26.9158
-12.0977
-9.5518
13.9480
-13.1086
36.4357
-34.7793
10.3938
-3.7125
6.0293
-8.5555
-20.1633
13.3938
20.5195
-25.3579
-8.7055
-8.0788
1.2796
1.8262
-6.3234
20.3629
-40.2445
-26.7656
-24.6590
-23.9375
-36.5648
2.6664
9.6168
19.6943
-28.0820
-24.5293
-22.3828
12.6084
-32.0969
27.3477
8.3449
-7.4262
-22.5465
-5.9700
6.0328
11.7576
-28.7219
-30.8750
-40.5859
19.3052
-17.6280
4.4371
-4.4130
-0.7793
-16.9371
8.5732
3.3563
-10.0189
-19.2001
-24.0133
9.0309
-5.5586
0.3644
-25.0465
-10.4445
-33.7773
-35.4541
-2.9555
-25.9492
19.9350
-5.4832
20.2125
1.6957
-5.9227
-11.5141
-34.7594
16.7555
-13.1418
11.6591
-15.3891
-27.9281
26.3082
-0.4117
0.9971
-9.0434
23.0656
-2.5398
-10.9536
16.4577
-42.6977
2.8787
-41.8852
8.7676
0.4535
-37.8357
21.9025
-7.6276
-3.0500
-22.0012
-20.1520
15.5082
1.2180
-19.9015
2.8244
-30.0281
10.4066
7.9644
-6.9672
11.4852
33.3434
0.3383
9.2356
-36.1730
4.3492
17.8414
22.0929
-53.8914
-50.5039
6.1484
-21.2818
-15.0582
6.8143
-37.7779
-21.2398
1.0237
-13.4387
-13.8687
-2.4023
-13.3480
-31.8848
-14.2968
11.0082
-26.9062
-0.4141
-5.2141
-38.7687
-10.4713
-24.3488
-38.1859
-5.1204
-7.9711
-2.6516
-43.4441
13.8997
-24.4445
-29.8875
3.3176
7.2531
-12.1625
10.0766
15.9758
-6.8355
-14.5508
-1.5828
25.7336
-58.5086
1.0203
-25.8234
-29.3695
35.1133
24.0949
-48.2148
-25.2298
8.8112
-7.7616
-7.0070
-27.9098
-27.2852
-23.5148
-0.3793
6.9633
-18.2508
3.3075
-27.5102
-1.4711
-39.0172
-43.0195
2.0727
-21.3956
15.1854
-12.8004
-23.8500
4.1422
8.4656
5.4221
-4.9594
0.8791
13.6508
-13.7734
19.7479
-14.9266
-28.2233
1.2637
-20.1445
-11.9422
-19.4551
-35.8555
-12.3168
-9.3873
-9.0250
-47.6227
-30.8930
-0.3178
-19.4527
-17.1357
17.8316
-11.1920
1.6512
-39.3391
-23.3383
-3.2498
-53.2719
-34.6211
-27.6914
-53.3672
-3.6531
-20.9021
-3.0059
-0.4605
-8.2275
-22.7227
2.7531
-17.0145
-1.2424
9.2363
6.3422
10.7357
-19.4914
27.4777
-14.2128
-10.5094
15.9379
-11.6680
-19.0844
-33.6484
-24.8074
-45.4722
-36.8867
-24.2265
4.7105
-5.9306
9.1711
-0.5977
-53.0438
6.3362
-52.3906
6.4949
-30.7871
33.3613
-7.4741
-25.2975
-10.4367
-12.5283
-1.3492
10.9581
-54.3789
-6.0730
-21.5844
-18.4854
24.7141
18.7746
-43.4885
-5.9521
-4.3399
-8.8072
-12.6318
-21.0737
-13.2799
2.9031
24.7062
6.0773
-14.8320
-5.8652
-24.0469
6.6846
-28.0184
31.0047
25.4250
-45.9734
12.6152
2.9137
-24.8330
12.4492
4.4545
-3.5808
12.8016
1.3559
-29.0094
28.8031
38.9723
12.1621
-20.5016
3.0723
-24.0133
-3.6410
4.8154
19.8211
-21.8684
-0.9335
17.6530
-24.0070
-20.8891
-1.4754
-6.4690
-26.6352
32.9461
-28.2480
-10.5970
-15.4047
14.4949
-0.7637
8.0840
-19.3746
-25.3039
-24.2766
-18.1871
24.7598
7.5497
-27.1352
-34.1064
-10.1629
-12.6582
4.0680
-49.3625
-15.9855
25.1980
-0.7359
-29.0473
13.7504
-4.4688
33.5109
0.7037
20.1279
-7.0727
-40.7777
-48.6039
-12.0594
-30.7805
-43.9852
-2.0270
-27.4164
-29.7465
21.2348
5.7853
18.5747
-51.3785
6.3849
29.5727
20.4770
-9.2523
15.0551
-22.8471
-1.2602
-2.0660
-17.5359
-0.3961
42.2180
-5.0148
-16.6784
-5.2371
43.2898
28.3523
6.1695
31.7430
-27.7578
-46.8227
-32.1211
8.6543
7.0547
9.1777
-29.4420
-11.6430
-9.0523
5.0629
-23.0570
-10.3644
15.7660
1.5121
-19.0688
1.8551
-35.5340
-8.8835
-42.2242
-8.3625
3.2906
13.4555
-31.5477
-40.0055
0.8774
0.9883
3.0457
-27.3188
-6.9613
-24.6984
-2.9880
-49.0469
-7.0387
-16.8563
5.6758
1.7547
-58.0820
-13.2297
16.4168
-12.2907
-18.0499
7.0510
-26.9078
23.0898
-2.9017
-7.0340
-27.0312
3.5833
8.3613
-8.3701
5.4967
-30.3797
-18.8213
-18.6344
-32.6262
-19.6875
-24.2244
5.1775
-22.9656
-46.7078
-38.3672
-19.2389
-19.9961
-45.6902
-13.0895
-5.4002
-8.5477
-5.3588
-10.2148
-35.5695
-2.7938
-26.4906
-22.6838
-23.2039
-33.0049
23.9008
12.4219
-24.0445
22.5523
14.6461
-8.8911
3.9778
-28.9855
5.1031
16.1672
-4.6387
4.4297
-51.0500
-11.9531
6.8035
7.0576
17.3867
-19.9560
44.9492
-3.3691
-32.1609
-9.6758
-31.8086
-2.8199
-24.7250
1.5709
-13.0453
-12.4145
20.8383
15.2264
-54.4238
18.6477
-36.1297
-51.9922
-19.5523
-24.2488
-22.7988
-6.7937
-32.4641
-5.2453
27.3496
12.5799
5.9847
1.7107
-33.8502
2.9410
1.3608
-56.4836
1.8152
17.3805
3.7219
12.7825
-6.2864
-14.1398
-41.5531
-9.7758
-8.6219
-0.9672
23.3723
-17.2534
9.8742
-9.7363
-16.7425
26.4805
20.7051
35.9816
-8.7828
-18.3007
33.3063
-28.1906
13.1432
-31.0633
-15.1945
-17.4534
-44.5336
-13.3043
18.8576
-8.1934
-4.7694
32.2857
3.5396
-38.5180
-36.7113
-14.6719
-28.7064
-12.2211
-37.1628
-21.5559
-24.9539
-0.4014
-6.8096
-7.4631
-16.8822
-10.2700
-16.0223
-8.3066
-8.5023
-25.6742
25.6422
53.4164
30.7150
-21.6953
-41.8758
-49.0203
8.0969
-16.6551
-1.2049
-14.0621
9.3520
5.5774
-36.4387
13.4515
0.5602
-26.9688
-20.9957
-14.6309
-29.7062
12.8448
-21.8047
-19.1508
-6.6862
-26.9125
19.9156
11.5340
-12.3941
2.8207
-7.5307
-16.6574
-16.5250
-12.0320
-14.2162
21.8363
12.9543
0.8422
-50.4164
18.4152
-16.6141
-22.3570
1.3547
18.2570
46.4323
-34.7363
-6.1641
52.3309
-12.1158
11.5445
-18.0043
-24.5945
-32.0969
-43.3898
-15.8590
-27.9741
8.3645
-28.5301
15.6656
33.6555
9.7526
-30.8832
16.0320
-17.7613
-38.4809
-31.9418
-37.0564
7.7532
-13.2338
8.0767
5.1958
-28.4289
-29.7211
-19.4348
16.1750
-21.2313
-36.7062
-36.5422
-20.2844
-9.0076
-44.2012
-20.6686
4.7258
-15.3543
-23.8711
29.1227
-13.7188
-20.2303
7.2692
-26.1668
13.6183
-43.3451
9.9438
-39.9590
2.1426
-11.6047
-5.9730
-19.0331
-27.2820
0.4180
-13.7801
-16.1070
20.9648
9.4387
-23.8928
24.2016
35.7516
10.0586
4.1360
12.1172
-27.2309
-1.0973
34.4266
-0.6758
1.4707
23.7176
-48.9766
-26.1801
-8.8469
25.9719
2.3021
9.9012
-26.3023
-1.3659
-25.5367
1.4408
-1.6313
3.6781
-4.2802
-3.8816
-23.4148
-34.2545
19.3722
-38.7633
-15.2437
5.3508
-23.4422
-1.6625
-15.3592
-48.3652
6.5711
-29.6324
34.4320
3.1763
-46.3898
39.3578
35.4195
33.5094
18.5426
-36.7773
-28.4156
-13.6770
9.4192
-11.1805
-32.2473
-7.7254
-35.4562
-16.2961
-27.7262
-38.5211
-35.6790
8.3811
-16.3641
-15.6881
18.5992
-2.9102
8.2105
9.5945
-40.6281
-17.0758
36.4943
-62.7664
-22.7563
1.2211
-12.8660
-8.7828
-22.9632
4.6641
-32.8656
12.8930
23.1504
-36.1242
-12.0063
22.9928
-42.8837
-26.5298
-16.6635
20.1750
-18.9424
-30.5328
-47.8250
-23.0086
11.0423
-54.0715
24.2367
3.7078
19.1555
-35.6547
1.4551
-55.0109
-45.0328
-24.9320
19.8051
0.1404
-30.7396
-2.2094
-1.8168
13.5465
-11.5094
-3.5916
15.0035
-30.8062
6.3051
4.3922
-37.6430
-3.4723
4.2891
15.8723
-21.3242
25.2484
8.2230
-3.9699
-1.5334
-34.6832
25.8660
-4.6897
-22.2010
9.1332
-19.4793
-22.8277
-4.0859
-46.3281
26.3852
10.8242
-18.1398
4.9215
2.4344
28.3746
14.8385
14.9648
27.0223
-19.9027
8.3893
8.5289
20.6023
-23.3969
11.8492
28.7184
10.2816
-49.7008
-40.7930
-49.5703
-23.6812
7.2141
-27.9992
-26.3695
10.3008
-13.9695
-11.9293
-30.8625
-52.2898
28.2359
23.0878
-12.2797
6.1244
-15.7555
-24.3428
-15.1555
-32.6336
13.9914
33.7672
46.9461
-1.9514
27.5613
-30.8527
-26.3602
-19.0395
-20.8730
-47.7340
-18.9633
-14.6027
6.1689
-14.4913
6.3617
-20.6344
-23.4695
-23.3492
-20.8347
-29.3617
-41.8265
-4.0604
-15.1062
-29.7035
-34.6504
-34.8996
-23.0211
-1.0799
1.8914
-32.4523
-28.1414
12.5070
-26.8922
-18.0361
11.4691
-30.0738
39.5363
-25.9893
-26.5445
-22.8836
36.9363
-4.0710
-12.4719
-9.7425
-33.7332
25.9836
-25.0101
6.2410
-25.3968
4.4018
-29.3217
29.0930
7.0553
-15.0258
-12.6066
-23.8980
-46.0148
-24.7844
6.2633
-32.0430
9.9414
-35.7652
-30.0109
15.5218
-15.5980
32.5969
2.9141
24.7404
-35.7258
-5.9318
-9.6965
-34.1953
-33.6315
1.3670
41.7062
3.6643
17.0545
-22.8598
-14.2203
-35.4219
-14.8855
1.2274
-14.7922
-11.5766
-34.8031
-22.7387
-29.5102
-6.3695
-14.6442
-15.6629
-40.2836
-1.8877
6.3539
-23.0549
32.4250
-51.2891
-12.7281
11.0062
-26.5709
16.8789
-0.1563
-39.2586
-17.0316
1.1033
9.9012
-1.9094
-21.0824
-20.0621
-26.8168
31.0855
-3.7852
5.1523
-32.2833
0.7961
-15.5037
-21.7664
40.2344
-23.3344
-34.2141
25.9793
-27.6930
-27.7359
-11.3117
12.0392
-19.2313
-7.4189
-2.2354
-28.4945
-37.4223
-6.8305
-37.9582
30.7270
11.9492
-45.7453
12.5324
32.8020
-35.2441
-8.4187
-42.2559
21.2328
29.4641
-13.0044
-25.3109
-14.3238
19.9441
16.1367
17.4891
8.7859
38.3844
15.1222
13.0215
-2.3528
-47.8477
6.3135
-3.4390
-1.8598
-14.9609
-13.2367
18.4965
5.6426
13.4887
-8.4622
-8.5422
-7.7059
3.5758
-3.9646
-35.1266
-38.2687
-38.4861
24.7469
-31.9289
-17.2824
-0.1155
25.5812
9.7256
11.0983
-39.0065
-8.8891
-11.6927
-10.3031
-22.1305
22.6074
-30.0098
-34.9742
-5.8369
-14.2631
-12.6102
-19.2828
-7.5117
-7.2070
-1.1297
-0.9445
5.9410
10.8354
-16.7240
-10.6547
-16.9312
26.4945
-14.8316
-46.1289
4.9211
-1.4559
-37.5570
29.4398
-44.1316
-17.5484
-34.7234
-5.2781
-31.1273
5.4469
-2.9938
-48.6602
-6.6303
-5.8656
7.0431
-53.6375
-10.8822
6.6617
11.9000
-41.4000
-45.5420
30.6625
-0.0684
-37.4023
-6.5190
-53.2715
20.5984
24.5102
20.3297
39.5523
46.5930
-28.6024
-1.0354
-41.9023
-54.4961
14.5649
-17.0262
21.1734
11.7779
-35.0352
-36.0932
29.9867
14.5082
-9.3220
-19.7141
21.4414
9.9230
27.5816
23.9886
-17.8926
14.5188
-21.4332
11.2852
30.9207
3.4695
-22.8945
-21.4664
-26.0812
-7.9859
20.3687
-12.1543
-42.0727
-42.9207
-9.4629
-46.1488
10.8922
32.4871
11.9498
-43.6555
-0.8844
-19.4613
-18.4945
19.4469
9.3888
-51.6625
-14.5270
48.6656
3.5774
16.9320
-24.6637
-2.3387
-1.2682
1.7429
-45.6945
41.6320
14.4843
-46.6055
39.5359
-19.2344
-35.9156
-25.6688
14.3078
6.2304
-57.4898
-19.8512
-1.3641
22.5000
-2.8332
-48.3020
14.1759
-35.0992
-22.4449
-6.3584
-5.2133
-1.2848
4.4000
-20.6104
-17.8652
-18.8295
23.5629
-7.4038
-27.6027
12.5301
-2.9397
0.7949
-51.1445
18.8672
26.1910
-1.2508
-40.0586
-47.2313
-37.8477
-10.6570
-25.7598
3.2445
29.2000
14.7627
-0.5023
37.6779
1.0273
27.3934
-26.7156
38.0523
49.2539
-38.3555
-48.3969
-34.6406
-8.2074
-44.2906
32.2340
-8.0973
-1.1173
10.2715
-3.2613
11.5738
10.5859
4.4590
1.5766
14.5617
19.1446
-39.9437
-8.1109
-3.4516
1.2646
-4.1641
16.5297
-42.2953
-0.4200
-11.7361
-45.5289
-36.9645
29.5014
22.4156
15.7186
-39.6305
-4.5840
-20.9969
-51.3426
-8.5301
-1.0762
23.2570
10.0063
-15.4473
-11.6754
2.7729
-2.3178
-9.2586
-14.0562
8.9813
37.9973
27.1881
-4.4064
16.8195
9.5941
-15.8805
3.9422
-35.5211
-20.7211
-12.3668
-1.2053
-9.4422
44.5031
20.3746
-45.0062
-13.6877
16.9285
-31.4039
30.6562
-10.3551
-36.3312
1.1815
-33.0023
38.0242
5.7839
-38.1383
-38.0623
-2.0855
-45.2859
14.0691
-5.6070
-0.5918
-18.4262
-25.7117
3.4646
10.1652
-17.0856
-33.5477
-21.5094
-3.0312
-23.8117
18.0016
-9.9195
-49.8609
-26.0773
7.9736
-26.2081
-20.2090
4.0078
11.6168
-41.6835
19.8043
6.6391
-19.8787
-15.0096
-20.7062
-41.0867
-50.3773
17.8602
-15.8555
6.0813
10.7273
-24.9236
14.3258
3.3648
-47.6703
-13.0602
-1.8387
-20.0652
12.7580
-41.8852
-11.9555
37.4871
6.0639
12.1921
-22.8547
-31.6871
23.3340
-12.4475
3.6656
36.0398
18.4672
-9.4187
25.6818
10.0465
-39.3318
20.5414
-10.8840
-40.5312
-4.6925
-9.6289
-0.6332
26.5418
3.4922
-9.2203
26.8414
-8.7688
25.7371
3.1111
-38.5402
20.4000
-24.3453
-47.1250
17.4885
-36.8363
11.8836
-0.2014
-5.2961
38.3754
-35.3312
-7.3078
-41.9977
-23.9654
13.8812
16.9748
-28.6911
-5.3977
9.5515
-22.3137
16.2169
-27.0574
-0.3307
15.4070
21.6672
-9.8689
-12.4559
47.0781
-6.2654
-19.2617
45.4605
-0.6726
-21.7871
-11.7750
7.2699
23.2086
9.9859
26.3211
5.4083
-13.2137
11.5512
-28.3604
-49.5995
-24.6578
-19.9859
-23.3945
-0.3785
-7.8484
-4.7141
-10.2889
-3.6688
0.1680
-7.7479
-41.6266
-13.6604
-29.1180
7.4683
24.1676
-18.9875
-23.2008
-36.2859
-22.6449
-25.9934
0.5501
-12.5414
36.1914
27.7402
-18.6100
-21.1971
51.7367
12.5086
2.2586
-49.9131
0.4984
-37.3305
-2.2493
-8.3856
-4.7734
-30.1473
0.7945
-6.6996
6.2059
-21.0359
-38.9705
-6.5945
-0.7996
-0.7437
-7.1080
1.2847
-55.0953
22.1875
-0.9031
13.7664
32.7994
12.3449
-31.4211
3.9516
-25.7756
-10.8914
2.3934
-5.6922
8.7398
-25.8293
-11.9566
-48.1898
-12.2526
19.4328
-4.9949
16.0691
7.5156
9.1047
39.7656
28.0719
38.6273
4.1738
-23.3219
11.8895
-3.1091
-31.0125
-45.7609
6.8969
-32.3152
4.8268
-9.9727
-49.0984
-35.6164
-26.0199
17.0177
2.0717
-40.7111
3.8575
-7.9783
-42.8469
-1.1288
10.7598
-36.2859
-51.1789
-24.8287
3.4768
-4.6750
8.1352
-12.9645
7.8684
-2.6707
-32.6617
-21.0906
-5.3148
29.1586
27.5376
-52.5168
8.7965
-35.0258
-11.6641
-2.9738
-33.2609
-18.0270
19.2776
-2.5273
12.4003
-44.9594
12.7086
28.5953
9.5746
28.3508
27.4086
27.0063
-10.7597
-38.6327
-8.1582
0.8789
-1.2816
-34.9695
25.7992
12.2023
17.4172
16.7091
-2.8727
29.7371
30.4246
7.5392
15.6170
-32.3648
1.8215
0.8063
-14.8508
-12.4526
-39.5969
1.0508
2.9258
37.6500
38.5797
43.6070
-56.1883
20.5027
-2.1695
-48.6664
34.6457
-24.0594
1.3634
19.3937
-8.0889
-11.0334
-34.8129
-12.9805
-24.8398
40.9469
46.2637
3.7375
38.5273
37.0586
56.3557
2.1121
27.8813
-5.6406
1.5403
-41.8695
0.3902
-7.3656
24.5445
-45.5227
-32.1164
-3.1802
17.2437
-59.4117
9.9527
28.6047
6.3195
-9.4148
-14.7594
-10.2051
-45.6883
-14.1948
-11.4887
-26.6478
-5.7391
-45.2242
32.3789
43.6445
23.3215
-24.9797
21.3422
25.3141
43.1516
13.5754
29.4637
3.3473
-26.6750
-34.7051
11.9190
-35.5312
-12.9648
6.5747
-53.3984
-8.0893
-1.0227
-34.2869
9.0599
-16.2457
18.2871
-14.8934
-46.2242
-47.2539
-22.2687
13.6266
29.3227
18.2374
-36.3023
23.7891
22.3125
5.0492
-27.3695
-12.9691
-10.5854
6.6359
-40.0535
35.0383
24.5521
0.5555
-5.8111
-14.3581
7.3742
23.7945
42.6203
-39.7358
9.5336
-12.8750
43.9133
1.4711
-19.1797
-8.8785
44.6855
0.2230
-18.2055
27.8748
-23.1967
-15.3463
-43.5367
3.1223
-47.6359
-16.0281
-47.1141
-3.8943
-18.3395
-4.5312
-34.3980
25.5187
40.7117
19.7262
-11.7758
-1.1883
32.9062
-41.9869
-7.3105
0.3685
-28.6918
-8.9359
10.9249
-25.4070
28.2430
10.2859
-33.7781
2.6738
8.7391
-1.7559
-5.6008
27.9199
3.6391
38.3000
-3.3063
12.5180
41.9953
28.1156
-0.7930
0.4352
-52.0539
-18.7389
-30.2066
-1.6672
-11.3535
-12.9410
-3.0760
-41.7532
-6.5492
-14.4715
37.7313
-41.1477
32.8953
15.8372
-2.0137
18.6512
-5.1828
7.0891
9.9727
16.3230
-16.2301
-32.7297
12.4836
-4.2195
-8.4180
1.2961
-0.6661
-18.4391
4.9693
2.5608
-48.3594
-1.6294
-30.3008
-14.1762
6.7852
-25.3973
31.6887
-7.0297
11.7383
10.9555
-48.5108
46.2609
24.8346
19.0297
-31.0293
23.8695
-18.4943
7.8676
-20.1961
-24.9879
51.6051
5.8434
22.4770
-28.2453
-6.6734
-24.7768
-7.5805
39.5469
15.3419
-41.0637
-25.3086
-6.7465
-13.5617
-25.2141
-10.6246
5.3617
31.4469
25.8211
-14.0049
-18.4521
-10.1207
-52.6469
13.0527
-39.6539
-31.9398
-14.5348
-3.0953
-31.7539
-11.8873
-22.6180
-5.0590
1.9756
6.2203
19.0465
-20.4719
-33.6445
18.9008
7.4125
22.5242
19.4988
39.1047
35.3914
43.8133
-8.2960
-28.6820
6.2586
23.7795
-49.2492
-43.4977
18.4196
8.2570
-42.6160
19.3800
-45.4008
-10.3285
20.0258
-40.9617
2.2418
-14.4879
34.3277
15.2938
-19.7930
22.7898
-9.3238
-11.3080
-52.3277
-21.4664
23.2551
1.1449
-10.1575
-0.3654
-13.8062
34.2088
-40.5416
-16.8659
-20.2547
12.1248
-36.5523
-53.2577
21.2248
-53.5121
3.7465
32.0594
31.5977
18.7043
-41.4375
-9.5813
31.8516
-11.8139
-2.6685
-48.9156
33.7078
4.1451
-6.5984
3.5806
-20.3168
0.5070
3.2055
-11.2621
2.0470
-24.0422
-50.8164
-23.8723
-32.1359
-12.6339
-41.5703
-19.0168
-28.1336
5.7864
-52.1734
8.3922
29.8926
-51.1684
2.2621
-10.1602
-11.1757
-0.0796
-25.5570
13.9113
-7.8902
25.9828
-16.1423
-14.7496
-12.1516
32.3914
17.1086
3.3689
-9.4467
-0.3715
1.0627
-12.6180
-41.1586
-39.8375
12.2922
16.0557
-5.7973
-24.9086
-4.0495
32.8754
6.9320
2.9836
-3.1724
11.9117
-36.4742
-51.3375
18.4190
-42.1820
13.8068
21.5312
29.8535
0.6000
5.7289
19.3281
8.2150
15.4266
10.4648
13.3555
-45.8352
-13.6236
-18.8957
13.4594
-6.1666
2.6637
-6.7941
-17.0586
-18.6160
0.9266
8.3227
45.6609
-5.9211
14.5867
-35.2477
-20.5820
-34.7659
39.2766
3.1082
-26.2604
5.2414
-16.6027
-18.4598
2.5670
16.8840
-9.9422
38.5020
-46.6953
-48.8906
-37.7891
-21.3215
-57.4383
-47.2695
1.5328
-53.0706
18.1680
39.4832
-12.0023
30.3687
-14.4367
6.1391
21.1766
27.6297
24.1680
1.9719
41.6312
9.4285
6.6662
-4.1818
-3.6602
-28.2666
15.1789
16.4727
-8.7906
-7.7548
-17.2055
-2.3312
11.0514
-52.0531
23.9822
-38.8305
-4.6578
-30.8406
10.9387
4.1553
22.3891
-30.1211
-7.3039
-19.0781
25.9096
-31.0287
-1.2674
8.0805
-28.1082
44.7568
-55.4023
-6.9410
-17.1555
-35.0398
-49.5406
5.4680
-22.8097
-24.5906
30.8219
-1.4734
-40.7106
21.3500
-0.7699
21.8883
3.6798
-13.6266
30.9531
23.0602
31.4863
33.9531
3.6323
-12.9172
-51.4945
53.2484
25.7219
10.4779
1.0539
28.0801
-25.0586
-29.4680
-27.6165
-16.6242
6.1130
1.3712
22.3945
23.5957
-1.7895
31.2846
-4.8274
-41.7314
-4.6896
-26.0570
-10.2984
-5.7023
-26.9547
18.7943
48.5180
34.9695
-2.3172
-42.0523
-29.5841
-1.3777
-11.0561
-10.3500
14.8070
-47.0328
-53.4734
-18.0240
-0.0930
-45.3369
8.0371
14.3760
6.7289
47.9133
32.1043
11.2512
-25.1682
-40.9273
29.7422
-30.6586
-7.9187
10.5904
-7.6406
-42.7523
-10.8117
5.3797
13.3242
29.6117
39.7046
-32.4594
-4.1801
-6.0875
-7.0971
-53.0977
1.1486
-14.0387
-15.9348
18.5340
0.8746
-49.9547
28.4047
-21.3203
-28.7883
4.1746
20.8617
11.5202
-15.8773
21.7527
36.8957
-34.8340
-40.8415
-17.7043
-33.5430
1.0539
7.9781
0.6121
-17.2027
-23.8332
-0.8971
-1.5516
0.9563
-36.7836
-53.2922
-10.4648
-43.2414
-8.4348
-10.7207
-14.1375
-41.4477
-0.0824
-22.2486
-11.3317
-20.2047
22.9550
-4.0109
5.2043
-1.7016
8.3227
1.0363
-21.2947
6.9785
-7.1371
-38.8703
-12.6941
14.2172
-2.0602
14.3199
-9.1049
-9.5668
18.8977
11.9781
3.3469
15.2551
-4.9384
1.6539
-23.3352
38.9477
6.9695
-3.9697
-22.6734
17.8438
40.7969
-36.6195
2.3444
-55.9332
20.1430
-4.1867
0.6758
-27.0809
-28.5754
3.5070
-9.6914
-49.7816
0.4141
-39.0453
-27.5742
-12.0320
-40.7535
6.3879
1.2408
3.0430
11.1594
-14.2146
33.9383
-25.8777
-2.1482
-8.7109
32.1706
-56.1078
-6.8414
48.3297
41.6219
23.0008
-25.0094
-4.4227
9.3031
13.9375
33.5953
18.9934
-14.8871
-12.5096
-13.2645
-37.8219
0.6459
-44.2176
-5.3484
34.0312
15.5569
-14.4359
-17.4051
15.0375
22.8406
45.0082
25.6652
14.3441
-50.1453
-1.2697
26.0867
31.2727
-12.9039
-36.0805
-5.7638
-44.6703
9.1172
-19.9500
-32.1961
-19.1593
-3.1961
9.0398
36.9234
-2.9406
-4.8348
18.9415
-15.2473
1.7664
14.0000
19.7023
-4.0105
-24.0469
11.5862
-48.6617
21.8809
-15.9977
-15.7711
-49.0248
5.2977
41.3082
-47.0992
-14.9474
-6.1088
-1.7260
14.0553
5.0297
-14.2867
4.0531
-7.9867
29.6852
6.6695
-11.3754
-34.9664
18.1373
-5.7922
-27.1398
8.4867
12.6336
4.4600
-7.2023
-29.0135
38.2547
-17.7828
-39.3953
19.7809
7.8551
-18.5086
-55.4527
-29.0820
-39.7129
-11.2621
-45.9195
-13.8070
34.1898
2.7745
-29.9301
-39.1914
7.1762
13.2478
-27.5966
-30.0663
-13.6406
25.7219
-51.9008
-8.9764
3.6863
-15.2414
-7.9229
-53.0070
25.0352
32.1395
28.9367
1.9367
36.1963
-20.4801
33.2555
-17.5590
-6.0770
-25.9688
-30.2797
46.0805
-0.0484
-34.3664
-14.4250
-42.9941
52.3563
46.1660
-0.9605
-17.2070
-57.9602
-45.0801
21.5096
-11.9602
-7.5992
15.4367
27.9530
-61.0711
19.3674
-1.3079
34.3457
-3.5336
28.5728
-22.6031
-23.7438
46.4391
43.0203
30.8871
-43.8289
-17.7701
22.9590
1.0555
6.4069
-3.7023
37.6418
-33.5641
-36.7947
0.0653
42.1832
-3.5631
27.6070
36.1453
-52.9039
26.1258
39.3340
-28.1402
3.9559
-54.9180
-0.6469
-9.6052
-20.4727
-42.7261
20.6039
15.3188
19.4539
18.8248
-6.5207
27.9594
-9.8300
-24.6570
40.9480
-55.4340
3.3393
-10.5061
-31.2203
-23.4055
-16.1238
-15.7715
-27.1963
29.8656
-4.4633
34.5512
-20.3004
33.0883
21.5672
46.1828
21.7922
21.9414
-44.5559
23.4110
-46.5953
48.2551
-24.1184
47.2125
-1.0641
28.1649
-37.2352
-24.7221
20.3117
-6.1562
-8.4537
17.4840
-45.9672
-36.7461
-3.7906
-12.5523
-3.4918
-14.2344
14.6746
-15.8695
-36.7568
37.7527
4.1586
-18.5988
19.5678
2.6324
35.5969
28.8547
2.8641
-3.6762
-10.8152
-12.4018
-5.2164
-9.8680
-18.4594
24.1242
31.9473
19.8037
-32.8503
1.0422
-12.7002
18.1564
-4.9685
-15.5484
-8.6021
-8.3641
-22.9742
36.8033
0.4137
-9.5938
0.8996
-35.1359
5.2605
12.1359
-5.1687
-5.1719
-47.2656
20.8637
11.4039
8.9090
-9.1469
-57.0687
-13.2687
-17.4230
-3.7266
-7.4484
-1.1118
-20.4609
-4.6929
-42.2086
-6.3267
-1.7852
-10.8293
47.2805
53.0047
-15.6010
-6.9891
-40.9553
36.6615
-20.0051
28.4824
9.5387
37.3395
-21.5691
-6.7656
-17.8293
34.5262
-9.3094
-46.2156
-1.8683
4.3148
-26.6703
-36.2196
2.7531
-11.3074
-23.4188
6.6430
9.5676
-10.6436
14.1859
-14.5063
21.7797
40.5289
21.6227
28.8934
3.8580
-13.0461
11.6991
-3.2188
-0.1312
-3.9984
-23.6313
-34.6660
-4.5098
-34.7812
22.7695
17.1354
-56.1754
19.3297
21.4000
15.0305
-8.3578
-24.0451
-27.8539
12.0949
-17.1660
-12.7059
-5.2336
18.4082
4.2576
-33.8184
-34.2449
10.3373
-12.3523
-51.4094
-11.5109
10.5664
11.8946
-47.8281
-10.4845
-23.3511
5.1156
-46.4952
20.5873
-27.8627
-30.0570
30.4398
25.4624
-29.1668
-29.9906
-27.0289
-5.7332
5.2172
-8.7188
0.4770
33.6543
1.8623
-41.4539
-6.4754
27.4641
-3.2293
-16.4536
-45.4486
-16.9039
-3.4971
-11.5811
-27.4412
0.2387
-36.2238
41.8641
35.4961
19.0207
8.5242
47.7891
-15.0512
-5.5664
10.3004
-44.5086
43.3191
-43.1977
0.7406
36.0555
50.5938
40.4828
-48.1047
56.8078
38.3000
-10.3354
-4.3566
-1.8963
-15.6945
-28.8070
-5.9910
-21.4852
-59.4484
-24.0308
-4.7380
-45.9102
4.7037
17.8414
-27.6875
-17.9822
-36.1918
12.9734
-10.1609
-40.1355
-11.7141
29.5422
3.2729
-17.5883
47.9797
-7.4617
-43.2250
-13.1879
-52.3008
4.8758
-31.7047
-36.1344
24.1492
16.2262
-22.3225
-6.4102
23.6738
-42.0414
-0.2498
-22.9688
-17.3473
8.2475
0.1391
-7.0305
-34.3086
-52.2930
-43.4346
42.3992
5.8521
-43.4492
57.5945
-6.1305
56.3680
62.0991
1.3438
-45.5133
-3.1375
8.0658
10.7996
37.2828
-5.0687
-47.6449
52.2414
39.2508
30.2742
49.9680
-0.3281
11.0086
19.4868
-57.6535
-7.4230
-15.3121
31.0531
0.2987
-22.0973
-0.6258
14.0430
19.8016
15.4902
1.9234
-45.0781
-34.5770
5.5906
-23.8727
-34.8008
10.1547
33.6727
26.4802
6.3400
8.4120
-24.5094
-20.5904
-23.8582
44.2051
-7.0789
9.9070
17.5666
-4.6791
-0.1773
-21.5625
-4.3139
43.1523
23.4898
-3.6574
16.5367
29.7105
4.7730
9.0055
-25.5031
32.2812
9.2897
-22.2408
9.5984
-23.7424
-35.1023
-56.3641
7.6438
-2.8020
-30.4641
21.0804
-42.6898
-47.0408
35.3875
13.0412
-47.6016
-33.4914
-57.0898
-37.8305
-3.3359
17.7930
-5.5117
-57.2930
13.7336
-22.2258
-0.6277
-37.6609
48.9188
19.4785
-54.5812
-2.4688
-18.9309
-4.0480
-36.9551
49.3803
-39.7352
-16.2883
-1.3156
46.2637
-26.9500
-12.8652
-18.5797
40.4820
17.1344
-9.8078
35.8035
-11.2293
-18.0102
42.0539
40.9594
-23.3714
-64.5102
38.1777
33.5172
-18.1848
-44.3195
51.4000
5.3939
-4.3543
38.2202
-3.7508
-19.3766
-22.0238
-2.1766
6.6523
7.6520
25.4951
-39.1742
41.2703
38.7242
38.2918
8.4408
-23.7305
-1.7094
8.1242
-29.4898
-5.5410
-11.5009
-32.1754
-37.1211
-35.7027
-1.4086
8.4383
62.7031
30.2773
-33.9012
47.8055
-11.5348
-44.4102
39.0728
-46.1272
33.8785
-27.0164
-48.0602
10.4328
4.4534
-12.1809
-1.9197
28.1305
-20.8067
20.7260
-23.4984
-37.6930
-11.9555
-13.2039
-13.3246
-7.7379
-2.5719
-22.9016
-0.9758
-8.7172
-13.1723
-25.8629
-8.5344
54.9828
44.3641
28.8084
-6.4023
41.6052
-40.7738
24.4266
1.4969
-3.4992
30.0102
-7.6121
19.0125
-6.7527
9.2250
40.5949
-26.7996
14.6743
-59.0719
54.5203
-45.2914
-5.4461
8.3352
41.9039
1.8832
-0.5789
-41.9375
-21.8130
8.7125
-12.9094
-17.3154
-26.4961
18.3734
-9.8234
-36.5520
13.3164
23.4953
-54.2398
-27.3539
-21.2492
-12.7719
3.5309
13.4379
-3.0617
17.0156
-4.9703
40.7974
-57.7453
-45.0047
-51.5445
-16.5199
21.1844
-11.6426
-32.0590
37.2567
-1.5352
-36.8051
18.3435
-9.6504
-10.3875
10.8242
-6.2674
-24.3062
-15.0203
12.3469
19.8430
26.0590
-1.1332
18.2881
-26.8719
-23.0430
-17.0176
-60.5695
-45.6039
-8.2516
-16.2578
19.4250
-44.2103
37.7891
34.7230
-39.3508
2.3793
31.5047
25.4488
27.5535
-6.5992
-20.2135
10.1985
-25.2905
38.4113
-4.2727
-1.6430
-21.7679
22.1844
49.4578
45.3688
38.5203
51.3438
20.3541
-44.0125
-15.0820
47.6500
37.9088
26.4391
-1.5039
52.1977
55.5703
60.3711
2.4016
27.2398
0.8507
-64.1617
-36.5773
2.8336
-41.1102
-36.6738
46.5406
49.0070
44.3320
29.5324
-2.4331
-26.2188
16.2221
-10.3588
-3.3498
1.1270
-22.4133
-22.6633
0.9516
51.9867
5.4062
41.7555
14.9109
18.1197
-11.1195
-33.4906
-17.2258
-15.1172
33.3191
-28.7973
34.6203
10.8121
-23.0445
10.9828
-42.0211
12.1559
-41.8156
16.0727
24.8594
5.8969
-9.9676
10.5789
-21.4724
14.7332
17.9957
31.7547
9.7645
-14.8156
-48.9086
-31.5527
-61.5547
-8.5031
7.1780
-6.2180
2.6887
-41.0844
54.4352
27.2062
46.8949
28.1371
-28.8781
25.8227
1.2633
19.6953
31.0301
5.7039
-5.3141
-12.6986
-10.7621
-14.5018
5.5023
-18.9859
-50.6352
-52.1148
37.2125
-11.9066
47.3422
-6.1307
-56.4562
-7.9227
14.6932
6.4139
-2.0919
-17.8016
33.9777
12.9023
52.1559
14.3754
28.7437
53.6406
54.9133
40.6828
12.5453
46.6672
5.5445
38.8891
-35.3570
51.7156
46.5219
40.2891
46.0320
46.4227
-10.5523
25.2105
-30.0492
15.3070
11.6257
-54.4078
4.1488
-27.7656
28.4531
5.0602
3.0021
20.5199
-55.7344
-10.2396
7.6250
-0.5312
-9.0211
36.7773
-25.1781
3.6340
-21.9375
-6.0023
-54.1449
2.5992
-22.7938
-50.8516
-63.8484
-12.2984
-0.0228
-45.7219
28.2555
41.5141
21.0848
-13.1150
33.0859
26.9891
46.5766
53.3891
4.6119
-46.4648
-58.2785
-18.3904
2.0889
10.5738
-39.7359
-16.2463
-44.8816
25.6340
-57.4422
-14.0555
-25.5672
55.8461
50.3172
28.9387
19.1406
-0.5369
-18.3430
31.6391
-14.4591
27.7621
22.6034
-50.1539
-16.9666
-37.3250
-22.0516
-54.0469
-58.3906
31.5605
-21.7719
1.0830
4.8176
10.5082
-38.2273
1.7182
-20.5063
-5.1848
18.4180
-11.2004
42.0492
1.4684
-5.4633
-1.6245
10.2484
0.0914
-8.6871
-29.7188
32.3070
20.6172
45.0758
48.2703
53.5961
26.0117
46.2133
49.4867
53.8000
18.8145
-3.8963
-13.3441
15.4438
-58.9109
-5.7752
-1.9055
15.6992
5.5109
-24.4859
-42.9500
-3.3152
-17.8666
-17.8023
54.2016
-25.8461
-14.0312
-29.8730
-21.1789
-27.5063
-18.1680
-7.3656
-19.0141
-27.2766
-16.4375
18.3844
49.3574
-48.0703
56.4258
-10.6754
3.8640
27.4932
-12.8102
-7.9969
27.3680
26.3117
52.7648
-0.8590
31.9527
45.4023
-18.6953
-19.8922
24.3883
49.1754
-32.7742
28.9586
1.1781
40.3141
35.4188
28.2301
-21.5684
-51.3187
-9.9445
16.4414
43.8750
-16.2143
-4.2984
-17.9469
-20.7172
-14.2500
-6.0636
-37.2318
-12.5539
-52.4688
13.0129
-16.8773
-17.8648
-13.6383
2.8266
-3.6584
-34.9680
27.0027
14.1391
-15.9511
-26.5742
18.5148
25.6539
58.9641
-50.3727
35.5758
-19.6515
13.9830
20.6305
34.1176
-28.6148
28.0375
8.0609
-19.6070
-48.8572
30.3980
9.9518
-22.2430
40.9727
11.4402
-37.5016
-27.6217
16.8695
54.7734
7.4770
47.5840
-26.9766
5.0601
-53.1398
15.9688
-34.9969
-8.6228
-34.7361
-10.7019
-2.5953
-5.7643
-23.2961
44.6969
31.6203
2.6289
26.2004
-34.1051
9.7209
-22.3984
63.4320
43.1319
-31.3371
42.0316
-54.1633
1.6686
-47.1453
8.6765
-11.9498
-14.9158
-5.9367
-15.1072
-17.0065
1.4367
27.3078
1.2352
-27.4564
18.0254
29.1113
-1.3277
-24.7270
4.7648
16.9148
-5.7637
9.1203
-13.0646
26.6086
-9.5637
-23.3687
33.7570
16.2680
21.3102
49.1930
32.8047
14.4342
-12.5820
14.5891
16.2263
-3.8500
10.3812
-24.6395
-9.2951
-5.2439
-5.0949
-12.0645
-22.6873
9.0414
-22.1798
35.7023
-5.7150
13.2716
-9.7297
-49.6014
21.6547
44.6125
49.7367
19.6973
-5.7871
-1.1422
-32.9172
30.0002
-21.6086
-0.7324
-21.9523
-1.2812
18.0844
-3.5164
44.3516
48.9109
43.2098
-17.2797
-39.2006
44.5656
55.5768
-30.2695
19.4543
-44.6156
6.0339
-58.9266
-0.7944
-39.2379
31.8445
5.8148
-7.9571
-41.9823
10.4863
-57.1797
6.8742
-48.7055
-13.4537
36.4820
2.2613
-35.8102
33.3488
-0.7364
10.9305
-3.0938
26.9102
-4.6917
42.1156
-20.3312
8.8758
5.2866
-8.0105
10.8355
-0.2576
39.9430
-24.9164
-52.5531
1.6555
-33.6086
1.2469
0.0387
-51.2184
-11.5547
-32.4094
-21.0555
-11.1332
2.1027
-5.4877
-22.5676
4.7024
-1.3113
8.9781
-6.2660
-6.3631
18.3414
-22.3914
13.2215
7.1172
-6.3797
-3.3430
-55.3621
-8.7194
8.9906
-14.7199
25.1793
11.4223
-1.1704
-49.9781
-44.8262
49.8766
21.9961
-6.9480
-12.9305
18.2830
20.6012
-46.6613
16.2430
42.1327
-17.9117
55.4172
31.2617
41.6934
-27.5703
11.6781
-13.1313
18.4242
54.7242
60.1523
23.5625
57.5852
48.5109
10.0615
-6.1043
22.6805
7.4387
12.2797
-54.7438
8.0953
37.1750
6.6486
34.7219
-46.8391
-0.1830
-6.4164
-14.2166
-46.1418
33.2539
47.2104
15.5893
14.2281
-11.2059
-13.3847
38.1855
-34.7641
-19.8086
52.9891
9.3256
12.0219
-43.3148
3.6979
-28.8754
2.7328
-18.4594
52.6766
37.7793
2.5946
-13.1427
-8.2406
-18.1197
26.0309
26.5469
25.7922
-11.9773
25.0320
12.8069
-8.9219
3.8098
5.3117
-16.1770
17.1148
57.8914
48.5207
10.3852
-11.2930
-9.2596
-18.8070
54.6180
48.0773
31.1590
-20.5580
43.9742
-7.2577
-32.7969
-4.9641
50.8992
54.4922
4.1926
23.5781
51.9125
37.0563
45.5211
24.2492
32.7172
34.8000
52.5344
41.9648
46.8617
57.1594
25.1429
-24.5014
-7.1742
-14.2102
58.1453
43.3372
-13.7461
-17.7613
16.9282
-48.6855
25.9764
-52.2004
11.3930
9.5328
-11.7148
-38.6969
13.7755
-53.6531
12.9770
11.3197
-18.0023
-57.9156
35.8344
-18.5061
23.9475
-59.2676
53.6291
-16.0539
22.6414
2.4344
-11.8643
13.3438
19.8091
-4.0633
16.4297
-3.5691
7.1565
5.4855
-52.4863
-5.9426
-53.2648
-3.5215
-18.9125
7.8727
-11.5824
29.0156
20.3730
-6.4492
10.9965
-7.2605
-14.8848
33.1152
-47.6703
-1.3984
-19.3813
-53.7948
-10.0844
31.4148
21.5500
-6.9964
48.8035
48.6348
-61.9328
34.9121
5.4199
-15.3227
-40.9086
2.7391
39.1781
62.1562
45.9359
16.8984
17.3453
53.4352
52.5508
1.9754
-44.3238
3.0281
-50.2977
9.6277
-35.8184
-4.1428
-19.5492
-49.4195
5.3160
-3.9648
25.0329
-52.5465
17.4031
-19.6539
-43.4258
46.7543
-7.6867
-4.0732
11.7988
-12.7945
-47.8352
53.8070
55.3484
55.1281
41.4422
36.8340
-52.4422
-20.5766
45.0945
35.5453
34.5484
29.5844
52.8336
57.2376
-50.7305
41.7727
-8.7398
-46.2615
-8.8808
-44.7021
8.7623
-25.8320
1.0117
-22.2016
5.9566
2.7727
44.5746
-8.9266
-25.1258
28.2107
-30.9086
-57.3148
8.9123
-0.2652
-26.9922
24.1942
12.5220
15.3300
-54.3430
35.2738
11.4211
22.4039
5.8266
-2.3627
-25.9574
32.9586
10.7922
49.9059
41.2164
40.3535
-1.4477
1.5930
47.8902
36.4281
45.7680
1.2314
28.1984
6.1150
-7.1611
33.9473
-26.8504
3.0770
0.5051
-46.2324
-8.2942
-5.9941
-8.2352
44.9453
-7.9694
1.4602
17.7684
-5.6639
-48.0090
60.2742
12.1513
-53.6031
-16.9922
40.7234
2.6777
-23.8258
4.3973
5.4406
2.2785
3.8055
44.0859
31.1992
38.2812
-4.2836
2.3708
-15.6344
-53.7672
50.0680
47.0547
3.2400
2.5045
-48.5579
45.5809
-40.3465
30.2117
5.2131
-15.9070
7.0707
-32.9117
-4.3340
-29.3146
-12.2492
-29.6598
21.1156
8.8117
2.3191
47.0941
50.3477
55.5195
-44.4840
38.4820
52.7687
21.8551
0.8412
-12.7078
39.9930
11.1010
-38.1758
-46.1148
-17.4271
21.0035
-15.5484
-53.8820
-27.9164
2.2728
-35.1112
48.3477
47.9246
-4.6766
-48.3008
31.0875
33.0789
46.8063
47.9555
26.6086
30.4500
-39.0406
-34.7852
-7.7672
43.6582
14.4827
-21.9769
-12.1953
-18.6410
7.3107
40.2590
-22.2617
22.5625
6.8473
-37.1905
8.0723
22.6500
39.8227
50.3438
-3.6481
-2.3102
-20.3394
-24.1914
-53.7211
21.1734
26.5816
40.1344
43.2070
53.4641
49.3195
20.2482
-4.4783
-15.3895
33.5379
10.6716
-21.2787
-31.3817
10.8100
-34.4422
-48.4090
-18.0742
7.7629
21.7820
-5.6328
-2.7766
60.1039
-5.4590
4.4531
3.2797
35.9836
22.4377
12.0395
-5.4912
15.6982
-2.0253
-40.8633
27.5320
33.7016
57.1055
42.7594
-15.8200
48.9117
48.3859
44.1398
9.9447
39.4427
-52.0008
19.9986
-51.3258
-24.9102
43.2820
20.5270
-10.6820
40.6859
-7.8141
1.3193
-33.4363
-7.5113
-23.3255
39.3547
50.8996
-32.3898
52.9422
-13.4834
21.7277
0.8059
-44.5938
13.1621
-34.6629
-5.9164
-20.4602
3.1488
19.2176
-8.6295
23.0492
5.4348
-0.2379
6.5754
-28.4883
-9.9688
-11.7657
-3.6547
45.5297
36.2095
-58.2391
18.8430
5.6188
-19.9629
32.8312
38.5477
14.1195
6.1875
-4.7704
-11.5220
8.2213
12.8219
-2.9055
-17.1598
22.0207
-10.2770
17.7535
32.4893
-47.3094
35.4836
24.7617
51.4023
-10.2796
-40.2062
-35.1641
-7.4443
37.7746
14.3336
-30.3328
-20.3430
-13.6242
9.3945
5.4398
19.4852
14.6516
-15.4506
-28.4492
17.9641
36.5469
45.9281
38.3656
38.8293
-61.2094
-33.0984
-48.2891
-40.6450
3.0321
3.2395
-2.8023
1.9949
-16.2055
18.2234
-11.3414
46.3344
27.5520
-33.0355
47.5609
55.5484
61.2773
53.9352
58.7969
58.4680
54.2711
17.3675
-43.8586
48.0289
-11.1414
-24.7922
-56.0334
34.2805
60.9586
33.1977
50.2687
38.8105
-1.5537
12.0000
20.2961
54.6305
12.4074
-11.5961
55.8867
49.2797
52.2961
24.9941
-53.0062
-20.9398
47.2600
-17.2340
-31.3605
20.7773
4.2312
6.5941
41.5607
-28.8930
-23.6758
-60.8250
-12.2789
-46.4947
-48.8565
12.1891
39.2031
49.8711
49.1914
30.2578
45.5344
59.2867
59.7141
37.3648
31.7055
51.7812
23.1441
-42.4902
-1.0615
37.9664
-37.9383
-18.1555
17.7344
5.6281
33.1273
25.1367
43.0531
59.2727
40.6391
53.0438
36.6391
32.9683
-34.4578
7.5086
-33.0250
22.3859
0.9152
4.5043
0.7406
-54.3789
18.1664
29.7016
-17.1434
2.7359
52.4043
-2.0326
8.5249
-6.6020
-17.0883
-38.1711
-15.2168
5.0579
-49.8078
50.7898
57.1945
45.3609
52.0148
52.8523
57.5383
-3.8922
32.7711
4.5762
16.7224
12.7180
13.9732
-43.4758
-24.4125
24.9000
55.2727
33.9328
50.7266
41.8945
36.1773
16.8922
-39.4535
43.7879
-53.4258
15.8070
48.8539
54.6859
18.0879
0.5852
-42.1188
-24.1584
7.0000
27.2621
-33.4492
18.3041
-3.6316
5.1826
13.8910
-8.2041
-15.5410
-22.3492
33.6820
-15.5270
21.9551
-15.2695
-7.4258
-40.8555
-56.1627
-13.3493
3.8727
-22.8199
-13.1236
-50.9062
7.8371
-19.2602
18.3412
-4.6391
-4.0273
45.2594
12.5824
2.8199
-41.1367
-7.9641
58.5594
29.9623
-52.1078
22.1938
-7.7357
5.7301
-4.5852
45.8852
54.7988
-32.2094
-3.1436
-9.4781
-50.1562
0.1172
14.5305
-7.5336
-54.9281
-33.2969
-5.0980
2.2562
-19.6984
5.2572
-53.9461
-49.0900
44.9375
38.0891
23.9445
40.4727
53.4148
55.7703
55.4406
49.0508
52.8337
-48.5117
-15.0488
-39.5604
51.4609
53.6016
48.8438
48.2477
52.8084
-16.2695
-57.5844
53.0438
11.1713
9.1229
50.1013
-45.3180
-0.3828
48.3531
5.0670
-17.2546
60.1508
42.6547
53.5039
55.1078
53.0500
-49.0297
-54.6051
16.2848
-49.3547
-47.7340
2.3215
1.1889
-10.4121
-3.0499
-59.3906
-30.1852
67.4857
-9.1969
50.8250
28.5768
-39.8102
-1.9107
19.5262
14.8398
14.6438
17.3703
-38.5516
-55.5359
3.5916
32.1486
-27.0984
17.8904
-61.3500
10.9227
-4.1909
4.4801
-24.8289
53.5305
53.7523
-7.5848
42.2062
14.0023
-14.6680
-55.1828
2.0250
0.8234
-42.5172
1.9406
38.8125
15.0680
-30.5859
32.4348
-12.0705
-30.3801
21.8742
5.7281
-6.5160
-40.7234
10.0746
12.5023
56.1492
56.9422
42.4992
60.4117
48.8781
1.2648
-52.1805
2.2854
-8.8430
39.1957
-17.8961
9.8543
-61.7766
-8.1906
10.2305
31.7922
-2.9362
-6.9953
57.5695
54.0844
26.5539
-43.2535
-7.3320
8.6594
-20.4879
2.3438
-5.7906
-0.0625
8.1467
21.3789
-13.0756
-53.2102
-7.0437
-8.7689
27.2047
61.8594
-6.2414
-24.6711
-47.5773
-42.7966
52.0930
50.6176
29.9383
-3.1520
42.2297
48.9844
59.1344
57.5912
-7.3023
-6.2273
-1.6520
31.4289
31.6555
57.6539
45.6668
41.3883
-31.9562
-43.7867
-59.2266
0.3910
-11.6062
-4.9469
-28.4653
33.6852
43.3727
10.1102
42.6164
41.0697
-21.0430
50.4414
29.8227
-7.0914
-11.3539
19.3060
-44.4766
-6.4480
-8.0725
-27.1797
36.5539
2.3441
-7.9320
-24.2172
37.0812
24.8148
-24.6949
-15.2922
-44.5439
2.5324
-27.4424
-32.7570
18.4375
50.6852
31.8188
-10.0234
11.4377
-7.4168
49.8555
17.0508
3.5690
-27.3248
-66.5141
18.9117
8.7597
6.1613
-7.8266
-17.3281
12.6506
-9.8656
-48.7352
-3.8297
14.0148
-5.4852
-40.2289
13.9955
-33.9180
-30.2668
-5.5453
13.4951
-13.5891
43.9801
50.5875
22.6484
2.4469
-39.1953
36.1219
16.6172
-18.7574
-10.5160
-27.6832
-17.8684
-0.2512
-7.3515
23.2766
-11.5609
-32.2125
56.2902
-31.3359
1.5461
35.2133
9.5676
41.0047
0.6762
-17.7807
54.6797
23.6172
49.1461
43.3820
41.3555
59.3438
33.5789
52.4023
15.2406
-9.5320
34.3969
15.2461
46.6555
27.1477
11.9688
-48.2898
-58.3656
-47.0336
-21.8937
-29.2484
29.4520
-6.8773
56.1695
-10.2676
57.2703
57.6531
54.1459
-44.2792
61.3039
48.9680
52.6766
62.7953
-7.4477
7.7188
-3.3400
20.7492
1.9803
-27.6453
-31.5969
-39.2313
-1.9496
-13.6746
-7.1254
-5.6934
1.2445
44.5328
36.5953
55.4930
60.5750
30.0578
-56.6533
52.7227
54.2422
46.9316
5.8625
5.7139
-56.6383
55.3383
52.2109
44.0789
53.1852
55.1484
-18.8563
-14.1292
43.5094
39.8645
15.9797
60.5992
24.4273
62.5914
32.1055
-11.7293
37.3646
-53.3977
-39.5023
-66.1379
13.4002
-45.1727
-49.4730
40.9961
30.4484
-16.3076
2.9504
53.4706
-47.8734
18.0777
16.2918
-25.2344
32.9776
-55.1023
46.7016
13.0336
-22.3648
-40.8914
-8.8193
-30.5383
1.7586
0.7660
-22.7770
24.0008
28.8470
-32.5246
-38.9209
12.9057
-7.2277
-6.0574
-8.5742
23.7203
25.5938
9.3158
-13.8867
45.3640
-58.3184
0.1508
-1.4750
-58.0910
1.0258
-9.1297
40.9691
-2.5938
-3.2926
13.2098
27.0828
63.6203
43.4813
-59.3169
31.5090
18.0900
0.4861
-16.6398
-7.5811
39.1887
-18.0285
-14.0555
-32.3000
-48.5684
11.2328
11.5094
13.7031
6.4664
-3.7906
55.8539
41.7923
29.8302
-47.6125
20.8762
6.4102
63.5031
58.2711
56.0371
-32.1172
-6.5664
-13.2336
60.9516
27.4664
4.3113
-26.6469
-39.7281
-14.6463
1.1051
2.2438
48.2289
46.9781
53.2812
56.4254
-7.2930
38.6102
-8.6951
-16.5477
47.6664
6.2084
-30.7901
33.3081
-12.7305
55.4242
34.6703
24.7023
-0.6445
-45.6035
-23.6001
-29.7789
55.2398
53.2198
-43.0953
-24.3652
-3.9273
61.8234
41.5344
-44.2313
-48.8984
34.1172
43.2687
56.3422
57.8953
47.4629
9.5102
4.9664
42.9227
42.3129
-26.4461
-40.1555
7.8634
4.4805
-55.7055
37.2000
2.9781
-23.0969
10.0102
34.0859
42.3656
8.2877
-57.4414
51.3285
28.6437
32.6285
-8.1846
-5.7547
28.3920
48.7008
34.4102
53.8422
53.0234
21.8703
-52.8148
51.7469
39.2793
2.9437
20.8672
2.1281
-25.4340
-3.9094
5.0333
26.8305
-21.9971
-2.7793
60.0900
-52.8508
-19.1078
-27.2621
61.2891
46.0602
54.0812
62.3031
44.3924
-41.4094
-62.3012
-26.5992
-17.1672
47.8187
-19.1641
-67.5750
-1.3963
49.1025
-59.8719
-51.7375
-34.0484
-1.7817
3.4094
0.3162
9.5656
-47.0477
12.0211
1.6935
-14.6305
-41.5352
-30.2953
-35.5469
-1.9242
20.1398
-25.7063
31.0082
-3.2334
4.7193
-34.2859
5.7332
-40.2539
-31.1406
-31.3016
-48.3125
-35.0616
47.7066
9.4592
7.5721
-2.7539
-43.0516
39.7117
18.0753
-63.3268
-8.4297
52.5191
2.7555
-36.0969
17.8516
48.3961
45.6617
48.9844
60.5227
55.4031
18.8492
-15.4633
40.8477
11.0543
-4.1664
-5.1118
-16.3160
25.3445
30.4977
29.3414
39.5449
13.8633
-16.6020
-12.1784
-14.6758
28.0408
-2.6781
40.9539
51.1023
45.9906
5.3346
-39.1923
0.8586
15.0156
-3.8176
55.0133
20.8152
-33.5320
11.3150
-16.7727
14.3750
54.8258
-21.3568
31.0410
45.3133
62.6070
27.6027
-25.3316
4.6432
-29.8523
34.5445
60.7914
-7.2847
-41.4664
-4.2992
30.0449
0.5449
30.6422
-8.4891
-7.4129
3.5266
-5.7250
13.2848
21.0234
-37.8648
2.0732
-0.5930
8.2185
-48.3995
46.4354
-33.1391
-17.7305
-33.3581
40.5062
3.0976
-15.9854
-56.2313
-13.2570
10.8375
-19.2250
0.9707
24.5289
-20.2250
-22.2211
41.4961
42.4711
48.9566
35.7639
6.4195
13.5857
-42.1270
10.9299
-26.0562
20.8574
10.6711
-25.5684
4.7703
-18.2316
48.2523
10.9406
-11.3256
-15.7297
33.1995
-48.2539
-49.7117
-18.8258
-46.7953
-49.1695
3.6859
-45.8102
53.7852
1.8102
57.8852
54.3540
-50.5850
-2.1168
1.4594
7.8045
66.5295
-40.7016
1.6146
-7.1578
-41.9338
-3.3453
45.4539
54.9000
41.2953
58.1766
61.3594
55.7875
56.5383
58.4750
61.6742
58.3461
56.2266
60.2359
14.5889
18.9750
55.8480
9.0130
-48.8479
11.0789
17.5320
-1.7316
25.2672
14.1609
16.7277
7.4328
-39.0961
-54.6984
-30.6016
-61.9828
59.8320
61.3594
59.7313
13.1840
-2.1388
-43.8117
-29.6227
11.9609
62.2555
59.3672
43.8008
8.4566
5.5938
-9.5553
55.1781
30.5117
-6.3605
-54.0867
54.9328
51.4262
-51.2812
-8.5607
-11.2242
-5.2074
46.6500
-10.5949
-34.2586
-56.0281
58.8109
51.6562
41.3586
63.9125
45.4736
24.7295
-12.5930
-55.4172
17.1297
7.3736
-39.9402
46.9453
53.3969
53.7523
58.4148
17.4453
-45.2902
7.3586
-31.0316
-35.8359
-6.5328
5.6101
-30.3367
-13.6488
-27.5648
22.1941
4.6104
-49.8344
-6.1968
11.7219
4.7846
8.4334
15.0464
-34.0312
-9.0766
-57.5680
47.1828
63.6867
48.9938
-18.7680
14.7543
-26.8625
30.4172
58.0352
62.5969
54.4320
64.4133
39.7447
-63.9609
4.3433
-8.0609
-14.3074
-29.8758
-52.4861
17.2232
-57.8914
-8.7225
44.9672
18.6410
61.8289
56.2465
-31.3766
-23.2742
59.2727
3.6180
-2.4004
-6.0781
-50.8734
-0.7129
-33.6172
39.5738
11.3832
-47.4594
17.7594
-9.0190
42.9996
-15.6969
29.9820
-22.6656
-39.0984
12.2012
-21.5977
-22.8706
41.0117
25.3457
-46.4852
8.1674
-36.4391
4.2078
-43.2000
48.0180
10.6652
4.7922
-24.4271
47.5742
8.3754
49.7789
59.5227
46.4570
28.2219
9.3035
49.3641
50.8836
-1.6266
-39.6031
-52.3227
-41.5031
27.3988
-0.7289
-28.8424
-18.4445
17.2490
-57.8805
56.4324
-48.5100
57.5844
17.6992
11.2145
-12.9349
-22.5656
-38.0136
23.0074
-0.3293
-15.9016
-4.8547
-28.6938
-13.7164
-16.7334
48.7461
-4.3346
-24.6632
14.9547
59.5535
-26.5797
-63.2898
51.8625
48.8445
51.0891
25.4891
13.4461
14.7622
-37.4668
20.1629
3.8991
-25.4750
-20.9043
-49.7344
62.9305
53.1312
62.1484
60.1375
-32.6600
26.9854
-32.9883
-55.1086
-9.4051
-53.4526
-27.2637
61.9625
59.5125
60.0187
62.0391
27.6021
-56.6453
31.8500
-38.6945
30.0031
52.8172
52.8219
33.2687
24.7703
9.2980
2.1308
-56.8242
18.3512
-2.2607
59.4344
29.0020
-20.9655
-5.6438
-2.9873
9.6285
50.8773
35.4422
-0.6676
-42.9813
44.8344
51.2727
62.9008
10.8836
-47.0945
26.9531
-10.3133
20.6590
2.7711
-45.0228
-8.7563
23.6984
-54.2164
64.2609
20.0617
4.5004
26.4357
-13.2344
26.5879
28.5187
13.3715
-2.9437
1.1227
17.2930
-37.0600
54.8336
37.9344
59.3242
56.5109
49.8305
61.2219
-46.9539
-65.8484
20.8852
12.5352
5.7882
7.8515
10.8524
-48.5375
11.7613
17.9793
2.6939
-39.8828
60.6359
36.4180
49.0523
-7.6734
-10.3486
3.5969
40.1781
59.4547
-3.6102
-43.5436
57.8422
41.7070
44.5445
27.6484
-58.4494
57.3656
46.5563
-73.6805
47.0898
56.0883
22.6775
-41.4367
-12.2922
51.8320
55.1836
55.9680
-45.5695
3.3672
-26.6984
-39.3871
1.9227
18.7961
-7.0804
3.4352
-20.3719
-7.7758
-55.9531
-38.9430
55.8516
-21.7383
1.8171
-12.0859
54.6125
55.6570
30.2672
-57.6988
56.9664
28.6195
34.5703
57.0914
64.0312
60.7766
46.3250
58.6258
61.0203
45.9141
14.8947
2.5438
-3.9930
58.3930
19.8129
-51.8930
20.8759
-47.5883
50.9586
27.7984
50.9332
63.5230
33.5340
16.1682
-7.1648
28.6945
29.6805
32.1359
43.9813
59.8328
44.7594
54.9078
26.7770
-21.6664
-48.8477
57.6258
-0.9452
11.7113
-5.9868
-38.3525
46.5773
16.4141
-36.0066
56.5195
50.4953
62.1195
60.4359
51.5453
30.2563
39.7305
42.3312
16.5953
-1.3715
-24.6406
26.9273
-6.4070
19.9648
27.7340
-26.9219
50.7156
-5.0816
0.3109
-45.7164
45.7594
-3.0129
-35.5227
4.1633
-20.9727
-9.6902
-12.3180
38.6984
-16.1980
52.3789
58.3965
-18.8773
-1.9590
-9.0336
63.9984
-16.9696
34.7687
34.9822
9.3703
-61.7969
56.1227
62.6437
57.7453
61.4023
6.3146
-5.6438
0.3357
-4.7570
6.0102
-53.0953
8.4598
-17.1918
-11.6945
2.9934
-42.7477
8.7207
-39.2093
48.8805
-5.7867
-5.5836
-27.9141
-38.6875
54.5934
15.8500
-62.8922
-4.4094
18.7453
-30.7437
25.0939
-48.6869
-6.6917
28.0418
-32.7793
60.3742
58.2141
-16.7672
20.5996
36.2438
-28.0943
-22.0297
13.8000
-4.2334
55.8281
-37.1789
-55.9883
-37.3438
-65.4977
18.5613
-18.0633
4.7871
-18.3873
11.2297
12.4664
10.4602
7.2465
-61.8117
-15.9664
35.5511
-14.9812
-1.3197
-18.3195
-57.7746
50.6562
60.9945
38.7719
4.8633
51.2805
38.1023
31.1914
-8.2328
9.0586
-16.9768
32.7457
10.5520
5.0398
25.4250
28.0539
25.3031
38.7035
-47.4629
-1.3969
59.2141
47.2844
53.3492
-6.8195
11.0328
-51.5109
-32.1086
24.4094
-47.0438
41.1164
43.7223
14.6066
-48.5252
53.1312
48.6609
59.0254
18.1703
51.3578
14.6930
5.1344
-32.8867
9.1914
5.9472
-55.1887
16.8402
-54.1922
4.4156
37.5250
27.9247
-23.5250
56.0211
59.9734
50.6703
62.2023
43.0602
52.7586
60.6328
-0.1422
9.3289
-4.0895
-19.7734
-27.7316
46.2871
2.9008
56.3492
61.0641
59.1148
56.3484
-53.1148
-30.0031
-49.6227
-39.2199
-1.8492
10.2266
-37.9258
63.6375
63.3937
54.7109
57.6000
19.6656
15.7594
-4.6848
-55.1660
-2.4271
-22.4703
-40.1852
35.4010
-22.4750
-51.1049
18.7383
-45.6199
57.6680
-16.7336
46.0052
-55.5211
-17.0367
-61.3203
-58.5625
30.1695
39.7344
56.8227
26.0111
-19.0832
14.3906
13.6984
-52.6676
16.3281
60.8250
63.4281
18.0930
68.4035
17.2658
-52.4523
19.9395
-34.7492
-57.7453
57.3547
56.8086
42.2789
31.5059
12.5230
-62.3016
-28.6980
39.4242
57.6797
56.3895
45.4945
57.9047
52.3289
27.1414
-7.5570
-19.1383
-48.8041
-17.5930
18.8766
58.7367
63.4164
59.9000
62.1160
26.3664
6.7279
7.7055
60.4203
58.5969
22.6953
46.6059
9.4541
6.2741
5.9117
-1.3422
38.3541
-2.7871
-63.9078
-13.6598
6.5234
-19.0133
54.2914
61.8742
60.2594
58.2047
45.7297
-13.2475
11.3102
35.3820
62.2984
59.9539
56.9273
61.3438
66.4977
-2.9062
11.2805
5.7988
48.1422
66.7746
-8.4021
-12.5955
-32.7016
-37.9781
-58.7352
-34.8609
-9.7516
-6.3113
9.3539
-17.9492
-13.5219
6.0906
-30.7523
36.2538
-43.2109
-5.0488
35.9852
0.1898
3.7316
14.7047
18.0047
-15.3539
-34.2947
17.3017
-7.3227
-39.0215
35.1484
6.1578
17.9773
6.0047
-2.0162
-41.1898
-28.4199
-25.1211
31.7805
60.7742
60.6453
65.2273
59.2687
59.1211
59.4203
59.5516
64.8719
60.2402
-16.9953
5.4238
-43.3536
32.8125
41.7909
-60.7656
-4.9273
-18.2180
-11.7598
-3.5953
51.8367
62.9250
32.1180
4.4645
31.9805
31.2188
26.1914
-5.1969
3.7540
-20.2246
-58.1742
62.9711
36.3083
40.6608
-3.6090
-30.2047
-3.7748
7.9406
-10.5521
-62.7086
43.4898
29.9498
16.0469
-14.0248
18.4775
8.8805
-28.7180
7.0695
51.1492
15.5888
-12.5960
10.4304
-35.6414
44.2273
19.2992
4.8680
-11.6117
10.9229
-20.7738
53.5422
60.3891
56.7758
-8.0469
54.9367
60.2859
32.3461
-3.5945
12.9977
-5.0219
-39.7010
52.5234
55.7648
62.8289
59.3113
8.8852
50.3680
59.6609
61.1305
9.8840
4.8367
-17.1250
-1.3578
5.3000
64.1773
54.7797
24.8930
60.0461
23.8563
19.6961
60.4188
63.0281
62.7469
55.6602
58.8043
1.4996
-4.4809
-32.0844
25.1930
-28.5750
-4.9639
-1.5004
9.9348
-33.6344
-6.7280
-54.0683
-14.4770
11.6961
-53.5602
-18.0977
24.6374
1.2531
61.5727
62.2953
55.3543
-54.8312
-11.3535
-17.2000
-48.0320
28.9074
-3.0032
-8.0897
-12.4492
11.8547
-9.0479
60.1484
47.5930
60.4367
62.9109
30.1578
9.4916
-26.3914
63.7453
63.8336
59.4828
61.0594
62.2648
58.7625
51.1242
53.7578
56.8602
61.1492
64.5648
55.0461
52.6250
49.3555
42.3027
35.1180
22.7555
-56.8484
61.7859
19.9125
-49.6941
49.2707
35.8637
27.1875
5.9812
61.4531
61.6961
56.7781
57.0312
62.1814
-20.8867
10.9865
9.8289
-32.7227
-64.7473
38.8258
61.2656
53.3328
-51.2727
25.4117
55.2227
58.5117
61.3633
44.4949
23.7337
-13.8305
43.7992
15.3003
-29.3023
-46.5625
-9.5859
53.5242
24.1476
-25.8598
-16.8413
14.0307
35.1445
5.5596
-18.0072
31.1587
-60.9906
7.5945
-7.8523
-53.3664
-45.4109
38.6738
6.8043
23.6387
14.2236
1.4791
5.6902
-54.0828
-42.3063
-38.9750
5.2402
-44.5070
-53.6047
56.7869
19.2078
-13.7070
50.9117
21.4543
2.3172
13.3469
32.7680
-21.4828
21.8289
-43.7828
33.6680
55.4383
32.1480
-4.5508
-13.8305
-37.7359
-37.5802
55.5234
58.0281
51.5560
6.8586
-58.3992
6.2289
21.7180
37.9008
64.7820
64.8414
16.5828
3.0430
-28.7469
-15.3514
-7.1930
-56.9910
-22.8219
-44.6797
41.9969
59.3367
57.5258
60.2438
61.0016
60.5719
51.3195
57.0242
57.7082
-45.6641
-20.7111
36.0801
-17.8102
-25.8987
57.3461
50.3477
59.1609
53.9094
27.4914
11.6863
-12.5555
-44.5492
57.8758
-50.0187
47.3242
63.0492
60.5250
57.9969
35.1828
57.4066
-9.8875
-43.0055
-45.7938
-36.9094
63.4359
59.6633
59.9586
46.4406
24.3387
-10.6172
-46.8625
3.9377
57.6477
61.2156
59.7320
56.4961
59.5812
60.2516
57.2148
58.6078
24.6195
61.8766
53.7516
-65.0941
47.7016
49.9305
1.0375
10.3875
18.3883
12.9835
-57.6258
-13.1750
-26.3980
-13.2552
3.3133
8.1797
-46.3834
11.3728
14.5115
3.2123
-36.1133
21.5851
27.0117
-13.8055
31.2086
-2.7062
-43.3586
-18.8313
-27.2422
-39.0094
62.7461
63.6500
62.0346
58.7336
59.9773
60.5469
14.6094
6.9883
20.2043
-12.4779
-47.0042
27.6961
6.7344
-63.3711
59.1469
56.2133
63.8234
58.5211
55.6945
58.2598
17.1949
-12.6020
-14.2023
6.5989
19.4262
8.1773
25.4703
9.4773
47.2258
26.7707
-7.2801
56.6836
55.3914
4.0816
-26.7074
17.0703
30.1734
11.6314
52.8805
8.1383
51.1711
57.0242
33.4297
55.6664
-63.2469
-7.2473
-34.4746
-1.4125
52.9570
62.6055
62.4992
-11.2875
-9.2395
6.2293
4.4660
50.2578
54.8469
60.0883
58.5965
61.7346
-56.9801
-11.2102
8.9945
3.5254
-46.6294
-23.0695
-52.3000
17.3738
0.2156
-25.8078
-4.3314
-1.8566
11.8063
4.0531
-45.4340
43.6025
-20.2141
-10.5367
-49.4758
-1.6539
-44.9180
-33.7156
-29.8352
-5.0946
-61.1820
-3.4457
57.7500
52.3406
59.8727
16.0879
25.0234
62.6805
59.6758
61.9172
63.0297
62.1852
61.5875
62.8320
19.3820
44.9555
24.4320
14.7536
15.8986
-56.9141
57.0641
62.9789
64.0508
54.5465
8.8627
-6.8988
-5.8143
9.4863
-60.2664
62.0281
57.0039
65.8594
56.9102
43.0242
-57.9855
-8.4828
-6.8100
17.9605
-34.7148
-51.3469
42.5797
-17.0742
48.0664
7.5250
-52.9504
51.1383
54.8555
21.6832
0.5867
30.9469
5.3734
-4.0789
-23.9512
0.6503
-3.9602
54.6836
61.5281
50.0195
-43.4596
21.7424
-57.1559
-0.2937
15.1430
-14.6906
19.9234
57.7242
57.8984
42.3824
14.1311
3.7465
23.9148
19.1520
2.5234
4.8391
61.4062
62.2242
62.0266
58.3520
-24.4500
41.5125
57.1930
39.1580
22.4969
-54.5602
61.1297
4.2969
17.7156
35.6523
-4.4089
-12.9699
14.2727
53.8312
63.7203
11.4492
9.5312
62.9617
45.0398
10.7672
-10.9055
49.0547
58.3438
63.5422
58.5117
58.3570
57.5219
58.2531
59.4641
60.2172
59.5969
-0.8662
49.8414
58.4219
60.8445
53.9656
59.3594
58.1922
58.9516
58.2895
15.9531
14.5047
31.8023
28.7070
33.0881
-10.1117
-44.0034
6.3414
20.1125
11.9344
60.1016
43.3238
36.7402
-63.2836
1.9660
0.0875
62.5297
65.8320
55.3145
25.1573
-33.9910
28.7148
13.1984
-60.2930
-5.1465
-44.1850
19.6328
15.6645
20.7875
-9.7807
55.6711
20.0047
58.3367
63.0953
45.3492
44.0281
60.4000
25.6156
63.5375
35.7313
57.8977
39.2391
-4.0336
-63.8914
59.7000
38.7164
58.3961
54.9078
58.5484
57.7758
64.4125
43.2912
60.6328
43.5687
-4.4688
2.2680
53.1961
54.8086
52.8187
13.2227
4.6535
-61.7133
-15.7532
29.7730
27.6539
54.8902
46.7547
66.9688
61.9586
57.1664
23.6949
15.1859
-10.6675
-61.7766
-27.3078
-57.8008
-10.1528
36.6859
60.0828
61.5461
49.3766
61.0523
56.4047
47.4680
42.2922
7.5027
57.6562
64.4062
58.4859
54.3281
58.7109
51.3430
56.6328
43.7391
-9.0246
30.6164
-7.5482
24.3711
-5.0704
-29.2133
-18.5772
9.5477
45.8141
3.3192
-39.8707
16.4385
-28.0141
40.0172
52.5859
62.3047
14.5731
24.1277
3.6262
-19.5422
53.7547
61.0273
51.9383
60.1891
43.4461
61.3977
7.5227
15.5805
-54.1641
-10.5695
-41.5566
5.0281
32.9719
60.1375
62.5008
61.3695
61.0594
51.4805
41.6031
67.2448
52.0922
34.6566
18.4469
25.7142
-43.9461
-21.8925
56.7227
59.6680
60.4016
-40.9008
13.2302
10.1395
-21.8172
13.0564
3.4984
8.6219
53.0180
59.5148
59.8625
63.3633
62.3344
62.3977
61.5773
60.1477
52.1266
-56.0039
53.2773
37.6715
-35.0773
49.6977
34.4594
53.0695
61.6086
52.9047
62.9953
29.4697
-37.3117
-21.9607
-25.0141
15.9414
18.9742
43.1969
61.0531
8.5367
5.3918
59.1164
41.4410
14.5277
54.7914
59.0500
59.3516
63.6641
66.3172
-43.1863
23.1477
42.4453
-52.6375
10.1582
10.1625
57.2758
41.9719
-59.4375
-22.4031
-56.4148
-9.7055
24.8883
-22.3852
52.3180
-9.3504
3.4236
-61.9180
3.0711
-8.9430
9.2154
11.8801
-10.4742
32.9148
60.4500
64.0484
60.7188
60.8969
63.0594
62.5656
57.2953
58.5117
56.4492
57.8406
65.2789
53.1266
60.9797
51.9711
48.0633
61.3625
58.7703
61.8992
62.9797
60.8023
32.6801
-13.7758
-8.6109
-17.5844
10.5695
54.6781
13.1367
-25.9133
-2.9139
0.8695
55.6040
-50.1375
22.1419
-45.8078
-18.0080
-23.8027
51.8492
56.0211
-54.9352
-55.4739
54.8500
-22.8039
-26.0945
-27.8975
6.7406
-63.4857
5.2922
-7.6773
45.5180
63.4324
16.4336
51.2320
-6.1781
-27.8718
-50.8305
18.8164
62.9727
57.0711
47.3187
-2.0867
6.6780
5.4062
42.8812
7.3194
-7.1672
-49.6859
1.9117
11.8262
