8.8673 36.2594 64.8420 90.3323 124.1649 164.0628 205.7084 249.2980 286.3623 322.4228
51.7978 103.9724 163.2653 216.4043 255.9870 298.1562 327.8860 350.4555 384.8435 403.8398
13.9066 29.0560 42.5011 56.2076 70.3068 83.4898 100.2963 112.7510 124.2425 137.8314
13.4298 27.4422 40.1818 53.3882 67.5466 85.0821 109.5181 136.5902 167.2193 198.5443
24.1660 47.5631 70.8575 98.4054 126.0956 152.2413 179.1605 200.9381 221.6685 239.7307
28.8850 67.1391 105.5822 140.0517 178.3302 218.8673 254.6927 287.8514 316.7952 354.6590
26.8214 53.0432 75.8432 100.5406 127.3688 150.8873 176.3493 202.9676 230.7748 259.4069
40.8798 80.2539 110.7986 153.3542 190.4421 217.3766 250.9564 283.8873 322.3357 361.4455
25.9499 52.5950 77.8667 104.7031 131.3746 152.7082 170.1607 183.2741 192.3078 198.7525
21.8493 46.5432 57.4249 76.4933 93.6385 126.0085 154.9967 188.5588 216.7948 249.0953
20.0547 37.1745 62.6052 89.7007 121.6093 150.0832 182.2287 209.4733 236.4471 255.6739
38.6945 74.9309 116.8928 174.7189 229.9416 265.9639 291.4320 326.9894 362.0831 404.0821
17.3943 31.8676 44.2390 61.2236 88.0779 117.7041 144.4099 167.6033 196.8047 228.5437
92.7496 145.3682 194.6170 276.3733 329.1434 401.7278 454.9165 520.6134 592.5176 668.1028
26.6305 50.1124 73.5603 92.9451 115.4265 143.3852 178.5770 216.7712 261.0921 312.0402
45.8770 92.7419 138.2270 181.2910 226.4789 273.4296 316.8259 361.8890 399.0833 436.4665
39.1284 77.4013 121.7587 166.0651 206.0789 247.8131 286.1258 319.7727 349.2289 382.5116
34.7442 68.2772 103.5741 136.8181 168.7646 206.4075 244.6984 285.0355 330.7230 373.7036
51.5885 115.0408 175.7213 232.5033 283.6410 329.6880 371.7010 393.1436 418.1533 435.5515
21.9967 41.6416 63.6577 80.4000 98.9632 117.7334 136.9446 155.4970 182.5048 200.5205
16.1754 33.1718 48.9951 63.3844 81.7516 103.0565 126.7525 155.2892 181.3394 209.0632
23.5855 48.1278 73.0459 102.7383 131.4255 152.9811 170.3636 184.6611 198.6827 211.8462
16.9361 37.1902 59.6807 75.5745 92.8891 116.1186 132.9274 159.5296 188.3016 222.4403
30.1006 55.8514 85.4048 112.0346 137.3945 167.5967 189.2321 204.8848 218.8588 231.7543
9.5300 18.4545 27.1112 35.4114 45.6114 64.5360 85.7919 114.3165 144.4997 176.1069
30.4403 60.8100 91.6814 126.0894 159.5544 184.9238 203.9472 222.4241 237.9855 250.1071
10.5742 21.6247 31.3676 41.7919 51.2352 62.3852 75.1762 87.1739 100.7975 113.6479
11.9210 25.4401 39.7069 55.3377 69.4646 83.7064 99.3285 120.0253 139.4857 157.9653
21.1668 42.9670 63.0133 83.4605 102.6963 125.0636 144.7233 163.9641 182.3457 197.6077
17.9215 35.4629 52.3961 68.3899 85.8639 101.1757 114.4431 127.8137 140.5260 154.3096
11.0443 22.2465 33.6398 49.5930 65.5280 79.6312 91.0937 100.9217 110.1569 116.6142
27.8516 89.6984 135.6947 173.8466 209.8054 258.4326 294.1521 335.8025 364.6198 412.3382
12.0878 24.4390 38.0585 46.9288 58.1017 71.3042 83.7647 100.7021 119.6978 136.2680
13.7898 28.8664 43.5488 59.1714 77.6892 97.8155 124.2147 151.9567 177.6567 204.2240
30.4112 57.6430 88.3102 119.2296 146.0528 172.0726 199.5368 223.7935 248.2404 271.9329
22.1554 42.7883 65.9673 89.4417 111.0024 134.3011 153.3882 172.1423 190.1214 209.4954
22.7378 48.3924 66.4815 86.0494 118.8520 137.8379 158.6477 175.5546 188.3109 203.1750
16.5609 33.7843 51.4381 70.5113 92.7279 108.9113 121.4248 145.1126 164.8738 183.8592
16.2315 31.8832 46.6225 63.3106 78.3257 95.6700 108.2047 124.3598 139.8156 156.9573
30.5713 61.2914 82.2368 113.6348 149.5663 195.8033 233.6055 283.4943 332.5033 390.5246
88.3228 158.2112 241.6592 348.3659 425.8639 535.6401 616.8234 698.4822 826.0353 962.8704
123.8719 423.4538 584.3346 710.9973 868.8551 1044.2956 1224.3350 1381.6014 1521.8233 1600.5556
128.3531 230.8191 373.3270 555.6543 654.6414 725.5579 837.0455 898.3524 1027.8347 1132.8415
79.3376 147.0066 222.3596 304.3381 357.1228 447.2617 521.4887 600.3548 724.3901 794.1490
136.6976 245.7910 381.5787 518.5692 718.8016 841.3006 947.3106 1056.2250 1146.3223 1253.9869
134.8228 284.9057 441.2709 578.2785 763.7970 914.0524 1045.7745 1129.4674 1292.1025 1419.8538
119.5435 257.0028 317.6204 401.3650 539.1566 647.7362 793.5985 931.1070 1024.9164 1126.8286
104.1986 233.0757 350.2917 477.5007 607.9010 706.8289 828.6637 965.6975 1080.5651 1237.2829
85.3663 169.4349 249.2057 353.9862 449.4133 514.8849 587.2371 637.9958 723.8268 826.8732
81.2727 163.4531 286.8804 335.9862 427.7209 497.1301 593.6929 714.9593 805.3291 876.0208
61.5744 109.8651 137.2049 181.3694 249.4681 330.1023 405.4712 453.2893 514.0499 581.6992
41.4980 145.4049 257.6066 360.1535 486.9446 600.1848 700.4581 788.1939 910.6644 1016.8841
45.3008 92.0219 165.1343 221.8681 270.1078 309.9964 380.6133 444.4648 515.8285 560.0256
35.5512 76.7572 115.2547 154.0616 199.2903 228.9635 293.2991 323.2469 345.7312 372.0919
15.3130 34.5084 55.7376 73.6466 90.5983 104.1659 120.7501 133.9791 157.0486 173.5095
21.3174 35.6111 53.9262 87.1741 126.3050 143.0519 179.0458 212.5684 240.1758 289.6337
49.6881 88.7298 121.9428 151.2688 178.8141 213.3917 232.3214 286.8357 344.7906 390.1660
37.0899 72.9926 109.6768 163.2435 215.5547 257.2230 298.2744 344.5616 379.6181 404.0390
37.9331 104.1691 156.4547 183.2224 240.3493 303.6728 390.9772 473.6969 557.5099 639.6778
69.8999 201.1781 307.2330 380.8796 466.4775 538.5463 658.8220 730.5784 808.2008 842.4893
43.8176 71.6849 119.0195 174.6840 228.6555 272.1275 302.5676 331.9687 352.5603 388.3962
48.9917 80.4636 120.9403 165.0303 199.1427 226.7496 287.9722 334.5888 419.1906 496.4837
39.2906 100.5341 152.8629 203.4775 246.2927 297.3808 340.3331 382.4870 427.2825 469.6124
42.6753 97.6558 170.9821 208.5840 265.1215 332.1865 359.8506 407.9095 443.4760 477.9568
14.5950 29.1607 43.1780 57.4169 72.0796 89.8764 108.6849 127.0279 145.9172 167.1280
17.4290 36.2918 52.4013 68.1345 85.8974 115.7006 151.5341 188.7127 230.0312 270.9321
42.0668 85.2511 125.9820 170.6881 217.6259 251.5509 284.8315 314.2367 341.4130 365.5601
30.6111 54.7326 81.5975 112.4995 138.4453 161.3865 182.0319 198.0414 210.9854 222.3109
11.2030 19.1944 29.7164 51.3954 66.9326 81.6248 98.4056 118.2301 135.1168 156.5230
32.6233 58.4531 91.2048 121.3156 156.7155 183.2887 214.1969 255.6613 294.6212 327.5104
43.7222 72.2831 109.1141 148.2148 183.4148 217.1582 247.3729 275.1461 314.2888 358.3471
64.2751 113.1374 143.5898 205.2706 255.6396 290.3137 362.8635 423.0444 481.1775 505.4430
20.2137 43.9433 70.4908 91.0536 107.3128 126.3304 149.5388 169.7479 200.0573 228.3985
22.7975 45.9307 70.5812 95.6198 121.7029 145.4596 168.2695 187.1801 206.4223 225.5660
25.6190 50.1732 75.0437 98.1196 126.5658 146.3574 160.4368 182.1835 198.8078 217.8305
17.6859 47.9695 68.5600 90.6505 107.4729 123.1925 141.2833 156.6848 172.9004 186.3457
11.1910 22.4096 33.7543 45.5945 60.3224 76.0901 90.8295 107.0178 123.0559 139.7032
21.2708 45.0704 67.1051 85.7124 118.6672 155.5069 195.7637 244.0932 292.4018 340.0567
39.6853 79.5560 117.3197 156.8935 190.2078 216.0854 236.1576 249.6720 267.1400 279.3661
14.8152 28.2846 41.3965 56.9193 75.5326 89.1858 102.7872 113.3401 124.9305 134.1761
9.3882 18.3285 28.0374 38.6586 45.7531 54.1747 63.3366 70.1576 75.9808 83.0567
12.4378 24.0564 33.9282 44.9959 61.4846 84.2830 101.3877 119.8874 138.0747 160.1203
14.7810 30.1369 49.0090 68.9246 93.3500 119.0155 139.7067 160.1100 178.3490 197.8481
47.8289 96.2579 141.6536 178.0451 224.5529 274.9567 328.6139 366.7034 404.0405 434.5391
52.4806 116.3018 165.5828 242.5427 278.9850 328.1608 379.9225 438.9450 485.4143 533.3528
54.6701 109.7820 157.7671 196.3135 232.6729 290.4585 325.3635 371.7937 433.6117 526.0743
17.2138 31.7284 45.1471 60.7474 75.2854 87.5275 97.6069 107.4247 115.5132 123.5656
15.2923 22.7842 31.8863 49.3191 64.3110 80.0921 92.0728 104.9883 122.0777 137.7614
32.8829 56.8479 80.7739 110.5590 148.2918 174.2931 192.2252 239.4888 257.1065 296.7792
27.0605 46.7021 58.4349 85.2519 102.6107 126.0649 147.5897 174.8728 193.5656 211.9054
7.7365 19.1732 26.0885 41.7508 60.2261 74.8038 87.8316 101.4935 113.4541 128.8397
40.4597 76.2841 108.9966 147.2007 184.5184 235.5260 287.6231 345.8196 408.8965 466.2701
41.6173 82.7383 123.6065 168.3330 215.8743 254.0360 290.3397 322.5114 351.9943 385.5856
35.4675 66.0440 95.3053 130.3553 171.2200 222.5752 276.7727 333.3230 396.1357 458.1180
154.0902 245.6042 364.9201 464.0949 577.0515 668.0535 755.5295 902.1588 996.4962 1088.8221
45.5049 81.4830 114.6302 157.9247 200.2564 244.4528 283.9180 336.3013 375.8128 430.4612
86.5691 161.5842 232.3171 296.4115 360.7714 420.3430 496.6398 555.9920 629.0653 713.5463
73.9333 133.0423 194.7517 269.4070 336.2832 406.9101 495.5234 548.7672 626.0079 685.0225
75.5071 136.7123 188.2676 248.7133 324.0120 391.0102 471.8102 558.3253 629.9711 708.1562
73.8862 184.5014 276.1928 410.7651 519.1331 632.7019 722.4231 815.8071 885.2928 994.7739
68.3315 131.1423 184.6524 245.5876 293.9876 332.6661 374.0587 420.2312 454.7464 485.2227
13.4919 25.0627 35.3075 46.1212 59.6251 72.8778 84.8159 98.5358 111.9054 128.6815
19.2107 34.4589 53.0374 74.3546 104.1070 145.5259 187.4303 235.9786 289.8974 348.4992
80.2420 191.7707 273.8113 359.5008 488.5515 589.2284 704.9945 801.0616 893.5055 975.8456
115.1671 288.0992 345.5103 443.8858 610.2379 722.5575 807.5900 881.1464 1074.8936 1265.9800
184.2314 318.9998 389.1268 482.5659 593.5670 713.5784 855.5049 959.4833 1026.2078 1144.7641
161.8859 253.0536 358.0447 497.9977 654.0368 796.8204 920.8959 1113.6713 1307.4454 1403.1589
93.8610 169.8123 293.1774 410.3048 504.9177 637.2550 728.5324 826.1085 965.4253 1083.1066
84.7956 177.1159 240.5218 310.4713 364.4925 401.4065 442.6725 467.9343 495.1076 533.2404
12.3976 25.5200 37.0939 45.8883 57.2839 84.3281 120.7420 165.8779 213.7194 260.8697
44.0922 89.3489 135.9181 185.7516 244.0809 302.0619 352.1919 394.6765 436.0765 478.0801
53.8417 122.2929 192.6378 260.7809 347.7213 415.9836 468.8354 524.8827 593.5646 631.2705
37.8217 89.7683 110.8209 139.3525 192.4098 235.9639 288.9418 319.8331 370.9663 431.4106
33.2936 66.1152 99.2464 136.9049 178.5687 223.4451 273.7216 326.2866 381.5554 432.0393
49.8934 161.0217 254.2619 352.2334 448.7751 529.3531 620.7259 718.0546 798.3733 908.2154
78.8548 189.2248 277.1979 388.3152 461.7403 511.8098 565.9129 629.8533 706.9000 748.1912
38.8048 85.2508 168.3777 205.6186 256.3651 298.4143 330.5547 386.8484 482.5598 533.6292
41.6342 66.9372 104.8148 138.4463 196.3914 260.8705 313.7465 377.5522 448.9382 519.0229
106.7148 199.6539 305.5156 376.3995 464.8155 530.2985 618.3221 678.5171 762.7692 819.6498
85.2809 208.7440 328.1082 466.8775 579.5786 664.3227 852.9943 980.2658 1095.7057 1223.3299
104.3557 255.0126 418.6957 532.4577 660.0745 832.6149 962.0954 1071.7381 1175.9437 1244.3230
59.4276 108.0774 165.1422 240.0002 276.2729 323.6436 355.7823 411.3307 440.4507 481.1089
7.0310 12.4637 17.5781 25.0557 37.3689 51.1317 67.4114 81.2003 96.6875 115.2866
29.2071 57.4911 97.5665 138.4601 180.1232 233.1333 290.9875 361.3082 433.5256 520.4718
104.3432 187.3686 254.7470 404.8613 518.9137 611.5472 712.3260 783.5168 841.1841 908.1245
38.7770 83.2347 133.8056 184.4313 246.1574 303.7830 358.8339 431.5924 488.4338 585.3565
100.7961 267.4199 417.1079 553.1110 704.9566 811.5774 928.4559 1108.5138 1188.7011 1270.9128
152.3518 267.3339 396.1588 564.3589 785.6067 906.7183 991.1932 1138.7753 1291.2748 1511.2249
197.0081 304.6010 444.9853 583.9585 793.9752 973.4477 1097.3810 1202.3067 1379.8836 1485.8017
102.0573 215.1074 303.5626 402.1043 510.8250 572.0920 671.0816 752.6502 797.8233 876.2699
13.1455 25.5236 37.3312 48.6649 61.7388 81.0731 103.0720 132.8963 161.9868 195.9400
28.5080 54.5161 80.3962 110.0608 136.1457 159.9802 183.6689 206.9450 226.2565 244.7627
21.9050 40.2605 61.2707 86.6559 118.3311 143.1987 164.9885 185.0429 206.1440 227.3709
75.8913 149.3149 233.7140 310.4687 378.5082 451.0458 525.0690 590.7135 663.0298 716.2571
50.0466 128.6723 180.7380 247.5640 278.2944 319.5010 373.1263 411.2652 509.8166 572.1384
31.8885 72.7561 98.7170 128.5615 171.9224 197.7508 238.3970 282.6565 313.1198 346.2580
25.1697 53.7106 83.0433 115.0011 146.0530 174.1660 218.9977 238.9129 266.5097 303.3675
28.3153 77.1469 109.4772 124.5144 156.2917 180.5303 231.8907 285.8325 357.0820 410.3403
24.7269 49.6891 79.7658 113.0109 140.1981 166.7602 193.8492 220.3057 237.6392 265.0795
16.6441 35.1761 51.2012 64.4274 74.9216 91.6575 116.0782 151.6832 185.9543 217.8715
35.5557 65.8203 100.9178 133.1277 165.7201 190.7551 217.2821 240.0402 256.4601 274.5509
33.8588 71.5713 106.6282 127.5270 150.1060 176.7323 207.6241 253.3877 298.9181 337.1700
24.9590 55.4474 84.4179 114.0576 139.7732 161.8196 180.2616 195.5220 210.9055 229.3244
29.4420 52.7966 74.3878 96.5344 120.7667 139.3715 163.9376 186.9008 206.2531 228.5193
22.3191 44.3541 63.0831 80.8577 98.6165 110.3291 124.8900 141.3293 158.5526 171.5779
7.3502 12.8385 18.5342 26.7404 34.4264 42.7846 53.9449 65.3524 79.2726 92.5498
15.7200 31.0432 53.2031 68.8380 83.6979 98.3686 113.5933 127.3985 137.7925 148.9044
9.9375 19.8159 29.9712 40.5278 52.2687 66.0450 79.5807 97.0782 112.5814 128.5476
20.8023 48.6692 84.7578 114.8074 145.5123 177.5529 206.2417 227.2590 253.8919 272.4472
19.5781 40.1189 56.9712 75.5072 91.0238 106.4850 121.6038 134.9608 149.2845 160.3192
11.5956 19.5432 31.2906 47.9015 73.2605 95.5000 112.7504 131.7041 150.5261 169.6434
64.1511 140.3521 239.1571 290.9538 343.4106 416.3466 492.5844 567.2361 607.8189 713.8645
56.0227 114.6403 188.6093 249.6754 309.2149 361.5923 406.7336 427.5621 464.0228 532.3258
19.5273 41.3685 57.8068 92.3820 124.2258 145.0383 180.9947 207.4303 227.8049 255.7211
28.7878 63.5637 96.9949 137.1615 163.5390 189.4635 212.4241 246.1030 293.7508 328.1954
18.2856 42.2771 69.6745 92.5138 111.3649 132.3244 150.0393 167.7400 187.6569 205.0936
16.7239 33.2784 45.9594 59.2284 78.1582 94.7638 108.8251 123.5241 138.3181 153.1597
12.3415 25.4713 38.3691 48.6235 59.4198 80.0793 106.5233 142.9747 182.8351 226.6497
44.7794 85.6011 124.0584 166.3604 208.3892 252.4382 299.4881 345.1934 390.1131 442.6744
52.5832 102.0580 153.9761 206.1487 254.7803 298.1297 337.5243 377.1788 415.9267 452.5030
41.3616 79.3253 119.2060 157.0689 193.4037 231.7102 277.6117 318.8619 365.6220 409.9698
46.8894 92.7183 140.3227 188.3578 234.6332 275.6967 321.7403 360.2270 394.3651 428.8666
32.8936 64.3867 95.4772 127.7840 161.9722 200.6482 246.9433 293.0990 340.6237 385.7052
55.8265 114.4765 174.4419 234.8359 297.9810 351.7265 408.6719 463.3193 525.3031 582.6549
58.6287 129.2704 196.5945 272.4015 334.1020 384.9367 440.4244 512.4744 572.2265 630.9554
63.1397 114.8012 160.4462 209.7974 264.4836 319.5470 369.2512 420.7807 476.2620 531.6880
46.9584 96.4519 148.0480 202.4698 262.3330 323.7661 382.0075 438.5458 492.6795 549.5312
122.6864 205.8630 311.4314 383.1213 473.7311 569.9704 684.8938 769.9352 859.8408 957.8156
61.7495 117.2421 182.2445 248.9307 314.6988 378.1020 442.5474 510.9833 585.3316 654.7289
105.9962 204.6657 309.5965 396.7204 481.2404 557.3223 630.2915 703.8399 790.3464 894.3702
39.4217 78.1916 118.1477 159.6356 200.5436 244.5388 292.6074 340.6610 386.7809 428.5942
61.2067 120.0111 176.2867 259.0066 327.1459 403.3758 471.6238 531.9423 598.9306 685.6725
132.8341 237.7476 314.1172 399.7187 501.6217 552.8386 627.5381 724.2263 795.2432 861.5318
43.5865 85.7570 129.0564 169.3345 207.2386 242.6129 276.6509 307.0704 339.4364 371.6013
28.2976 56.2255 88.8007 116.2092 144.0643 167.6458 191.3537 212.4610 228.8505 238.7659
6.8673 14.1120 20.2072 25.1599 31.2226 44.7981 65.6556 89.4554 121.5105 160.4801
37.9788 76.2089 113.6292 150.0436 184.3585 227.1272 272.2054 320.0165 369.8802 416.0405
81.1397 143.3541 209.0360 268.9063 328.3001 371.6474 418.3315 454.3106 501.0171 523.8329
9.9011 20.2504 30.9440 44.2379 62.5589 86.0737 113.4266 147.7703 182.2568 221.8960
61.5716 114.4822 164.2366 209.9038 267.1575 305.0157 339.8823 377.0447 413.1770 452.4676
33.1279 70.2968 115.3327 163.1432 225.9797 307.8004 382.7860 455.4116 552.0365 635.8664
83.2176 171.5323 244.2213 318.2212 390.4037 500.6213 607.9901 685.6459 772.7463 866.5664
155.2938 260.9235 390.1002 487.6649 582.5369 712.4845 828.2620 954.9027 1094.8634 1210.8280
67.9939 131.8566 213.3514 298.7230 382.1908 472.3150 554.2670 658.3913 742.5251 837.6392
207.1635 379.9713 536.1335 742.5686 899.3908 1053.4968 1234.1747 1346.5803 1472.8073 1587.4172
66.1785 124.8505 179.1416 246.2500 314.9351 384.5286 448.6418 509.0671 569.0718 627.5067
65.9092 135.1601 207.6337 270.0089 349.6962 417.4625 483.5174 547.2020 618.4876 697.8590
83.3768 173.9686 256.2019 330.2494 419.4772 487.9495 565.3154 658.5135 730.1775 809.3701
77.9816 152.9357 229.6346 322.1675 388.2120 466.4749 542.4879 629.4163 722.5526 812.8513
100.6076 196.7955 294.8522 378.9601 477.0274 562.2361 654.1608 752.3444 857.3398 975.7940
89.6337 184.0638 250.2917 337.7955 434.4655 526.3592 600.0306 686.3453 763.0560 835.7905
59.3700 121.5513 187.2944 250.8651 318.2564 384.1966 449.5704 516.9955 582.5690 647.9913
138.0507 252.9334 367.8243 447.7481 539.7069 602.9270 681.7061 775.8278 819.1894 902.2470
42.4082 85.1603 131.6497 186.5675 240.3878 299.5829 358.5644 420.1140 482.3897 543.5644
94.1247 172.9000 313.2991 400.6240 501.9297 586.6368 662.8762 751.2990 863.0855 964.5970
43.7174 85.5734 130.5259 170.7496 217.4493 271.9160 322.5941 374.1850 428.8412 484.0006
53.0474 117.9317 179.0108 239.4396 300.4574 351.3233 402.4324 449.1947 499.4822 544.6986
37.6877 74.4372 115.0087 156.7507 197.6473 235.5578 270.2074 302.3358 332.3146 360.5538
31.9865 68.4609 106.4994 138.0139 179.7503 231.7745 279.5176 341.1175 396.9752 456.7119
57.0797 120.8919 179.4586 242.9292 304.4585 359.4376 417.4797 471.4489 526.7198 579.2276
49.6093 96.5117 145.5758 193.0879 241.6903 281.3822 316.2931 345.6547 373.3431 397.6657
30.5676 57.8705 85.5785 112.3401 136.4833 158.4205 180.8553 212.5586 244.7045 279.4264
31.4985 64.3204 96.0101 128.2499 164.8898 204.5484 247.7625 291.6916 336.3508 381.8696
50.1741 98.6892 159.6908 214.7112 273.8819 320.2613 365.9785 403.1544 436.6130 473.4954
10.3129 17.7342 23.1839 31.4234 42.8296 57.1395 70.1638 83.4741 98.5979 117.9581
49.7305 88.1071 121.9613 154.8240 187.9356 231.5489 269.7890 303.8995 339.8375 374.0468
18.9110 36.4703 54.8399 75.2091 102.8234 137.2401 180.6070 227.1271 277.5082 327.6913
68.6081 144.0699 233.3646 285.3194 347.4589 406.6763 458.8833 522.1193 583.8052 650.3087
51.1586 98.6799 151.8021 206.3338 267.3775 329.1680 390.0446 450.3227 511.2758 568.2660
87.6329 159.4068 245.9672 349.7674 464.8059 548.0279 668.6467 782.2441 854.7996 920.6177
59.3414 118.6806 177.4995 237.3031 297.7039 344.9619 391.7161 427.2430 466.0793 500.1044
31.1662 70.3644 114.9406 147.6922 195.5605 250.1056 298.8226 353.4071 415.9356 477.4142
91.8394 196.5468 287.3043 384.3942 473.1904 574.2519 679.8385 752.1376 846.5688 939.7924
66.7556 147.5174 225.3148 300.7395 362.6593 417.6415 471.9414 522.0646 569.5788 628.9041
27.7836 56.7213 88.1033 111.9234 143.7095 179.7144 225.5950 272.9573 325.1333 381.2201
52.2978 121.1962 174.4263 223.1080 280.7383 331.8339 390.6306 433.3916 499.9447 549.9437
45.1596 93.7490 146.1765 199.8240 255.5627 307.4457 360.7259 412.5687 472.1009 525.6007
68.3359 121.6191 176.5912 227.0313 291.1403 349.9665 388.3988 430.1732 480.9114 523.3271
30.2043 60.2609 90.4304 121.3309 154.4540 197.1802 244.4292 289.8290 329.9844 370.1880
39.1184 82.8292 125.9353 171.1679 216.0138 246.7720 278.7499 313.2132 349.2650 385.1031
37.4988 73.2902 107.8947 142.7486 179.4602 215.2330 251.0019 283.5906 311.3598 335.0986
22.3288 44.8079 67.8064 92.3714 124.2725 163.5634 206.7785 255.4214 303.5137 355.7403
60.5658 129.1391 196.5828 273.1153 341.6151 418.2014 485.2742 551.5668 622.2653 696.2587
62.0784 112.9918 174.4618 242.9962 295.5250 344.4779 388.4818 432.7193 473.6716 511.2750
40.4546 76.9702 108.0999 148.8720 196.7788 241.9336 283.1930 321.9959 357.6132 385.5919
65.2462 128.9680 215.9734 259.6193 318.3091 355.8684 458.7961 500.2780 566.0020 647.3270
48.5923 100.0153 126.7980 183.1192 228.0325 246.6994 275.5745 318.0078 348.2736 383.0196
65.9431 110.0171 156.7829 179.1038 199.4645 256.6680 315.0696 347.7972 421.1424 505.3221
36.2370 82.4241 113.2987 151.6060 182.7065 219.6930 260.6984 304.2649 370.6351 439.7667
50.2999 99.5204 144.7145 188.9461 235.9225 269.3676 296.7219 320.0424 338.7630 355.5360
15.8754 30.9221 47.8503 67.8429 92.3111 124.1429 159.3718 196.4723 237.3342 283.0032
75.0726 146.2944 240.0949 313.2994 374.2750 432.4584 510.1019 579.4367 676.8763 744.9711
55.6058 105.2295 148.4087 200.0608 253.4507 309.3253 363.7709 417.0494 474.0730 534.6943
67.6782 126.5794 189.3080 250.5050 315.4777 382.2265 458.3543 515.4587 574.6921 634.2903
59.1686 134.6489 222.8143 277.4829 360.1666 424.9757 479.7149 533.6605 580.6646 640.3892
37.6893 68.1596 101.9402 133.4686 169.0297 199.6965 238.7819 273.1972 308.7408 344.2954
26.0924 53.6338 80.0593 110.1388 139.9059 180.5754 228.6331 279.4764 335.9691 392.8530
93.3866 176.2992 236.9582 300.7391 375.2189 471.7368 539.7205 615.6844 690.0622 739.6155
32.8597 75.5551 115.9536 154.9920 190.9737 232.7568 271.9707 306.7897 340.4250 375.1333
38.8042 77.9572 117.3071 155.2885 194.6036 233.3184 268.9590 304.1187 333.9615 365.3427
20.2796 42.2092 63.1952 85.9640 107.9628 130.9004 151.8761 173.9094 195.0705 216.5080
21.6329 42.5910 63.2432 86.3988 111.5269 131.2971 150.1554 170.9184 188.5641 207.1064
16.9114 41.4056 66.1275 103.4827 133.8376 172.7731 204.7292 231.6473 257.4862 285.9273
40.2278 75.1376 117.0427 198.0034 223.8217 256.5313 296.1590 359.2909 405.7303 452.6047
52.7011 87.7525 121.4079 152.6670 192.8633 245.0188 294.5291 343.0062 387.5064 432.3249
66.3903 140.0491 198.8949 297.9020 367.0250 433.4996 535.0065 618.8245 714.2081 790.4577
37.5201 72.9880 106.4667 142.2618 173.9762 203.5968 225.3765 242.1388 255.6142 266.3523
11.1145 21.0708 33.6011 46.3107 60.7759 75.2391 93.5604 111.1127 135.0207 159.4113
43.3574 81.6272 116.1692 166.8769 221.2117 292.0692 358.8029 415.6215 476.2701 552.2064
60.9348 120.7051 173.3497 246.6509 313.2228 382.9262 454.4443 535.5687 609.8288 681.8634
112.6468 244.8701 350.5926 497.3839 588.9875 721.8458 848.3747 931.3026 1046.9436 1151.1688
49.3007 103.6788 144.4543 192.8897 243.0222 307.8264 367.5597 424.0642 483.9048 543.8935
65.5371 140.0055 219.7798 307.0708 387.8249 455.3213 531.6140 606.5710 690.0117 771.0834
97.4345 166.3206 227.4261 290.3608 374.1532 440.4431 521.8337 595.6393 666.5435 739.1294
80.0378 138.5653 205.1792 272.2124 338.8287 410.0060 486.0529 557.4271 625.0331 692.2008
66.1597 136.7443 200.4212 270.5324 343.5702 410.6143 486.2231 564.2134 653.3040 734.0167
98.3704 273.8589 385.8477 460.0379 533.8824 662.4146 759.1414 842.4861 937.4571 1075.9609
68.4458 136.0819 201.8753 269.1295 326.2005 382.4222 438.8118 485.0714 534.5984 590.9128
52.7789 117.0392 177.1492 238.3405 307.9536 392.1397 479.3137 548.6178 618.2494 693.0256
94.7773 214.4299 323.6632 425.2152 514.3137 613.9659 735.8623 810.8348 904.1320 962.4944
80.5471 135.1014 198.0984 267.9846 321.0812 374.5206 445.3151 491.9630 524.5252 573.1707
35.9732 76.5553 113.0176 148.7899 183.3070 217.9106 251.2995 283.6270 314.2715 345.9428
37.6758 66.6327 93.1912 124.6209 162.6083 210.6301 258.8016 314.8104 375.9425 440.0727
90.0721 167.1168 238.6976 316.7333 379.9109 436.3784 520.2704 582.1199 641.1644 688.4357
17.2678 33.4094 49.9928 68.2779 86.0827 109.2565 136.6115 165.8159 198.0965 232.6132
50.2013 101.8302 156.7281 205.4590 259.0221 305.6064 352.9914 408.9940 470.5603 529.9841
67.0327 133.6945 183.8812 234.6466 293.3298 336.8442 383.2958 431.9027 483.1849 531.4622
61.8061 115.0078 165.2255 202.9212 261.7961 310.2928 350.2489 400.3675 454.7306 469.5587
61.1822 115.6343 157.3015 193.6323 273.8133 331.4151 393.1405 461.8263 545.5034 665.1142
51.9492 107.9728 160.5068 210.2691 261.3164 301.1019 334.7147 354.5748 375.8981 398.0494
12.8460 25.1836 37.3413 49.7246 62.2536 74.7187 87.1702 100.0858 111.7865 122.7235
11.9037 23.9281 37.8936 51.9704 66.2723 80.9287 98.1122 116.5229 136.8890 158.6763
23.6075 48.8381 78.5755 103.9060 133.2862 156.7622 180.1267 204.4331 218.2272 233.7199
6.0296 11.5759 18.2110 25.0087 31.1635 37.1321 42.9374 48.4512 53.7624 58.9265
12.0433 20.0817 26.2301 35.2077 44.4574 60.7980 69.1043 83.0653 99.5006 111.7370
10.6615 22.1117 32.1091 41.2459 60.6314 82.7748 108.5754 131.2222 161.0972 197.9862
73.8854 123.2687 201.2853 261.3467 319.2022 361.3962 436.6666 486.7451 552.1741 600.1334
13.8286 25.5474 35.3573 45.8110 56.4547 73.3924 92.2308 113.1768 135.7009 161.1475
27.7906 53.4324 81.7500 108.8023 134.2113 160.7251 192.7630 223.9005 261.3333 299.8167
42.6182 89.8418 139.3978 191.1993 236.6038 283.1702 326.6983 365.5542 408.5276 452.5784
36.2840 74.4040 113.1470 154.5885 197.1560 247.2332 298.0627 352.0952 406.4799 458.1729
79.3238 164.2624 240.8645 333.5254 403.8799 479.3020 558.4646 639.6048 719.8147 808.9483
101.1992 213.7848 333.7405 427.1294 500.2278 579.3107 673.5560 739.2859 806.2576 828.5845
13.0943 24.6551 35.9701 46.5890 56.7417 67.1226 77.4625 88.4746 101.8714 116.4078
14.5285 29.0195 43.6004 58.6380 75.7525 92.2599 107.1338 122.7066 135.3116 146.7409
15.0105 28.9404 46.3374 58.7259 73.6878 88.6598 106.5196 131.4958 157.4598 189.8447
31.9220 64.7251 95.8545 128.0245 158.9292 199.4755 246.6551 292.4337 336.9420 382.8598
45.7495 90.9977 133.7272 182.5469 230.0077 274.0251 312.8399 341.6187 365.6107 384.1529
13.2807 25.6377 40.2150 54.1622 69.0097 82.0127 94.4954 108.9848 127.5717 150.4374
28.0209 69.7871 95.0487 119.5721 163.9114 231.7961 306.5478 370.5927 431.9556 501.4270
55.9173 109.9143 163.7588 215.1974 265.3325 307.6719 349.0499 387.1559 420.2573 451.1969
31.4285 61.5729 93.0222 124.2040 154.0465 190.4825 232.5581 277.7410 324.3500 376.7914
51.0228 99.4014 146.0975 195.7960 244.9442 294.6516 346.2224 396.0113 442.6172 490.2131
48.7188 98.2704 144.3351 192.2564 237.1901 274.8106 310.7615 341.6403 368.3819 394.3736
23.3124 48.1284 73.9292 103.7643 132.0933 162.8120 198.8400 236.5201 281.2108 321.6728
64.7089 113.3419 161.8953 216.6091 289.1371 361.3654 433.1841 500.1325 581.5979 646.0242
64.7104 126.7327 182.3604 242.1755 297.0119 350.9099 411.0485 449.6723 489.6041 531.3713
39.0188 70.7148 110.6742 149.8841 183.6669 216.8261 252.3408 276.6068 302.8648 316.7509
14.3639 27.1943 39.6891 54.3228 74.4984 107.8958 151.1364 199.4919 261.9971 323.2684
52.0539 105.5478 157.3029 208.1473 254.9738 302.6534 349.7921 401.1310 450.5598 497.7889
54.0549 112.6654 168.8212 224.0250 280.2721 324.7376 358.8498 391.3951 416.5885 435.0250
22.8716 36.4105 56.7271 77.0496 105.2551 135.2737 166.4938 194.0646 217.0843 255.5106
78.4883 154.1538 191.0527 252.8134 284.7055 326.6456 383.2503 465.1273 497.8970 553.9601
40.3695 81.0955 123.4411 164.5545 209.8197 269.8923 332.6718 394.9114 455.7843 514.0293
54.9597 106.6466 162.1350 218.3343 261.1230 297.8877 326.6996 347.8462 372.2476 397.6877
22.4146 47.8438 73.0906 97.2100 125.2983 161.8243 207.7587 255.4566 305.5271 356.1540
49.5292 99.8961 151.7965 205.0067 270.0488 335.7499 399.5092 465.3524 527.3085 590.3500
87.8125 168.1941 245.2658 358.0547 411.9848 483.7152 560.6666 625.9330 697.3267 761.6122
38.3991 76.0922 113.8906 151.2848 189.3392 232.2167 273.7294 315.0310 356.0806 399.6626
43.5905 88.1031 132.4088 179.2257 225.0690 277.7904 326.4766 372.3530 408.9958 443.2886
38.2221 75.8811 115.3942 144.9369 178.2950 210.5923 242.1592 269.3750 289.8534 307.7075
5.1370 9.5537 15.2934 20.4924 33.0487 59.7614 97.5909 141.7342 188.8217 239.4922
47.9550 92.7188 135.7608 182.2774 225.0931 260.3913 290.5678 311.9745 327.4675 337.7001
6.1813 12.0113 17.2534 21.3276 25.6478 31.5955 41.1056 55.1472 72.2173 91.1517
21.2868 39.7741 57.5241 76.4248 100.6281 129.9802 165.3467 205.6815 249.1434 294.8058
46.6429 92.5281 141.1098 189.3664 232.5619 279.0650 332.9726 385.1005 441.8482 496.3238
55.2844 108.6370 156.5066 207.8472 259.1649 300.1202 334.5406 362.8109 387.9502 410.5269
22.4210 43.6794 65.4004 84.3681 103.0402 125.0025 149.3034 178.8687 213.4543 252.0591
35.9643 72.7152 109.1873 146.0106 194.4800 244.9223 290.9879 331.6145 368.2860 403.1192
50.1780 82.0231 127.1565 161.4103 203.9601 257.1107 326.8394 388.1934 439.6810 494.6400
77.1793 146.1277 247.7238 338.7303 440.8045 528.8188 607.0849 682.1701 727.1777 792.6172
76.4750 130.0698 195.5976 254.9744 316.5163 379.9599 444.2026 494.3128 550.0678 594.0342
57.6524 93.5809 141.1887 160.1326 203.9913 238.5082 282.0710 308.8935 347.2729 403.3551
7.9979 16.0759 23.6833 32.8388 49.6481 84.5981 128.6742 188.0201 251.6793 317.2707
60.9801 120.4126 176.6867 240.9451 306.4021 371.4741 435.2757 499.6917 568.9295 630.6835
99.4372 186.2227 298.8214 381.4443 462.2478 543.4156 639.4791 723.4016 794.2744 911.1393
79.5251 166.9391 236.7328 314.3424 404.7531 498.5979 555.5237 638.9081 709.7434 791.3195
50.3879 98.7606 148.6299 202.9194 251.6845 298.1686 346.9409 400.4030 448.2504 497.9685
47.4215 94.4961 142.9458 191.9528 239.7771 279.7897 315.6396 348.6552 382.8365 417.2436
36.7503 74.3093 111.3333 152.6977 189.6416 226.2140 264.7942 300.6015 335.0988 372.5712
44.3907 90.0701 132.9462 174.9185 225.3411 276.5269 344.1962 412.4446 480.8332 536.3819
51.4529 99.0110 152.3689 201.4909 250.3409 294.6833 332.1772 369.2267 404.8594 441.6029
33.8483 69.8904 107.1774 142.4166 177.8478 213.2650 250.7664 290.1428 330.9227 372.4509
42.2470 85.6503 129.3038 174.7785 223.8649 266.9463 308.8356 340.6725 365.1666 382.4994
13.0947 29.5416 39.9347 51.1050 70.9746 99.9590 139.2178 181.1403 233.6323 297.0053
69.8684 140.2430 205.4841 279.4984 361.8208 425.1401 500.9857 568.3341 632.1411 681.1225
30.6765 60.0828 94.1799 136.8630 187.6404 246.5245 306.4577 376.5886 450.2694 526.0848
111.9505 247.9184 383.2845 490.0393 634.5132 763.7250 857.8850 967.8645 1132.0416 1272.6424
205.2328 378.2902 481.7368 586.7905 706.8305 836.4194 967.5354 1137.0805 1268.3067 1448.0282
95.6602 231.3755 338.4673 474.9842 560.7752 662.9297 759.8144 867.8143 972.3528 1129.2552
129.2389 260.5879 427.8570 611.5921 740.1718 892.4392 1056.7743 1153.2240 1281.1005 1368.6091
70.9903 130.0188 206.9957 276.6089 336.1287 399.6553 464.3797 535.1024 593.0381 652.7507
66.6282 128.4587 193.3913 251.7753 310.2222 371.3904 423.4715 461.2723 488.1156 519.0128
29.5880 56.2242 87.3511 120.2099 154.6050 204.8425 259.6676 311.9543 382.0879 444.9781
134.7981 315.7062 388.0793 563.6769 619.6981 703.8719 799.7891 935.6045 989.7682 1115.7642
10.3683 17.4910 22.4066 29.2122 34.5141 43.0541 52.9238 65.7575 82.0467 98.6013
16.7935 35.1416 52.7673 82.9245 127.6072 180.0541 240.8235 302.9027 373.2244 450.4439
144.9776 263.6835 373.1432 475.4818 556.0609 676.6170 777.3661 874.2661 971.7945 1067.6677
52.5367 101.1251 150.7077 199.3156 248.2096 299.4091 350.8688 403.8752 456.2951 514.2030
57.9196 114.8061 172.8017 228.5502 284.7200 325.4967 359.9521 384.6214 406.6544 419.2965
10.8842 21.4453 30.9574 43.5258 61.2140 78.6093 96.2443 118.1919 135.8375 154.5597
25.1742 88.5509 140.2825 188.2198 234.9973 285.1286 336.1838 369.5563 423.2892 472.1524
34.6767 76.2942 113.2771 159.6510 199.1028 227.5949 253.5293 303.3928 353.4384 395.9529
43.6160 85.3160 123.4768 152.5107 182.2871 224.8750 274.8179 323.9584 382.5536 442.3067
45.5593 93.4787 138.4961 185.8733 233.0203 278.2799 319.8694 360.0412 399.4980 439.3302
39.2229 78.7219 119.5075 163.7260 202.3171 237.7042 275.1204 316.3192 359.2423 402.6697
40.7145 83.2736 124.3542 168.3415 209.4801 249.2176 284.4811 313.4574 341.1749 368.2972
33.9024 71.1881 109.1046 140.2828 180.3761 211.7730 244.0589 273.7418 302.1119 326.1661
15.6680 33.5343 52.3088 73.6587 97.5080 134.9824 177.8277 225.2907 277.7376 326.2585
50.0509 94.8305 141.7172 192.1830 247.7681 304.5611 365.5276 427.7588 492.1659 554.4093
201.0252 413.4050 550.0351 738.1112 862.4218 1039.3023 1097.2659 1205.0921 1349.6978 1466.3244
18.8405 38.0577 61.6060 74.8351 95.0001 108.4901 123.0477 137.6791 152.7760 178.0024
7.8529 15.4460 25.4460 32.9208 41.7483 56.5679 78.5274 106.6324 144.5643 186.0488
43.5289 83.0989 123.8870 164.3342 206.4100 251.7491 303.4467 355.6979 405.5796 458.9807
53.0671 103.7608 151.9006 198.0576 250.0752 300.0126 351.9455 401.9183 451.7910 505.5686
52.5135 106.0427 159.3327 209.3431 261.8162 301.7056 340.7547 378.1099 414.5716 451.5614
35.5114 73.3831 111.6825 155.1717 199.8707 240.9373 281.4014 317.2382 350.8744 376.7375
80.7462 125.4983 160.0860 215.3893 304.4414 376.4698 446.7620 519.1503 577.8445 642.9772
65.9214 131.1502 222.5842 298.4071 384.7375 471.9531 546.0262 618.2077 745.4314 845.4440
49.4402 96.1490 139.4416 189.3313 239.1293 279.0217 313.2742 349.5880 375.7309 398.6708
22.6515 59.9878 110.4483 147.0356 186.8625 243.3307 287.5317 328.9388 363.0313 418.1633
48.2082 93.7435 219.5272 291.1987 352.9940 399.9129 527.7114 631.5245 761.7204 887.5377
55.0132 108.4949 157.7180 208.2570 258.6964 310.0691 361.5853 408.8195 454.1790 504.0699
47.6732 95.4101 145.1260 194.0090 241.7988 293.0502 339.7820 389.3394 438.9462 488.3077
51.6362 100.1634 150.0488 204.4259 250.7289 295.6254 337.3293 372.2714 401.7910 423.7013
21.5167 44.9814 68.5354 104.8242 143.1605 198.3193 260.8574 319.6561 392.6837 466.9150
113.4645 204.1620 301.5786 400.1932 502.8577 577.5076 682.2093 774.2173 871.1719 937.3269
123.3722 217.1164 320.8914 435.2359 532.1780 640.1161 740.5717 868.1908 944.5379 1073.7722
81.8216 170.9978 256.5243 344.6175 421.4260 496.3049 569.6515 654.2854 732.2238 811.5105
120.9789 211.4988 296.3197 412.2781 494.0667 570.4602 664.3680 760.7404 837.9927 922.4544
82.2996 164.3873 245.2565 330.8111 431.9680 489.8354 578.4488 651.3908 701.7067 802.6950
77.9535 149.8791 228.3445 304.9174 371.1837 430.8487 511.9855 590.0661 697.0275 773.7901
49.5772 103.7203 155.3916 203.4463 256.7825 317.1188 373.9089 433.6324 491.7662 556.9435
76.2026 140.7840 199.4611 268.2530 347.9783 417.8541 496.8154 566.0633 637.2995 727.2098
73.1164 166.5905 247.1969 317.0037 382.9917 463.7673 531.1771 623.0378 708.3682 769.4524
72.4766 156.4489 216.8501 295.0408 386.6204 469.8609 557.6225 621.3914 691.8126 776.7011
65.9344 115.1052 161.4033 214.5337 270.5684 316.3017 382.3629 434.2176 495.8223 563.3462
69.1822 131.1338 217.5439 297.3940 378.5063 465.8532 549.2754 630.6705 717.1029 801.8960
85.8761 153.6852 214.9389 278.8362 344.8464 414.0371 485.0727 569.4444 646.0585 716.8397
66.0724 126.0138 199.5989 255.3482 327.4565 394.6411 452.1267 499.7663 539.5198 581.7763
35.9011 69.4814 105.5947 142.9617 183.6472 233.4319 289.5272 352.7530 414.9248 481.0425
81.3737 166.1356 252.4624 336.2637 400.5775 476.2577 529.1494 574.0442 608.8212 666.3653
13.3096 29.2584 42.9229 55.3929 67.1275 77.0469 86.4476 96.4840 107.0691 116.5599
7.4546 15.2337 24.5352 39.7295 61.5176 98.6199 142.2023 191.2757 251.4595 309.7751
81.3969 158.0686 226.7732 309.3881 395.7106 480.8483 545.2722 640.9737 729.6920 823.9240
101.1695 209.1715 298.1257 402.8682 519.9285 590.9074 671.4526 778.1381 869.2360 950.7830
100.7711 179.8187 267.0017 324.3224 385.9361 477.6112 532.3928 595.0811 637.4189 690.9297
27.0560 45.2168 65.3918 92.3012 122.9930 169.7888 214.6344 269.9535 327.4517 382.8517
55.8998 115.8630 176.2563 248.4741 306.9550 365.9573 418.5046 458.3338 500.1145 539.5606
27.7798 53.3867 86.1651 117.7523 148.4845 175.8864 204.0557 229.7937 257.0754 288.2572
27.4904 54.9379 84.3951 115.5392 148.2043 180.6484 218.3976 257.7396 299.4882 340.5142
71.4665 125.3116 171.4980 221.1527 275.2693 335.0214 396.6774 456.5606 500.5043 552.4623
31.1687 61.2635 91.3925 120.1855 150.9613 190.3926 231.8911 276.4017 321.9329 373.2574
49.2402 98.2766 145.8273 193.2406 236.5812 272.6531 302.9869 327.0006 344.2266 356.6561
8.6118 18.2897 26.4095 35.9673 48.7279 69.3431 97.6199 128.3782 156.8097 188.2400
26.8702 58.5133 90.9990 118.2600 160.7367 188.5954 216.5953 230.0040 240.5064 256.5097
18.7588 33.0781 53.4449 76.0469 100.8962 122.5549 159.1616 184.8450 216.0982 237.7587
9.9274 19.5280 29.4005 39.3077 48.2273 60.3386 76.7587 103.6911 137.6788 175.6962
39.0496 78.0161 114.7406 151.1630 188.7607 224.3282 258.5027 293.9919 332.9151 369.4124
40.5016 82.5575 123.0707 165.0405 206.1595 252.5904 300.5651 344.6517 381.1673 424.1787
38.9265 75.9632 117.5255 162.6328 200.6384 237.1087 273.9722 307.4971 344.5416 381.1178
38.2196 74.1888 112.3234 151.3046 184.9211 218.8130 249.0418 277.0160 307.0700 331.2323
23.0397 47.3728 69.4510 91.8583 113.1090 135.0021 155.8434 174.7117 192.2533 208.9023
15.2849 33.9494 52.3309 69.4335 85.2185 100.0769 120.6718 144.2674 174.5752 203.1946
39.0544 79.1098 113.1986 153.1219 189.4433 219.7682 255.5976 282.0931 309.7421 338.6320
35.8913 71.0368 105.0273 141.0950 178.7110 225.9768 276.2445 335.3273 390.0291 443.6875
54.0337 110.6567 173.1193 238.3321 290.5733 342.2363 389.5664 428.5132 467.2295 503.4864
38.2395 70.0000 103.6539 144.9085 184.3813 218.2420 252.3939 287.9000 335.2820 378.9555
68.1829 111.0921 163.9492 209.2410 281.6607 336.0385 410.3171 477.0576 548.4422 654.2906
72.7264 131.7175 207.0842 275.2771 330.6274 401.1011 443.8649 508.2550 558.5737 608.5690
36.7398 70.9420 104.9157 143.1757 179.5291 209.9481 237.2255 261.7437 277.4761 286.0978
4.3311 8.2140 11.9195 16.5578 24.4236 42.6181 72.7199 107.9478 151.2280 197.3271
50.8837 103.6780 150.0698 202.3654 260.1682 319.2921 382.0128 441.7004 494.6494 553.1753
79.3644 140.7898 218.6894 289.9803 385.5160 448.0336 515.9332 607.7301 671.1800 730.8930
55.3364 105.8942 152.8341 214.8375 268.8038 312.0658 363.9526 396.5953 437.0629 472.9686
16.1029 34.0115 56.1240 85.8899 123.1217 170.0301 223.8532 277.7208 339.2732 401.0204
146.3465 264.4263 386.1483 499.6484 573.6349 717.9136 802.2047 878.5589 959.0351 1095.2733
42.4193 84.4506 124.8110 167.6581 204.8184 237.3826 260.6949 278.8167 296.7948 309.2932
5.2080 9.7496 13.6903 18.3064 23.3498 30.1566 42.1793 58.6600 80.8884 104.6296
24.9649 50.9818 79.4714 110.0173 147.4389 190.5235 235.2635 281.6192 327.4725 380.0888
61.2479 146.7801 239.7626 373.1678 453.5368 546.9070 646.3640 747.0207 832.6244 921.1491
67.6280 123.8417 186.7856 256.8393 318.4284 389.2057 455.4448 525.6921 597.5401 684.5382
66.4513 137.1631 201.5097 285.4251 366.8505 434.7523 500.9023 578.1071 623.5664 679.5624
43.6028 77.2469 127.0140 166.3143 211.7202 258.5175 307.3207 352.7210 392.4291 432.9629
37.3031 68.7494 98.5822 123.0391 149.7287 177.7234 200.8111 216.4020 234.1185 254.7529
10.4426 24.2925 40.7685 56.2732 69.3039 82.1228 98.8621 114.0158 126.4481 141.2769
16.3306 34.6357 47.4102 64.2738 87.9352 113.2836 129.2219 145.2896 164.8913 185.8108
9.1633 19.1150 29.9128 39.8244 49.4534 57.5146 64.4641 72.0211 79.0354 86.3850
18.1015 34.3253 70.4175 104.1987 145.0652 203.6584 270.4976 342.1358 422.1816 501.9967
89.1036 180.9999 285.3602 364.2579 440.5735 549.2356 639.9137 748.7754 855.0389 978.6651
170.6078 363.1996 520.7248 640.5121 877.5793 1049.2124 1229.7314 1323.9159 1412.7761 1523.1135
28.2492 56.1595 82.9851 109.9839 135.6492 159.7717 182.3593 204.0755 226.3099 249.4077
28.4557 55.1109 80.9688 108.4424 139.4420 179.5341 213.8251 250.3917 293.5438 333.0387
62.3348 114.5640 160.1860 213.3035 269.1756 333.9794 390.3460 440.0785 500.6472 549.1083
56.9657 110.5770 180.5840 246.5785 307.5482 366.3530 426.1286 487.1169 540.4663 601.6508
100.0272 158.0155 236.6023 327.6445 407.3411 488.0992 547.1850 591.7040 675.9600 725.2855
43.0940 83.6503 127.0258 167.7026 210.4285 253.4571 305.8132 354.9190 403.6335 453.6110
46.7256 93.9506 145.4242 196.7353 243.1474 291.7158 336.3506 383.6002 433.8631 480.9228
107.7002 220.9362 299.9351 373.5462 481.1026 569.3583 659.2288 748.5126 833.1655 918.6127
73.9897 146.1255 223.3508 301.5670 398.6653 479.6567 567.2320 661.9099 748.5915 835.9147
214.5343 405.4154 526.4089 654.4997 796.9173 888.9393 1046.5022 1218.0856 1346.6589 1449.4402
81.1033 163.3132 227.6792 305.8164 376.1357 439.1386 505.6799 574.7362 639.9866 705.3432
58.9015 110.7054 162.4604 220.9205 279.8977 323.9355 359.0077 401.7790 437.5043 462.1680
8.0239 14.7917 19.4355 23.8528 30.4308 41.3231 58.3238 82.4641 115.2800 151.2444
38.7032 75.6473 110.7019 151.4161 189.9858 234.1016 278.8198 319.3052 363.2070 404.2861
53.0860 101.5192 174.4505 248.1975 319.3800 417.2706 511.8435 612.8632 697.8706 788.4860
137.7859 307.5005 456.0637 579.5860 712.4991 871.5056 1008.8861 1127.8993 1211.6788 1326.8055
29.3124 58.1061 91.0584 126.6860 168.2060 221.2811 275.1987 332.4874 393.7864 456.0344
115.9983 217.3815 318.1861 414.8443 502.0523 574.0988 671.8238 727.4172 788.4837 863.4128
26.9493 53.6228 79.3022 105.8095 130.9020 154.7251 178.4174 200.9623 221.4864 241.9743
17.2359 35.5127 54.9875 74.1890 94.3263 120.2922 153.3003 189.6624 233.1147 276.5744
45.1703 90.3616 137.5209 181.5262 225.3793 263.0131 294.0062 324.7152 355.2859 386.1064
42.7530 85.3589 132.8135 167.7784 210.1956 250.6763 293.6697 338.4126 379.2752 406.7342
29.8963 59.1577 89.1971 119.2158 152.8004 176.8623 201.6357 234.0460 266.0296 298.5238
36.8006 70.4043 107.5065 152.2513 195.5584 240.2195 290.1559 332.4924 375.3599 413.5333
32.8879 66.9279 107.6465 158.7401 197.8552 252.6976 295.2058 347.1630 392.5512 445.6389
68.9330 155.4133 237.6225 326.2815 417.3808 579.4188 696.7660 828.3590 900.9360 1037.2172
34.8380 63.8624 90.5137 120.3082 149.8437 186.8422 229.6605 271.7290 317.9037 368.4243
50.2346 100.5112 150.2100 200.8140 246.0979 283.0895 310.7276 332.1575 348.5679 359.0839
9.0662 18.4504 32.1966 52.0465 82.3615 120.3000 166.0119 218.5640 272.4857 328.0350
104.1193 183.1765 270.7823 374.8302 442.9551 518.4150 640.6444 734.0900 827.5526 902.3985
100.5737 186.0187 255.0314 326.5088 415.8345 468.7214 548.4631 603.2177 647.3648 689.1570
40.7589 89.1693 138.0571 195.3768 239.6840 292.7935 351.3965 420.3397 496.7499 565.1391
80.1994 151.5789 231.6147 308.1861 383.7285 470.8042 530.8420 601.4380 680.6874 757.6445
75.4894 133.7894 190.6735 237.2705 300.9707 361.1656 410.7023 477.6367 542.2535 599.3226
43.3870 87.9655 138.1063 187.3767 239.4944 287.8735 338.6552 390.3012 443.4423 492.5476
67.9476 141.4800 214.7115 288.6106 371.6683 442.8848 522.4794 602.6243 693.0857 772.0445
189.2098 292.4050 398.7311 495.4825 570.8993 671.6616 761.5209 850.8317 963.2606 1055.9372
97.5915 215.8397 300.9193 389.2174 459.0125 527.0918 601.2027 653.5900 730.7223 806.1674
33.5293 68.6783 99.5158 136.4148 170.5899 201.0140 233.8003 260.8204 287.5361 306.7430
14.8569 29.8568 45.6870 62.8311 79.4692 97.7444 118.4676 139.0296 159.3572 179.0773
20.8743 43.3204 65.6728 88.9664 111.6013 138.7665 169.0741 205.6486 246.8212 289.6482
41.0301 83.7684 127.0211 177.3205 231.3851 283.4220 324.4089 363.1548 394.9968 419.5532
39.8031 85.1138 130.3957 186.5760 223.4408 265.2218 326.5933 415.5214 476.0235 554.9124
155.6192 248.5027 355.0844 499.8943 581.0591 671.8247 788.9883 911.4407 1034.6883 1187.1129
66.9293 110.4458 161.7333 213.0760 278.2649 347.5614 423.6245 495.8552 568.2863 644.3116
101.4662 203.1706 298.3305 434.9134 575.4406 694.9119 794.5449 914.0883 1022.8379 1163.4577
68.5987 135.1528 220.9633 298.6503 364.3101 423.7162 476.0348 519.9359 556.8475 580.9258
8.5328 16.7435 26.3473 43.2178 67.8868 104.8027 159.9476 216.4274 278.1715 340.7668
125.1378 354.0389 446.8692 553.9847 631.4376 744.7736 836.3749 976.6659 1114.3381 1196.2911
73.5403 154.4779 268.4769 367.8742 432.5224 495.6776 570.3688 643.1409 727.1047 799.6221
43.5975 89.9019 138.4470 193.4714 246.7922 296.9014 346.2679 394.5566 449.2138 488.1754
46.2196 92.7841 158.9752 247.5322 334.2770 393.1995 429.0883 490.7233 549.3745 613.6239
44.0708 73.0699 145.8459 212.5708 275.3634 344.2755 395.9102 458.6035 515.5949 577.5202
105.1999 155.1653 237.7895 316.2815 428.0594 485.8687 592.5601 666.4838 772.0034 909.3819
25.8749 47.0639 73.4492 106.6752 133.5915 158.0253 182.0224 213.2668 245.1154 277.3681
73.7818 130.4372 193.7834 250.0172 314.1020 344.8570 399.3998 468.2221 511.2328 545.2677
10.4421 19.8819 28.6194 40.4369 56.2530 74.5729 92.3125 105.5684 119.0666 131.0830
12.5363 26.3362 43.4369 67.5461 100.3440 148.2233 200.4734 254.2263 323.9238 385.9503
90.9698 168.1312 308.2342 377.0955 450.4545 560.7802 647.2794 706.2544 830.4269 934.8570
49.4295 99.9968 149.7617 200.4758 252.8610 301.6387 354.3408 401.6206 450.9365 498.7924
53.8367 104.8186 157.6269 211.5557 270.8073 324.1744 375.8343 430.6775 484.5149 538.5412
54.6019 107.0899 156.6218 206.1970 260.3398 309.2825 360.3608 411.9177 465.0223 516.5968
49.4926 100.9917 162.9089 236.5289 311.3028 385.1051 464.1459 533.3372 611.0473 689.2313
137.4159 255.9729 360.9425 489.9456 589.5579 701.9449 830.5771 943.5217 1084.7039 1212.0919
81.3721 204.7671 306.8999 407.7821 525.3206 629.8191 754.7802 851.4557 943.0707 1031.9917
106.9958 229.8031 349.6376 468.4836 553.4249 623.9379 695.1346 763.3655 878.0603 957.7604
49.0640 100.1280 154.3343 204.9956 262.8052 327.9274 390.0523 460.2861 531.2159 596.3749
74.2620 181.9696 272.8098 339.7200 439.2524 523.5917 611.8355 666.3683 742.8070 835.6169
93.4619 170.0775 251.5481 321.6455 378.6570 430.8419 482.8890 528.0257 570.3831 606.7406
13.3069 26.6042 38.4468 53.4318 67.8049 82.2890 95.0669 108.8029 120.9613 133.4047
18.4535 34.3491 51.9211 70.3110 88.3355 110.7303 139.0748 176.6456 217.7484 261.1416
40.8540 83.8549 123.7901 165.4893 212.6706 268.8326 321.3401 369.8095 424.2358 476.5812
66.3519 128.4616 195.7517 261.2033 328.1821 383.5981 430.9745 479.3855 524.4642 573.6989
40.2157 78.0701 121.6625 170.1272 222.5575 279.5054 340.7730 407.6278 469.6189 532.8183
86.9482 146.9488 217.7400 286.7339 369.1743 427.1682 492.6732 573.3537 638.2776 702.9152
56.6055 113.9969 164.1681 227.1325 284.4270 337.3727 388.4275 426.8154 478.7319 526.4611
52.4074 101.2877 158.1746 216.7663 271.9093 333.1166 399.2921 446.4433 520.6096 584.4851
76.3523 144.2994 219.9992 305.7074 393.0903 473.5975 549.0780 632.4978 723.5966 798.9177
57.7724 115.0184 169.5436 233.0220 298.3642 360.8938 416.0503 469.4494 529.1979 585.7255
90.4495 181.6175 252.0622 328.6224 394.6576 459.6664 509.6843 579.0906 634.8798 661.6388
19.4885 36.9986 54.3678 72.0497 93.9151 124.0884 159.9188 201.0707 241.2262 278.5752
44.2991 88.7860 135.1368 177.2085 230.2765 283.8022 333.3429 391.9841 453.7382 515.4531
87.8188 218.3085 314.4730 383.5622 518.0676 621.7962 721.7691 852.2206 926.1056 1024.5858
55.5228 112.8097 171.3898 232.0188 291.0477 347.3295 400.0199 452.0913 500.0425 553.2017
46.7288 91.0146 138.5383 187.2591 244.3826 298.7415 356.1357 411.9470 468.3013 524.6854
89.7372 165.9240 248.3568 329.9810 394.3718 460.0217 521.8460 588.8703 634.7478 700.3063
24.1953 47.5782 70.8700 95.3929 120.5712 144.6296 168.4907 192.4446 218.3524 246.5745
29.7443 60.1139 89.1618 120.2501 158.2313 208.5665 269.3886 337.1542 399.5923 466.3937
62.0809 123.8302 180.0121 233.9797 294.9868 353.3239 408.8524 463.5508 519.4922 579.0890
98.9093 179.7599 317.7319 446.2374 527.3853 620.7258 722.2861 826.3030 899.4880 955.5835
90.3583 168.3304 256.8746 343.0643 422.3880 510.9950 632.7280 711.6011 790.2434 859.3884
55.3805 120.2868 163.8090 216.8132 284.6465 331.7977 372.2553 410.8529 455.4776 473.2243
14.7678 34.4205 52.1230 70.9237 90.8510 109.9251 128.0639 153.1823 181.6935 212.6933
27.4369 52.5673 78.9915 108.1906 149.1692 199.1044 253.0748 308.5964 364.5656 419.9673
164.3580 297.6628 445.3349 583.5721 750.3625 843.9494 934.0071 1024.7718 1172.3235 1311.0493
152.4419 230.7114 399.8718 526.8853 653.4760 794.1330 930.6055 1106.6030 1246.1991 1345.4813
75.4983 151.8813 205.8032 274.2057 353.8298 430.8419 510.9724 597.1353 688.9806 785.8646
135.2398 219.8454 352.9052 446.5865 619.0771 717.8224 840.1275 990.9170 1129.2009 1205.9026
89.3095 182.0883 311.1823 406.5795 493.9179 572.6495 633.5490 707.6669 782.5143 898.8616
27.2859 54.7545 86.3351 120.7422 160.9417 218.4505 288.2055 353.6345 430.2769 508.8783
113.7721 201.0272 314.8800 398.0291 484.0871 590.8264 723.4876 806.7642 875.3643 976.1435
69.5864 136.9088 220.5474 301.3784 382.4902 468.2902 547.7025 616.0028 689.5331 753.7636
76.9972 182.8477 320.5834 354.1663 466.2688 576.5591 685.6778 757.7940 828.9667 969.9128
47.4043 99.0911 186.2432 236.4483 298.6680 383.6619 458.5699 541.4146 637.1862 704.2274
87.6313 237.3514 352.2707 456.4879 521.7483 608.4348 653.6004 716.2659 745.0432 805.2728
6.6147 12.7650 17.7703 24.0971 32.7480 49.4683 77.6365 122.5305 173.2351 226.7758
59.8988 110.8850 166.6059 217.8831 275.7954 338.3354 396.4629 452.9417 511.4288 570.6676
51.1832 105.2007 155.5157 210.8031 267.4447 326.4256 379.4813 436.4611 491.2382 548.5149
79.2745 157.4540 218.6328 287.0315 344.7989 412.0312 486.3155 542.4877 607.2753 677.2245
53.9845 111.4919 166.5676 222.8038 273.4884 328.1943 385.0970 442.1008 497.8055 550.5383
62.7157 128.5060 196.3372 252.4916 320.6810 392.4394 456.6799 511.4199 572.6478 637.1635
61.4505 122.5530 181.6549 243.5824 308.5911 363.6355 425.8606 486.5962 548.6687 609.4400
62.2110 121.2679 181.6540 238.9122 299.8928 358.5810 424.7869 479.6614 533.1716 583.8024
48.8940 101.6079 161.4150 230.5115 300.5476 368.1802 438.5162 506.2999 578.3252 647.3934
129.9537 268.8925 370.8650 490.2078 630.5996 725.2498 810.3731 916.8548 1013.7524 1108.6813
79.2305 174.0691 287.3376 378.2203 482.5404 582.1091 686.1803 790.7271 893.7492 970.5887
100.0746 234.0210 426.7217 534.5732 667.3983 788.7062 874.8171 992.9560 1125.0340 1251.5729
50.6005 98.5586 151.1722 206.3192 260.8823 302.8487 333.9101 357.1506 377.1913 389.5788
34.8743 58.4698 89.3384 137.4917 171.2659 213.5822 266.0493 317.6557 388.1164 469.6941
96.7283 185.8269 274.5997 357.4200 440.9495 520.9633 599.0883 654.6323 720.5658 758.2544
83.2168 248.0864 384.9031 476.8862 556.2345 622.7596 741.4428 914.3368 1062.8672 1150.2337
50.3577 98.6041 144.7496 188.0368 232.1053 281.6384 330.8206 381.5004 427.6474 475.8480
50.9870 95.2376 147.6316 198.0287 244.7984 280.0460 307.7932 328.7064 346.3652 359.4908
20.5573 38.3503 60.0736 99.1830 125.0168 165.3648 193.1995 217.9130 247.0659 268.4015
73.1587 130.7777 179.5703 216.4667 239.6718 282.2705 318.1833 376.3486 456.1381 520.4042
41.9076 78.0431 109.0942 163.3328 210.2436 247.4580 289.0608 345.6666 407.6844 476.9329
49.3218 106.6554 156.2502 212.4421 264.4056 307.9510 344.7864 376.9292 402.2216 418.6418
26.9369 43.5990 64.5879 90.5789 120.6579 140.1462 180.0630 201.3825 231.2584 259.7645
44.0567 88.1454 128.6655 161.4598 196.0573 219.7342 256.7090 290.5924 345.9382 387.8236
35.3951 63.6976 106.8358 143.8443 176.1988 221.6356 250.2373 287.3397 323.6038 356.6293
54.7655 116.4287 202.4687 235.6413 283.2938 343.6097 399.1093 474.4751 518.8960 618.9071
23.3819 47.3925 71.2846 93.5258 117.8503 153.0895 190.8219 238.7387 288.7544 346.4262
56.4733 107.5189 161.1237 212.9257 266.8371 318.8136 371.8944 424.5316 475.2515 526.0037
54.9166 111.6467 163.2760 221.5413 277.3554 334.5394 388.6305 445.2502 507.0224 563.4924
54.9356 116.1978 175.0982 240.5235 296.5795 342.9949 393.5480 437.2037 491.6112 541.8207
42.7554 86.4689 127.0323 170.0769 216.2968 267.1395 321.4008 371.0167 420.6398 471.1498
51.3240 103.8029 150.5389 209.9014 274.7232 338.2967 393.1864 442.6773 489.2313 527.0478
52.5249 109.6109 176.9647 234.9888 293.0207 343.4782 393.2910 442.5640 500.5831 566.3617
41.0659 87.2708 164.7527 206.0229 260.9384 312.0278 389.7018 472.3688 537.3089 620.5554
52.7127 96.5101 144.7026 184.9169 228.6170 266.6994 302.4129 337.6676 374.4879 408.3023
35.6134 71.9899 108.5422 147.5377 194.7097 253.4974 310.4140 361.5211 413.9095 472.0440
66.1748 129.0808 186.2995 249.8849 313.9331 369.0659 429.2826 482.7887 541.7645 596.5143
54.0012 109.5991 160.9531 219.5413 272.7397 310.5034 344.1200 370.8541 394.6871 410.4497
12.6918 25.2345 38.2494 53.0794 69.5683 84.5124 99.8604 116.7124 135.9709 159.1082
29.1527 58.9786 86.1881 113.9573 140.8894 167.6151 200.0810 225.1158 243.7144 258.7910
10.4446 24.4831 37.1999 48.9303 64.2938 79.0160 101.8581 125.9405 156.7956 196.7935
49.8952 93.7512 147.3601 204.4645 247.2980 309.0800 399.3730 455.7358 529.2152 599.2962
48.9992 96.4181 146.4605 200.0976 258.9133 322.4759 388.0593 448.3877 512.7345 574.1080
91.6385 203.3963 278.1020 357.6895 422.8460 490.2273 565.7689 630.9986 696.4154 777.9821
48.2480 102.5414 158.7843 231.9948 308.0950 379.1309 456.8436 527.8044 600.7708 674.4836
210.0358 363.4575 497.4964 579.3051 712.7389 937.0865 1129.9894 1280.5110 1416.2414 1591.7676
95.9512 214.3151 335.2490 444.4843 542.7620 626.2357 720.2239 847.8705 942.0619 1022.3667
46.8780 92.6611 137.5196 184.1083 229.5209 269.1146 305.2534 340.9520 377.5052 414.6566
37.6598 74.6403 114.6471 158.1645 201.4232 247.4125 289.7607 323.3248 349.2563 369.6033
74.0627 127.2100 225.3151 322.5506 413.5146 534.8742 634.9077 744.5084 854.7515 974.5912
181.2886 296.3190 408.0043 528.1290 676.8093 773.1071 917.1653 1063.2238 1149.7828 1271.1160
72.9716 127.4090 180.3469 249.3330 303.1375 346.4247 394.4537 426.2530 469.1009 504.5452
28.4997 58.7281 89.2795 117.0593 151.7649 197.4005 246.5939 295.9285 348.9153 400.7656
52.7934 110.2146 162.9100 212.1224 254.6457 300.0012 336.5958 375.3078 417.0989 458.2643
38.0069 74.8192 113.3499 154.3441 200.5901 252.9330 303.2251 355.3922 405.7320 457.2604
60.4742 115.5434 179.9681 243.3108 301.7191 361.9994 416.9506 474.2798 529.9365 581.8554
43.9675 85.8216 125.9442 166.0359 210.0020 241.8389 272.9951 298.7393 323.5980 348.4702
26.7987 57.2396 85.7569 114.5864 142.4724 172.7720 208.0123 249.3167 289.7829 332.2002
39.5112 82.4868 126.7715 179.0651 243.6406 309.8539 379.2806 445.9002 514.4678 583.2727
75.8406 181.3884 288.1229 396.3711 518.2304 589.6079 633.6413 790.3477 879.6227 943.9360
10.7946 18.0260 23.3071 29.4512 39.9720 67.2608 105.1493 150.1119 203.5745 265.8147
56.7935 113.9619 168.2298 225.0089 274.8271 316.1124 353.3319 389.9964 425.0712 459.4299
32.7034 66.2682 99.8707 137.4078 174.6850 211.9170 250.1492 287.4642 323.1480 360.8728
40.1227 81.4045 127.8442 174.1397 231.9252 283.3776 336.9301 379.5435 416.4735 451.2347
31.1828 57.1175 107.5408 160.4528 217.4943 279.0132 337.0622 396.6593 473.0892 574.6856
193.5806 331.7295 528.7760 641.0765 744.7776 862.7077 999.1547 1135.8740 1215.1393 1333.5875
55.4646 131.2480 204.6582 281.2437 351.4606 453.9497 537.3106 651.4353 721.1465 809.2066
89.6315 169.1542 236.3794 317.3264 415.5196 486.7446 547.5787 622.0718 718.4520 795.4477
62.9764 126.8256 190.5667 270.4893 344.9074 411.7412 488.1442 548.3341 625.4265 688.5535
60.6110 126.8445 189.6525 253.2616 312.4979 361.8705 405.6838 442.9616 471.7732 498.6185
18.4575 33.0442 46.9501 62.4422 84.9170 121.0296 173.4871 231.8213 299.7334 369.5193
56.2077 122.7673 188.2762 256.6016 321.1967 391.3265 453.3906 524.9894 588.5544 658.7405
92.2501 175.6192 275.3348 360.0173 442.5156 509.5535 600.7519 632.6533 674.1879 702.4778
8.5488 18.3452 34.2005 63.0967 102.2513 153.0646 215.3313 280.8625 347.2047 421.5541
117.6583 228.9679 343.7861 468.9623 615.4364 717.4604 846.1832 944.9275 1103.2845 1245.3555
125.6312 244.8702 325.0378 397.4305 496.2756 565.9629 634.4934 716.2551 790.0695 856.1968
38.7412 79.6513 119.1139 159.8259 208.1133 259.3890 309.2847 360.1647 414.2761 465.2310
55.6658 110.2899 164.6527 222.8050 275.6469 328.1121 380.2329 431.9876 481.8995 532.6228
51.0924 101.1793 152.8881 202.6834 252.9408 298.9508 346.4177 392.3216 441.2856 487.8583
48.9090 99.4379 148.8596 197.1001 245.9303 294.8049 344.7218 399.6853 450.3936 501.4862
48.9900 96.1652 150.5099 206.6650 267.6098 330.9041 390.9010 448.5878 510.2301 573.2183
112.1935 205.0265 291.0043 427.7139 524.1005 602.9603 707.1828 783.2522 852.1752 918.6259
57.7536 120.6017 184.8588 249.8696 318.0533 382.0623 448.1960 514.6946 583.3176 651.7456
109.4226 206.5336 280.9659 386.1698 490.3536 595.7117 684.0439 767.3572 888.8058 975.4158
89.5764 173.7629 265.7977 353.1410 444.7085 518.1013 594.3275 664.9484 729.5960 817.5126
65.4323 128.5227 194.2378 259.1315 326.4747 383.6085 439.0931 501.7759 563.2878 617.9922
45.9859 93.8605 144.7201 196.6501 247.9587 297.4073 335.6630 365.4296 389.9144 409.5977
25.0066 50.9736 72.9110 107.5748 140.0160 186.2971 241.2847 298.7819 366.2690 430.5793
137.4305 235.0721 302.9286 420.4169 527.4490 668.3263 772.8423 873.2367 1000.8375 1137.5737
58.6601 116.0621 171.7049 223.2459 277.6689 343.7539 410.7572 495.2587 574.9369 643.1366
109.8567 194.5213 299.9106 424.1574 523.4263 609.3978 713.3818 802.9894 925.0179 1019.1924
119.6857 234.8117 390.4021 576.9699 685.1302 817.0739 969.2881 1098.4544 1238.0950 1332.3085
116.1325 268.5095 441.2385 521.4793 599.2250 718.7318 837.4713 908.6235 985.1449 1118.0445
56.3317 107.6107 162.1670 216.7964 279.3471 336.8937 398.2134 458.8305 514.6151 574.1024
71.9011 160.2653 234.6633 309.2699 384.0984 450.6194 511.6387 590.9930 665.3544 735.7113
93.5964 160.2690 240.0044 342.2686 436.2448 542.9663 652.2208 734.3559 824.7881 900.1030
44.3096 93.1595 140.3434 191.6196 248.6572 308.9265 369.3246 427.0755 487.0867 542.9825
83.1620 159.6633 241.6754 325.1447 405.7165 472.8773 555.1102 615.2134 679.1116 745.6173
61.4896 118.8521 180.2812 241.6564 311.0579 380.7731 451.0996 520.4388 586.1959 653.3414
84.1712 138.7431 213.1119 300.9381 371.9437 461.6834 557.2828 634.4440 728.9171 815.7735
66.3092 151.4230 232.4478 320.2480 394.9560 468.9620 542.1537 602.8225 676.8300 751.5920
72.0558 136.7318 201.5439 275.7978 335.7329 404.9002 469.9374 538.2999 602.1863 660.2443
56.4473 144.7330 219.9483 282.3099 345.8002 419.0270 492.0406 563.3946 628.3248 694.6205
45.9510 89.8528 133.8015 177.5633 229.3380 279.1841 328.1546 381.4060 437.9899 492.8540
67.8023 131.6418 188.9326 245.9783 305.7281 360.7841 424.6691 484.4191 542.4119 594.8580
69.3842 139.9819 207.5176 281.9064 349.0730 410.6672 487.7321 569.8676 638.2121 723.4499
72.1812 143.9997 219.6008 280.8698 341.7203 399.9151 467.4614 538.6216 598.8907 656.6873
50.3866 102.1806 153.4832 207.6535 255.6076 308.8443 361.9678 412.7132 463.5474 512.9952
51.6335 103.6248 158.8803 212.8498 270.5688 325.6306 384.7542 441.8122 496.8034 553.2071
62.1820 124.6318 187.9211 247.4335 299.5767 344.7959 392.7945 457.2386 518.7659 572.2416
47.9252 99.1875 146.7783 194.5588 242.7208 290.4013 342.6535 392.5284 443.0563 492.0035
51.0473 100.8287 149.1939 201.6325 250.7010 298.3224 348.3371 395.7902 443.2504 491.6038
48.3739 96.5663 141.1462 191.0820 248.3019 307.1509 363.6581 422.6831 479.9317 534.8184
80.4513 159.5670 232.8531 309.4082 394.4930 474.3272 554.5678 636.1492 744.0139 827.4806
61.2701 125.3189 182.5540 239.6045 296.4154 356.8803 416.7714 476.2647 537.4166 603.5862
72.9100 156.9059 237.0883 319.2965 418.1266 517.5436 604.2805 692.1959 788.5264 894.9364
102.3886 197.9042 303.2933 385.6803 484.8888 577.4685 701.5166 775.3611 866.0366 965.5384
83.5121 167.5187 239.2728 310.8906 377.7324 444.6922 512.0781 573.6533 634.0162 698.2522
56.2287 109.9680 163.4123 216.7625 272.1205 330.0967 384.9199 440.0000 497.7804 552.3057
61.6192 125.7128 193.7906 260.3524 325.8358 396.5133 463.5825 521.4663 581.4904 640.8647
62.5498 126.6975 187.6280 252.1562 315.4003 383.8016 446.1793 499.1109 554.1097 611.4424
80.7335 146.2237 217.3827 274.0038 334.9947 403.9113 463.8869 529.1077 592.9493 655.8396
51.4597 102.0543 152.8712 206.2180 259.5837 310.0206 362.8348 412.0943 462.9408 515.5369
55.3985 111.6117 168.2538 220.0553 277.1572 336.0111 390.1213 444.0475 507.2561 561.6705
49.2694 99.4716 146.8753 193.3893 244.9393 295.9774 346.6399 396.9975 446.4616 499.5181
52.7899 103.5438 157.5186 209.3656 262.8784 315.7941 370.0021 427.7434 479.7003 529.0362
58.2223 129.9431 187.8735 246.3527 303.4528 360.5359 419.5561 475.4936 535.7822 590.2034
63.7017 122.4813 187.6620 249.6651 303.8237 357.7425 402.2963 433.7810 462.0510 493.7317
16.6683 36.5330 55.8124 83.4485 106.0055 134.9630 166.7122 190.5267 215.2475 247.5329
57.9447 100.2093 159.7784 189.4236 209.3832 251.7246 288.3331 340.5862 408.4067 467.6156
41.0265 75.3859 112.8891 148.0862 186.1265 227.1150 257.9236 288.1105 318.7630 355.6217
31.0862 60.8504 92.3202 125.1065 156.6278 188.3709 218.1401 243.6091 264.6981 279.1025
14.1666 33.3428 50.2396 68.4625 89.4546 121.6470 167.2939 217.3195 270.0976 320.1927
51.7541 103.8332 151.0026 201.7758 250.2695 302.5679 354.5473 405.1533 455.5358 509.1746
72.0939 132.9059 194.6978 255.9329 309.9787 360.4783 416.0743 479.2030 545.8346 605.3777
48.1774 96.5118 141.7566 188.6674 232.9343 281.0466 331.5744 381.7381 429.6749 482.4357
47.2849 94.1286 146.6070 193.5486 239.1764 291.8195 339.5666 391.4931 440.1874 485.9404
50.9942 97.4296 145.2910 198.9826 257.6831 317.4881 375.8012 433.8416 487.5516 545.3314
65.9725 141.8333 207.8338 301.1429 376.7987 458.8644 542.7673 621.0742 698.7154 775.3694
69.6606 154.7422 262.1751 358.5229 449.3933 557.4600 655.2258 750.2278 864.6382 980.6273
152.5902 349.3455 510.2767 644.2910 759.2875 903.6775 1051.1666 1196.2678 1342.4067 1517.8464
158.9085 377.6468 507.4122 687.4107 832.6638 992.4057 1120.0599 1261.4864 1388.1214 1501.2165
54.3532 107.6696 161.5864 211.9032 260.0337 311.6596 359.3917 409.2767 463.7981 514.2800
53.2476 105.2059 155.8723 208.0751 260.2826 312.5461 365.5032 416.3997 465.3804 519.4082
59.9136 118.6530 181.1071 240.1813 303.8624 362.9937 424.3388 481.4065 539.5732 601.4458
62.0474 118.7168 179.5022 246.1297 307.8981 370.8279 423.1964 479.2909 533.6944 588.0060
51.2900 100.1628 149.9473 201.5341 254.2563 304.7179 356.7634 406.1026 455.5887 507.4965
59.1893 125.9295 194.5147 263.3836 331.7926 395.8422 456.3925 518.5413 581.1337 649.8466
50.7305 107.0122 158.6010 211.4138 264.8976 318.5775 378.0744 436.6260 495.5364 550.3238
77.5632 143.6529 222.3638 295.0118 371.8809 448.7082 513.4730 587.0324 655.6292 722.2848
80.4129 161.2141 265.8330 349.7912 432.0893 525.0677 617.4508 733.0707 819.3966 918.1359
106.1136 219.3245 307.1810 388.9692 474.7902 556.1142 634.4466 712.6970 805.8874 876.0427
55.8915 108.0379 162.2328 215.6848 269.1906 323.5535 377.9265 434.2364 488.5263 545.3886
57.9838 118.0462 174.1379 236.4259 292.9800 345.2019 385.8890 425.4027 467.6374 509.3098
44.2193 87.3941 125.4944 173.5771 229.1093 299.0885 364.6284 425.5592 482.8267 539.9648
63.0683 139.1723 235.7121 344.8156 437.2474 516.7874 584.5384 684.7724 750.6583 819.0314
225.2084 358.8258 505.7975 647.1136 722.0942 829.8105 952.4858 1062.0647 1147.1008 1224.0331
23.6967 48.7884 72.9592 91.4143 112.6461 144.1027 185.8743 232.2462 283.0469 337.0983
50.1834 100.0020 150.6932 205.9641 262.4926 319.3468 378.6275 435.0090 490.8295 546.8021
99.2166 181.8976 276.6766 365.1880 445.9053 529.5813 619.9361 717.2220 797.7100 888.1505
218.8143 369.1635 501.7569 651.3578 864.6468 1027.6072 1193.1626 1311.3562 1458.5967 1574.3488
189.0205 344.6225 467.4080 593.5512 731.0158 812.0636 933.0350 1080.8986 1231.1081 1349.7072
81.1538 180.6202 287.6841 401.4585 519.8024 611.9776 713.6882 814.6208 907.3899 999.6533
61.7274 171.1210 260.8837 337.1468 398.3974 467.3106 546.5019 623.1858 701.0304 789.0443
50.1915 103.2616 152.2208 205.1349 256.4530 310.5835 362.2705 414.5505 461.7101 514.4009
58.7219 116.3536 169.6241 227.9995 290.3143 357.3728 421.6171 487.4980 550.4701 617.7286
76.7531 140.0616 210.5397 280.8048 342.4226 401.2000 478.2839 546.6888 608.5831 677.5476
55.3949 112.3093 171.8052 225.0804 285.0861 336.4923 384.6852 431.9833 479.1343 522.9060
50.3583 116.6211 167.4186 231.5017 293.8372 346.7601 408.4752 467.2227 521.0134 590.2779
43.0817 86.8608 130.4164 170.1707 215.3240 266.8175 320.5446 374.1055 425.0429 478.1675
54.8804 104.9842 157.7793 213.3929 264.1947 312.9888 366.7160 421.2035 480.1925 532.9476
53.0654 107.0795 161.9200 213.7097 261.8920 300.6413 332.6334 358.9429 380.2335 401.0649
20.6265 41.1467 62.8632 86.9839 111.0130 138.0157 170.8998 210.1982 248.9960 293.9362
54.8629 109.0797 155.2521 195.7960 249.8699 300.8600 352.5927 397.3316 443.6110 479.9794
31.1909 62.7813 96.3388 128.1634 163.6769 208.0774 253.0623 303.6831 353.1556 403.0081
47.6167 97.9450 148.7762 195.5868 248.7094 299.1127 350.3467 402.5853 451.6198 502.5280
54.3943 108.4094 164.5107 214.1540 271.9905 327.5589 383.0009 440.4944 494.4822 554.8884
67.5815 130.6747 195.8375 255.0060 308.7551 370.9831 433.3938 498.1775 559.6640 615.1845
52.8564 104.5307 159.7266 215.3432 269.3072 326.7820 378.4317 430.3526 483.2200 535.2521
49.1190 103.1121 153.9988 205.1549 260.1711 312.1434 362.3143 413.8306 468.3441 522.3731
55.2074 106.2978 161.3785 223.6150 288.3313 360.0406 430.8182 497.4000 561.3571 629.1693
171.4647 333.1479 433.2712 549.9000 655.7553 743.6698 886.6691 1017.3995 1125.2925 1236.2100
73.7654 140.9182 204.7605 272.5678 335.2739 388.5003 444.5629 500.4527 562.0676 626.7729
50.1157 98.0836 149.1681 199.8934 253.8849 309.8003 362.3755 417.3042 468.5760 521.0769
57.3577 114.1819 171.5136 224.4626 276.4408 330.9596 379.3810 432.9364 483.4261 531.7726
50.7471 104.2156 157.8543 209.8703 261.6273 311.8325 359.9729 409.5232 459.0487 503.5396
44.8982 86.3252 130.5993 176.2137 228.1829 277.4263 329.3809 385.7251 433.2535 484.8100
53.4168 110.8365 161.0012 215.6392 268.9609 310.7776 351.3392 381.6807 407.8349 429.7859
23.9210 61.8387 102.1318 124.3541 165.6738 199.4155 235.8796 275.4016 303.6424 338.9523
38.6352 78.4778 113.7316 159.8955 193.5013 232.3064 284.9694 342.7180 397.4541 465.7707
67.5589 134.6649 190.8353 254.3945 304.0202 365.6543 402.1701 435.5321 484.2258 510.4192
14.2827 28.0996 42.3760 56.3956 71.8984 86.4969 100.9940 117.4475 136.8606 159.7404
32.3341 64.1145 96.9284 125.2202 153.3410 193.6112 223.3661 251.9248 279.6957 302.3699
18.1268 42.8360 76.4359 124.2664 164.9642 199.1029 232.4881 264.5603 289.1536 334.2793
88.5171 198.6867 261.9347 313.7993 389.2038 533.6473 572.6871 647.5747 721.5383 812.3739
63.6029 117.5449 212.8786 279.1875 357.0773 421.7522 519.4050 562.2916 681.8865 785.0453
74.0293 146.2265 248.3619 354.4590 445.1600 539.7666 644.5137 722.0678 828.8778 923.8675
161.2952 286.3542 389.6610 508.5483 649.5427 754.6297 831.9648 886.0956 954.6562 1039.4878
27.7146 46.2679 77.3828 100.0305 125.3594 167.7399 221.0252 285.1655 337.7332 411.8037
85.2908 176.8435 319.7228 385.0598 445.9250 542.5677 618.7454 688.5690 754.4779 821.5143
9.5767 19.3153 31.8489 44.3440 55.2960 68.2569 82.9575 96.7521 113.1369 132.8242
27.7261 51.8499 79.1584 103.9244 127.6575 156.0379 192.6311 229.0750 280.6393 326.4628
72.9341 139.0370 200.5985 262.8905 329.7965 414.5443 501.0959 579.6516 668.1237 753.8989
81.1186 156.8407 231.4300 306.2540 373.1410 430.7817 479.4755 512.7735 543.8113 565.5090
11.9245 26.5993 39.7075 54.7586 73.5019 98.8501 129.6840 164.0211 200.2417 242.1051
46.2413 90.7037 133.0700 186.8705 243.1294 300.7983 360.0734 426.6189 495.4321 561.6348
193.0373 287.3431 403.3933 572.0763 738.0077 908.0937 1096.5165 1301.6802 1452.5927 1601.9971
98.3547 163.3412 238.2919 323.6309 407.4175 484.3813 540.7996 622.0175 666.2929 753.0515
83.9294 151.5920 203.8335 287.6175 358.3571 443.0620 537.1159 630.2265 710.7997 798.8002
151.1385 284.1378 421.3863 585.8519 702.0078 821.9940 973.1082 1092.7646 1244.1685 1409.3579
116.4075 290.7145 373.6885 526.1087 667.0949 753.4593 883.2354 994.7287 1135.2138 1216.6652
122.5974 293.2989 417.8646 507.9651 658.3411 762.1710 894.7965 1012.6794 1132.4978 1283.7046
81.4894 196.7678 283.1600 375.3849 467.8959 590.9226 667.9226 747.2928 814.9761 865.0210
80.8486 141.3445 247.2180 372.8117 444.5203 504.3504 590.0148 702.4905 771.7468 808.8902
103.0403 275.6816 378.0009 489.0179 560.8495 696.4096 822.0430 984.1967 1050.7935 1141.7768
33.5700 65.4238 94.9743 124.5069 150.8840 169.5457 185.5006 196.2538 204.0224 208.7559
15.0211 29.2163 46.1812 58.9402 72.2827 87.5340 103.1787 123.2387 146.6100 166.4964
12.0781 30.2789 45.8308 69.3893 100.7442 127.4618 151.2194 176.8555 198.5515 222.3092
59.3616 120.0142 247.6700 356.7797 479.3095 566.8104 698.9809 768.7884 863.0817 914.2582
21.2397 41.2175 59.4240 78.1005 95.6401 111.2881 127.2104 144.2536 159.7732 175.7033
15.6249 32.0619 49.0775 68.2622 89.6268 115.2306 139.6734 166.0106 190.4594 216.5190
30.7797 86.3326 120.0911 163.8822 211.6198 245.0410 287.7068 313.7270 358.4000 393.6362
25.4453 39.3738 58.4853 91.5046 116.4385 152.9471 190.7919 240.2032 286.5238 323.7273
71.3923 135.6886 180.0022 243.2873 285.8758 319.8071 380.8998 407.2334 444.3223 499.1493
18.1226 38.0332 62.2206 85.9001 109.5652 127.6055 142.2660 154.3189 165.7708 177.2252
11.6145 20.9956 29.5451 38.2006 46.4645 54.0606 61.3205 68.5822 75.7926 82.9603
16.8219 33.8529 63.2925 88.8701 124.0712 165.3417 218.9896 259.4842 303.9261 357.5179
47.7237 83.8663 132.2231 154.5715 193.5704 230.5324 252.3524 270.0181 298.1847 344.4240
8.2258 15.2777 22.1328 30.1706 39.1179 47.3398 56.1955 66.5004 76.0305 87.4448
16.6308 33.2457 48.3601 60.1277 74.7968 96.3328 118.5387 143.1417 170.0374 199.6574
22.3062 46.4376 69.3848 95.6309 119.9636 143.1664 164.9601 185.6218 204.0182 223.1938
23.7610 51.0408 80.0648 101.8103 124.4658 142.9692 154.5404 168.5081 179.5127 189.9707
4.5349 9.8321 14.9949 20.3504 28.4285 37.8216 51.2310 65.2835 79.6909 94.5780
16.7566 33.9909 49.6113 68.5320 86.2476 101.5512 114.8293 127.6415 143.6651 159.9117
49.2568 86.0506 140.8330 190.2318 240.5482 285.4957 351.8954 423.3184 499.5742 568.3265
66.2402 147.7738 200.2816 321.5432 440.6878 501.5677 619.8678 676.5839 820.4128 872.9237
42.1693 148.3025 197.8593 262.0237 307.7961 370.8820 422.3187 472.2753 567.6142 613.8633
9.1578 16.6282 22.5365 28.5044 35.0202 45.6692 59.0685 75.1059 92.5619 111.2631
17.4261 35.0638 52.9461 77.2098 103.5117 125.7606 145.7677 162.5883 177.1355 189.7584
31.1526 65.7178 100.7313 127.1688 157.9727 187.3113 228.5982 271.8966 304.7056 343.0905
52.5320 94.3343 159.5851 240.8500 296.3957 362.5694 405.0037 458.8063 501.6131 557.6488
44.5946 76.9542 149.8425 197.2518 237.7399 288.9444 336.6793 411.2481 475.4080 534.1709
34.4229 67.8667 101.8387 137.0291 170.0721 201.9205 233.9875 266.1880 298.8438 332.6670
36.4621 73.8329 110.4827 155.9032 198.9003 235.6261 268.7949 296.5936 320.1669 341.0165
35.8229 62.0824 98.8193 123.9475 167.9108 194.4026 217.9901 241.0222 268.6841 287.2711
8.6069 16.3969 24.3145 31.2676 39.8197 55.3588 81.0910 110.4042 142.8781 173.4391
39.5108 78.6468 117.7461 162.6521 217.4556 277.6895 333.2023 385.8793 448.5952 501.3782
106.8795 214.0122 310.5717 391.5388 510.1174 570.7382 651.0236 769.6029 865.2330 913.6418
18.0386 35.7614 50.5699 62.8360 79.2936 99.0272 125.4117 159.3845 200.2531 247.5672
44.7379 98.7186 138.7396 185.1136 240.9675 300.9727 355.1086 413.8951 470.5982 521.1425
59.4208 124.6009 179.3064 235.5153 292.3042 333.8855 380.3977 416.3316 458.1478 493.4759
32.7533 66.9416 105.7364 140.7643 171.7855 211.7752 248.5005 282.7602 316.0110 337.8148
21.8322 44.8498 59.1233 86.1875 114.2910 139.8079 167.8413 199.9382 231.7026 275.3359
54.5037 186.5376 292.7709 341.2982 423.6099 466.2126 583.7516 728.0411 846.3249 896.7366
11.4577 20.9664 34.1128 47.9232 65.4295 82.8487 103.1647 126.6392 154.4972 181.2214
33.6558 83.6962 114.6991 162.9534 211.0326 256.9684 328.8442 381.3584 426.0132 476.7092
30.8397 64.6416 108.8564 171.2452 246.5784 322.5424 399.0498 474.9290 563.1596 641.3374
186.6533 442.8417 562.4377 758.1922 975.3837 1157.6723 1266.4896 1436.1927 1549.8708 1676.7057
95.0767 177.2012 292.8973 383.4787 476.3016 563.0814 663.6266 732.2735 823.4176 885.1448
60.6231 103.6576 155.1820 195.5776 244.8452 303.8138 363.4791 401.6707 435.9832 478.0016
22.8936 46.3456 71.5600 97.3371 114.7842 145.3090 163.1718 186.9568 209.0974 231.4455
28.8744 48.3739 66.0807 90.3236 128.2210 173.5223 203.9494 237.3887 262.9343 306.1007
30.6874 79.3783 133.6443 168.7281 216.5406 279.7986 351.1725 457.4666 550.0158 628.1418
63.4735 151.5147 226.7563 315.7332 403.5355 469.8807 539.1264 621.3951 688.3724 760.7005
55.9549 112.4336 170.1313 228.9285 295.9818 355.3609 419.1066 478.1303 544.1337 608.9472
77.4298 207.7010 281.8280 387.4052 461.5356 570.7690 675.0891 767.9401 910.1617 995.0021
122.3611 213.4102 316.8208 402.9475 513.3298 579.6627 689.5644 816.9762 915.2854 1015.2733
65.3354 123.2799 215.6463 302.3131 377.8319 468.9995 575.3177 675.9943 763.7863 849.6124
137.3605 273.6960 453.4207 625.5397 729.4169 830.5783 1009.0987 1126.8736 1258.5191 1403.6079
51.4675 104.6517 158.9244 213.5706 271.3997 324.9977 380.5051 436.2028 491.9325 551.4019
54.6418 110.7974 161.5632 216.3255 270.8279 325.4493 379.4910 431.2301 486.2810 537.9365
52.3919 107.9529 167.4134 233.9772 306.5290 373.3053 438.6736 497.8190 556.5723 622.2831
125.2566 226.3374 374.2819 460.7096 595.5690 694.7255 809.8121 925.0958 1066.5190 1193.4988
66.6814 132.8820 212.5146 264.3821 332.8876 404.2045 491.5313 574.1077 657.6001 734.9915
52.1074 102.3669 152.8910 205.3943 253.8297 295.2588 332.5038 362.6596 389.5845 415.8345
30.6114 61.1132 90.4595 131.2574 178.1288 231.4451 291.3216 355.6273 423.9051 493.4184
88.5668 228.2862 314.4155 461.1050 534.2702 635.1689 746.4185 798.6838 921.9475 974.0589
12.6160 28.9329 40.9576 55.8772 88.7546 133.0724 187.1760 243.2332 310.4780 380.4560
69.8746 135.9684 214.8091 292.9300 375.7704 462.1782 538.0445 624.0767 699.3275 768.9002
71.4390 199.8869 286.6708 396.0333 503.6054 590.2159 746.0231 823.4585 958.0103 1043.9832
47.1474 90.8520 134.6705 172.2926 211.8601 242.0530 266.8423 299.1357 325.9377 367.6543
21.8041 41.1076 59.8529 79.0309 98.6677 117.5574 135.5939 151.2695 163.7724 171.7318
3.6544 7.2729 12.9450 22.2428 42.5494 74.9517 118.0313 164.6858 221.1826 280.2362
76.3529 167.5981 242.4058 307.2010 382.0868 467.4994 567.9405 648.6045 719.7035 794.9524
84.6100 177.7204 293.7336 435.4328 516.6789 595.9358 703.2876 815.0603 908.0938 998.6233
158.4346 300.5632 438.7069 535.0775 621.9879 736.8601 822.2781 886.0705 970.5423 1027.8966
24.7896 47.5490 73.7782 102.4086 133.0147 156.3024 183.4376 204.0875 226.9979 243.4479
18.8444 39.0399 62.2465 84.1141 104.8866 125.9976 142.2206 170.8756 194.7115 216.7467
10.2504 21.3006 31.7692 40.8016 57.3632 86.3184 123.0023 166.9248 216.4639 271.4047
56.6804 112.2876 165.7837 216.1020 263.3280 303.2466 334.6786 357.3258 373.4818 383.3099
6.2012 12.2472 17.2119 21.9290 26.0877 29.9759 34.2554 40.1933 49.7113 64.0716
14.2552 26.2799 40.1775 56.9954 79.5129 115.8679 157.8362 207.8523 259.4272 315.4563
59.5968 124.4503 199.1606 264.9771 329.2221 387.4283 454.3341 522.1774 580.8932 642.2331
57.0607 116.0907 179.9747 244.4427 319.3319 389.0906 459.5102 528.1612 598.2005 663.3550
112.1302 240.7793 396.5425 488.5532 585.8076 680.3604 801.8622 931.0607 1061.8201 1199.0530
59.9034 115.0253 171.1775 230.8361 291.4861 349.7781 413.0848 475.9765 533.9011 594.5842
80.7694 169.6553 246.4941 325.4533 396.1115 460.8660 530.1051 621.9575 705.5541 794.8797
57.2906 138.2388 238.8885 320.1132 390.9338 468.6729 531.8456 609.1130 691.0580 780.1049
95.6893 152.8121 224.3656 299.1845 370.7246 445.5768 493.2407 538.5649 582.7042 634.9864
28.0339 56.1411 85.2893 114.9581 144.6332 168.6447 196.4138 228.0368 255.4700 280.6850
23.2638 43.2603 66.3446 97.0144 123.2690 159.0680 192.8817 224.2745 255.0804 279.5071
58.7524 96.9205 135.0006 164.0554 210.3227 235.3279 269.9172 308.0855 343.0847 373.9178
13.9882 30.2572 46.4430 66.0486 81.6939 104.6021 121.9108 134.1142 144.9829 158.5074
11.5380 34.1516 50.5313 73.6967 88.6024 129.0853 168.1205 220.4538 280.4223 351.0225
53.5863 104.8871 157.8639 208.6278 259.0109 300.6148 333.4475 359.0039 380.9372 395.9772
16.2748 31.4390 49.6015 71.9960 93.5258 113.1209 130.3295 144.5892 164.4770 184.7013
14.4218 28.1129 42.9063 57.9070 71.2717 87.0217 106.2112 125.7311 145.2278 166.1162
27.9658 62.7606 99.0605 132.4071 175.3193 224.2920 279.8470 332.8050 392.6070 451.0521
68.5071 132.4636 183.3621 247.2624 298.1806 334.1756 365.1809 403.7993 435.7082 466.8323
19.3490 39.4078 71.7099 95.6036 113.5352 147.5311 190.3564 233.9154 284.9989 338.2908
35.8267 70.4219 103.9452 137.1771 170.2584 199.1649 223.3658 242.3711 256.9172 266.2514
5.0084 9.8088 14.2381 22.9889 35.9045 56.2367 80.2521 113.3162 148.3247 191.7514
99.7946 178.2988 258.4298 335.2064 392.5558 467.9688 538.4619 606.7819 725.3065 829.6411
183.1490 338.4328 420.3675 528.8521 676.3889 816.8077 896.8426 997.3181 1077.8321 1123.8798
87.4629 168.8976 231.0508 280.7192 357.2716 443.2593 536.7439 612.3835 683.5817 728.3955
77.1357 149.1937 233.8842 319.7003 360.2484 437.8809 512.5362 578.4178 688.3132 788.4472
56.3043 110.2290 160.2774 213.5387 259.2846 300.7628 337.3199 367.3906 394.1981 416.0679
19.0099 39.5735 58.7016 79.2807 105.6960 140.2386 178.3007 222.0518 268.7858 316.7426
52.3974 109.6268 164.3267 224.9023 282.1637 340.1069 397.7134 450.2636 507.0661 562.4131
63.9570 138.8664 207.1538 293.4929 357.5333 422.3785 476.0971 530.3968 589.5447 657.2339
50.3506 100.5313 150.8389 201.8788 248.7018 296.0009 341.1034 387.2706 432.6523 480.3061
48.9864 96.4503 144.7410 193.1574 245.9588 296.4494 349.3662 400.2450 449.6363 499.6412
58.9608 121.6084 180.1788 244.5377 304.9589 359.9133 416.1012 479.5872 536.5684 600.8801
55.8410 111.7531 169.3087 226.4791 282.3636 328.9560 372.0227 416.7192 459.4753 501.4248
42.2785 84.3335 130.4706 175.1539 215.3081 249.1595 278.8666 299.7635 315.5072 324.7091
7.7548 15.9937 24.3488 45.8825 73.3167 101.0220 137.1235 176.4469 218.2202 270.4354
95.4306 175.9512 282.5541 424.7903 527.1769 633.7173 788.6625 921.3831 1082.5698 1248.3727
117.8141 271.4122 410.2119 536.4426 713.3176 919.5057 1009.0458 1108.7386 1277.0653 1404.0528
12.9440 24.1033 34.3711 46.8148 61.5777 84.6464 110.0824 137.2787 165.4511 193.8389
34.8158 67.6947 101.3459 133.6129 160.3874 184.2925 208.2086 231.1232 257.8526 276.9425
15.1366 29.0113 43.7298 56.8579 75.6567 106.8045 144.2571 185.0526 238.5869 288.0882
55.6279 110.6329 167.9747 225.7173 278.7142 334.8344 391.1194 452.2918 510.7676 572.5827
72.0286 147.9143 208.6285 278.6957 339.0545 404.4477 472.5844 536.9914 598.0930 665.4979
73.2612 162.0680 234.0095 301.2340 376.6819 458.9801 522.1519 602.8345 684.9390 747.1425
77.2816 156.1289 221.0954 289.7703 362.5778 426.9841 494.6634 557.0283 627.4849 684.9049
52.3480 103.6938 154.8471 205.5182 252.3378 292.7529 330.0505 368.0582 406.8466 446.3198
44.5081 85.7734 128.8060 173.7521 219.0691 273.1854 326.9544 383.3935 435.9790 488.2640
50.9163 103.0175 155.1511 211.1004 260.9327 314.3781 363.5017 411.4408 465.7099 519.2607
56.7877 108.1565 168.6348 229.3060 299.5034 367.5628 432.0922 496.8372 564.6888 627.4645
117.0239 210.8856 299.9389 385.8613 495.6154 607.4563 714.8959 820.6093 921.1469 985.6665
72.5522 152.7230 235.5511 302.1891 371.3008 458.8803 532.8666 617.9954 695.6025 772.8603
78.2651 150.8046 226.7196 282.7585 344.5504 411.4417 471.6275 526.6824 592.1877 656.2228
50.7056 101.8873 151.7104 203.8005 256.4716 300.6653 344.7645 386.8552 431.1819 474.4355
50.8036 104.9646 151.0964 202.1399 259.6379 311.4859 366.1465 424.8135 481.6076 539.9595
45.6659 92.7304 139.4284 191.4309 240.9324 295.5286 345.2311 400.0712 451.4566 500.8219
48.9059 104.4545 160.5125 221.9842 279.2460 328.7811 369.1686 404.5679 431.8459 450.5281
18.1685 38.4822 66.9728 84.4298 121.3038 167.5384 228.8253 292.7616 366.7014 441.2067
101.4822 192.4718 285.5217 358.1551 434.2494 548.5255 642.5253 719.6855 787.1737 850.6640
26.8676 53.5468 80.7996 110.1834 138.8303 178.7032 217.5600 260.4067 302.6148 339.2788
39.5571 73.1982 97.9482 133.8034 160.9261 195.1840 216.5540 233.5583 249.1897 265.2555
12.8960 29.7133 48.5837 67.5064 85.7252 104.1671 120.2084 148.4468 177.3062 216.1514
43.3411 115.1669 203.1890 282.0094 370.7585 456.3994 566.0080 654.6438 754.5435 853.7401
113.8657 305.8793 438.1279 571.1240 702.6375 839.0363 1073.3209 1266.5441 1455.8505 1591.5985
202.8991 365.5770 540.0263 672.7814 796.8245 974.8441 1117.5236 1223.7369 1331.0850 1452.8492
58.8018 117.1006 177.6162 247.2592 322.3257 392.8169 469.6054 553.3640 630.1679 698.1232
93.7666 217.0001 290.4551 354.6103 426.6930 544.5791 619.2166 727.9221 814.4155 913.7925
71.2537 135.0439 199.3733 261.4348 323.1880 387.1134 440.9663 496.0568 550.2787 604.2733
57.3436 148.0560 210.0002 268.9297 339.7234 408.4197 489.8390 581.0924 679.9676 787.5774
85.2241 149.7973 260.9680 363.3674 496.3710 556.4771 625.1294 697.3176 761.2982 833.3577
40.0488 87.7629 129.3790 199.5968 252.0082 319.6171 375.4364 434.5939 502.0317 585.3505
106.5700 207.5309 292.2099 376.1478 464.6071 537.2518 628.8045 728.6835 818.2205 954.4763
44.2536 73.2919 106.6371 163.1500 222.4808 263.0300 309.9152 364.0240 412.1392 451.0323
41.3933 72.9430 105.9775 131.7132 169.9828 194.8359 227.7880 265.6286 297.8533 309.1356
11.5951 21.6145 28.6891 37.5765 48.3876 56.8874 66.7572 83.6965 98.2851 117.3493
14.9469 26.9657 40.7167 60.9007 76.9931 90.4829 105.4793 117.5517 129.9549 141.3771
22.2929 42.9044 80.6273 120.0082 136.0676 159.7663 193.1045 226.2867 256.5071 319.5563
40.7124 81.7237 115.7665 152.2104 194.1086 233.6659 266.4473 296.1125 318.9077 334.1991
17.8152 37.5968 55.0294 82.2628 106.1978 132.3242 161.7357 192.0195 219.5098 243.0429
81.0183 213.0993 308.0214 337.5948 454.9074 484.7922 559.1055 622.1640 673.5172 753.4091
72.2257 150.8205 197.7500 256.0155 326.3358 405.9939 496.6923 581.8338 680.4570 765.6280
52.9240 104.1672 156.1530 205.8482 251.6011 296.4335 342.3800 385.3693 428.1076 473.2705
43.0222 88.0047 132.7985 176.4121 224.0453 273.5520 323.0710 371.8385 422.6361 472.6318
50.9536 100.2023 149.2377 197.5399 244.4143 294.8435 343.7078 392.2043 441.0214 489.4569
48.0866 95.3613 147.4811 198.9592 247.4597 287.3236 319.6975 342.1160 360.0892 371.1866
10.7628 25.6441 36.2801 51.9960 70.4543 88.9131 116.7112 140.3847 161.2843 185.6623
63.3603 118.6721 188.7588 247.8096 278.4214 366.1642 474.7424 559.2072 630.1610 738.0327
57.4556 116.1809 169.9482 227.9130 281.6524 335.3812 385.9202 441.8038 489.5853 542.6337
50.7966 102.0939 151.7729 200.6163 257.9947 310.9478 366.4927 418.1682 468.5288 522.9102
51.5295 106.9526 166.0077 221.9321 272.5571 327.8578 383.4609 440.2601 498.3016 553.8123
53.3844 104.4528 157.5599 214.2565 272.1253 329.4113 386.4028 439.7485 497.2818 554.1769
67.5061 136.9316 215.5598 278.9484 345.8999 396.4832 461.1566 534.8080 594.0298 660.1589
58.3943 112.7871 168.6480 221.2311 275.4882 327.0711 383.8511 438.3300 497.9110 553.3092
51.2590 98.4121 149.8012 200.5194 250.8255 301.8088 351.5430 404.2216 457.2296 507.1453
55.5411 109.0323 161.7772 214.7490 268.4983 318.4178 368.0498 420.9645 473.1205 523.6878
56.5663 113.6407 167.9753 225.6232 278.7102 322.2763 359.1263 395.5291 429.3224 458.5459
28.6097 59.6614 82.8314 112.8429 146.8369 194.8702 245.2003 292.5412 349.0267 400.8784
44.4776 94.4774 143.4551 196.9554 248.7448 304.1245 358.1458 412.0197 468.3120 522.4260
76.1314 139.4149 208.0401 287.3973 369.7425 439.4219 502.7773 571.3136 637.7789 705.0017
65.3773 162.2673 252.7467 347.8624 444.1757 504.6437 569.6420 650.7242 736.3386 817.8555
55.4880 115.1377 173.1437 231.0073 284.5544 337.5445 389.0212 441.4904 489.3630 535.8960
46.1662 95.8680 144.3638 195.6346 244.2423 281.9392 314.6310 338.7541 356.7306 369.3441
12.3294 35.1971 46.7609 68.1574 87.1933 108.2604 133.2241 155.7968 176.2559 194.2628
9.9493 26.3847 41.3192 62.1996 86.5487 105.2935 125.1284 148.5027 173.3107 197.2427
64.3239 139.0281 258.3119 330.6435 396.7851 498.8993 603.4975 662.0728 721.6250 804.6087
39.6389 60.9003 73.8286 96.4699 129.0932 177.5405 244.5195 316.4541 382.0926 456.3399
61.5184 125.8428 189.5285 255.6932 313.0630 374.3784 429.7259 487.6567 541.4763 601.3771
58.6479 108.4138 156.6553 204.5224 256.2029 314.2642 374.4381 427.9043 483.2095 536.6846
55.2016 108.2599 160.6822 210.5043 264.3006 316.0150 369.4871 425.9894 473.9641 528.5718
51.7187 104.4175 158.6662 210.0718 265.5599 305.9811 340.6425 370.0701 395.0942 415.7947
22.5646 46.1457 67.8795 90.2358 112.6584 134.2063 152.8400 177.0605 200.1505 225.4961
22.4175 45.6262 70.9735 97.5519 125.1134 155.2542 182.3008 205.8275 222.9219 237.2687
28.2663 53.0347 72.0056 102.2466 135.5159 166.7267 202.7197 238.3522 279.4111 321.8451
97.4507 184.8108 269.6349 348.2409 412.6337 513.4111 629.6563 678.7163 737.2238 796.8152
27.4167 53.2773 81.5677 107.8653 139.4587 168.2236 194.8483 217.4746 239.7105 257.9199
32.3902 62.3354 89.5037 125.5599 154.7999 196.5444 227.3169 255.0904 291.8280 329.5047
53.5381 86.0299 130.5103 187.6311 222.5568 318.6517 388.1082 418.5447 468.0492 537.4151
25.4144 42.8190 57.4463 76.5095 93.4398 124.3588 157.7957 197.4640 252.1018 302.3718
44.2581 92.8206 137.7524 178.0736 228.1600 274.1955 322.7719 371.6596 419.9907 462.8266
43.3399 86.9810 127.3292 173.4685 218.6322 256.7910 291.0312 327.7660 364.6721 402.0872
40.4458 80.1237 122.6621 159.8441 212.2079 271.9301 328.6576 387.7768 444.0571 499.3689
63.5330 124.6897 188.2992 249.9777 305.8619 354.8350 396.1616 439.4809 481.5645 520.7411
49.4442 113.6894 178.7531 229.0101 285.0982 343.4687 403.3860 480.3852 558.6292 627.0818
62.3813 143.7361 211.8998 285.5221 350.1791 408.7478 477.7986 532.6541 592.4837 664.2975
68.0250 123.9719 191.6226 264.9289 348.5899 414.9288 481.0042 549.4988 622.6829 685.4925
86.1841 211.0604 319.2280 440.1298 511.0955 613.4174 700.9152 809.9260 916.2950 987.4459
85.0446 163.1822 240.4002 321.9421 391.8368 494.6329 561.6549 647.6515 735.8281 813.5130
86.3747 155.2143 233.7423 322.5515 407.1127 498.6563 564.6791 661.4758 766.3567 850.3522
120.1941 217.2011 323.6495 414.3138 532.9857 652.5357 753.0518 856.8684 993.6714 1093.2576
161.5969 343.6281 487.9265 631.4493 726.7886 821.1521 928.8072 1046.1711 1151.0939 1326.1045
54.4060 119.5089 179.6742 240.6949 299.7575 348.9723 395.3075 445.1557 489.6315 538.4752
32.8713 68.6846 102.3171 136.1131 172.7208 215.3419 263.5035 315.6340 365.2989 417.3022
52.2561 103.4828 152.5880 203.7880 250.8103 291.0366 330.8838 368.2414 405.8706 439.7598
37.2629 75.8662 117.9601 158.9169 200.5953 239.9300 272.7665 303.5663 333.3695 363.2561
37.1786 75.9447 109.3778 154.6611 210.9055 254.0473 300.8096 346.5399 386.0464 419.0740
75.2186 138.4942 236.6627 292.4967 350.0020 476.5787 547.3064 607.8387 688.1340 791.7492
97.7246 185.6320 302.8979 420.8876 492.7210 583.0710 674.8856 763.7361 849.3869 966.9839
76.2478 177.4738 290.6550 421.9609 507.0180 600.7446 684.1662 789.0633 868.1588 927.8357
11.7780 22.7203 34.1677 44.9424 54.8311 77.6638 113.2033 152.8895 196.9654 241.2598
46.1164 85.6616 127.8900 165.8325 210.8530 254.6079 292.5951 321.5761 347.6379 371.7080
27.2069 52.4272 76.0492 98.7894 121.1633 138.2314 155.4559 169.2469 186.7065 197.3780
7.1336 13.5350 20.0353 27.8435 41.5404 73.0442 117.9700 168.8736 229.0155 287.7416
63.0077 118.0974 177.5421 238.4795 295.1970 353.4169 410.3393 469.2884 525.5138 580.7219
86.3154 149.7616 215.1193 288.6120 359.9400 424.1150 482.1843 532.3305 571.9700 611.7972
11.0828 24.9046 36.3989 51.4400 70.0490 99.5708 134.9562 178.2081 228.8614 279.4806
52.5947 118.0940 178.1126 239.9744 298.2448 363.3036 427.0757 483.0347 545.3381 604.5070
75.7152 159.5652 241.6120 335.4241 391.4167 445.7664 541.0111 625.8701 705.9006 785.5486
67.4036 138.1842 217.9181 304.7271 396.1080 499.2839 600.2378 709.0072 805.6431 903.7415
213.3187 318.8943 450.1329 608.8719 762.0039 913.5991 1030.7373 1163.5749 1295.2363 1395.1414
64.1320 120.3454 179.9417 244.0324 304.6391 358.4908 401.9787 435.4439 459.9180 483.6749
9.2752 17.1496 24.8401 35.3916 47.0099 59.6452 71.3250 80.3416 90.7400 102.3088
32.4904 49.3958 76.0712 108.2009 136.7403 175.4485 207.8069 238.9063 256.6076 282.1030
30.8127 72.5179 114.5298 148.3788 191.1095 238.5144 282.3427 335.6472 400.5891 466.8434
34.7479 67.7026 101.3197 134.8830 164.3259 190.4593 214.2211 237.5401 258.1574 278.2950
26.2935 56.2592 86.2354 117.0274 155.3076 204.2233 258.7172 322.4119 378.3358 437.6539
94.9153 192.1472 274.5618 344.3942 406.5902 479.0076 545.4701 591.3271 668.9300 724.6857
24.0782 40.1297 65.4900 82.8649 100.1492 120.2766 144.6065 164.5593 179.6041 198.3631
11.7239 22.8679 37.1510 51.9575 73.9195 104.6613 144.0061 194.5925 242.3069 293.1914
63.9483 136.8705 200.3909 262.0537 321.2698 370.0365 420.8973 467.1067 508.0893 571.6248
51.1393 102.4466 155.9378 219.7527 283.6582 351.3479 420.3523 500.6011 576.4261 654.7691
113.9429 233.0384 399.2713 495.5674 596.1454 703.0893 805.0928 895.4803 953.1275 1041.0728
56.3562 117.1953 175.5147 217.0558 259.9676 304.1201 339.5341 371.7844 403.2444 434.5668
6.9884 13.9274 21.9126 31.0587 39.9798 48.8142 57.5475 66.5731 74.1318 81.4424
18.5268 29.7794 42.1021 64.1649 112.7253 144.5339 168.1558 191.0719 223.7680 246.1482
63.4183 104.2905 152.5982 195.9072 265.9893 308.1065 364.2392 412.2117 513.4712 615.4669
