-11.8445 4.9465 14.5320 24.1305 29.1453 24.3188 10.5203 23.7645 23.0679 25.5371
-5.3096 4.1414 8.8879 7.4719 9.2518 7.3570 -0.8102 10.6336 10.2943 11.0154
-6.4182 1.9771 0.1039 -10.0496 -7.6561 -9.5039 -15.4804 -14.8304 -15.4930 -12.0145
-4.2475 2.2336 4.2527 6.6641 10.3027 6.6840 -7.0336 10.7539 10.2305 6.1713
-7.4105 -2.0546 -5.1337 -15.5545 -11.5473 -15.5375 -27.3297 -17.8008 -19.8508 -21.6085
-14.5414 2.6746 8.7977 11.3504 15.3258 11.6629 -0.5699 10.8566 9.1652 6.5128
-10.2203 -4.1339 -8.2848 -17.2408 -12.1938 -16.3102 -31.2137 -17.2418 -18.1832 -21.7514
-3.2792 0.1361 -1.5835 -3.7092 -0.4332 -4.8672 -17.6281 0.1594 -1.5902 -4.5206
0.3952 -2.9939 -9.7635 -18.1467 -15.4779 -16.4368 -20.8261 -22.4723 -23.5181 -23.2488
-4.7140 -3.1048 -8.5801 -14.6248 -12.7652 -15.5434 -25.3520 -15.8230 -16.9660 -17.6645
2.3202 -3.6780 -10.6940 -29.1977 -30.6246 -29.5344 -27.6029 -38.7687 -39.6695 -33.8734
-8.6975 -2.6109 -8.4113 -18.6006 -16.9062 -17.1570 -20.1617 -20.2698 -20.9344 -19.0359
-11.4070 -4.2457 -10.4973 -31.0344 -31.4039 -30.0018 -25.2418 -38.7992 -39.6488 -37.4256
-17.2461 -1.1707 1.1588 3.3645 8.5227 4.4602 -9.3219 2.0090 1.5332 1.3810
-8.7102 -2.2059 -4.1646 -4.4742 1.3750 -4.3414 -21.5523 2.4836 1.0414 -3.6508
-3.8910 0.6922 -0.1694 0.8168 6.9984 1.2820 -12.4094 10.0570 8.6949 7.4443
-6.4299 2.7192 0.9777 -9.2951 -3.6102 -8.1562 -23.0777 -7.2844 -8.1410 -8.7303
-3.9152 4.4797 8.4756 20.1363 25.0812 19.3188 3.0289 25.4781 23.9984 20.4381
-5.9922 0.1873 -3.3095 -16.5666 -12.5441 -15.3820 -22.1604 -17.1756 -17.3917 -15.5871
0.7160 1.9003 0.3857 4.0496 6.9645 5.2219 -2.5098 9.4523 8.2707 10.0242
-4.4771 2.3373 1.3635 1.2070 7.0172 2.1906 -10.1043 5.6891 4.5074 4.4666
0.7160 0.4656 -7.1148 -19.5591 -15.9652 -17.9734 -24.3459 -17.1377 -17.4330 -16.4266
-7.0908 3.5389 8.8295 12.2184 14.3289 10.9305 0.7719 21.0148 19.1691 16.0490
-7.9441 1.2050 2.9928 10.3104 12.2709 9.6088 5.8969 12.7768 12.1341 11.5781
-6.7426 2.4065 4.3022 4.2324 8.6117 5.2734 -6.3195 14.2328 13.2879 12.1245
-9.1352 2.5393 5.5990 0.4236 2.4113 0.5166 -2.9473 8.4000 7.3707 7.8553
2.3202 -0.1839 -4.7930 -7.6770 -5.7398 -8.0727 -15.9918 -6.5594 -7.2987 -7.1193
-9.3668 4.8570 11.4283 7.9784 10.1416 7.6281 -1.8203 13.9730 13.1164 12.2367
-3.7084 -0.5949 -4.5397 -8.3990 -5.6848 -9.6750 -19.1586 -10.0361 -10.8140 -10.9447
-6.7531 1.9553 4.1875 0.9908 2.7473 1.1801 -7.6305 2.2234 1.4269 1.3859
-4.0478 -3.9581 -10.2100 -28.6914 -28.3338 -30.1096 -32.7322 -34.4712 -35.7999 -35.4383
-17.1461 1.0332 9.9793 16.2282 16.5861 16.3948 12.6626 8.6470 7.2363 9.5379
-13.5855 -6.0063 -7.8648 -9.6651 -7.0605 -9.0688 -18.9734 -9.2355 -9.9961 -10.3854
1.3660 -1.1576 -7.6296 -10.3570 -6.2391 -10.6266 -23.3121 -11.3500 -12.5316 -12.1402
-11.7320 1.1367 4.6184 -3.5081 0.1668 -3.2320 -16.2500 -5.2277 -6.0243 -5.0324
-4.0478 -3.5292 -12.4461 -23.1629 -19.8141 -22.1000 -28.4215 -16.7656 -18.3686 -18.2227
-10.9738 -4.0446 -4.3726 -13.6037 -12.0215 -14.2408 -18.7642 -21.1684 -22.0014 -20.1465
-8.8094 -0.5997 -2.1292 -10.1366 -7.1934 -9.4844 -19.5199 -8.0762 -8.6482 -9.6353
-4.2227 -3.0654 -8.4096 -19.8293 -19.7613 -18.1619 -14.6938 -25.5195 -26.8539 -19.8516
2.3202 -4.5740 -13.6742 -38.6430 -40.9945 -38.1234 -28.2016 -51.2961 -51.9625 -44.1289
2.3202 -7.6305 -26.8133 -60.6063 -64.4852 -61.0711 -45.9508 -71.2469 -71.9133 -64.0797
2.3202 -4.8098 -15.6047 -46.5375 -50.7227 -46.6383 -31.4977 -56.7938 -57.4602 -49.6266
2.3202 -2.4947 -12.3086 -33.2512 -35.7887 -33.6137 -22.8074 -41.3055 -42.2734 -34.8578
2.3202 -5.6566 -22.0703 -54.0891 -58.2141 -55.1023 -40.0156 -64.9828 -65.6492 -57.8156
2.3202 -4.5740 -19.9977 -53.0914 -57.6219 -54.2328 -39.1922 -64.4883 -65.1547 -57.3211
0.3952 -2.9939 -12.9004 -42.3867 -46.0992 -43.2992 -29.6734 -52.7680 -53.4344 -45.6008
4.8952 -4.8377 -19.1398 -51.5434 -54.8480 -52.3645 -40.8824 -57.0824 -57.5660 -50.9633
0.3952 0.3922 -6.9691 -36.0312 -38.7313 -35.3422 -19.9562 -44.9234 -45.5898 -37.7562
4.8952 -4.9543 -19.4668 -49.7527 -52.2781 -50.7223 -42.2154 -51.5172 -53.1164 -46.5219
2.3202 -2.8897 -9.4555 -34.8625 -37.0242 -35.5227 -28.2469 -42.4777 -43.3359 -36.7328
4.8952 -4.5930 -18.4547 -48.7266 -50.8480 -50.1332 -42.4172 -56.3191 -57.1773 -50.5508
2.3202 -4.1074 -14.8910 -43.0535 -42.4654 -41.8262 -40.9869 -41.0950 -40.8877 -39.1502
2.3202 -3.2375 -10.0268 -29.2422 -30.5398 -29.2980 -23.0350 -32.6652 -33.8316 -28.2375
1.1452 -0.7095 -4.4314 -20.0449 -20.9293 -19.7156 -12.6418 -19.6453 -19.8871 -16.1098
2.3202 -6.7580 -16.9887 -33.3531 -32.7263 -32.4436 -31.1902 -29.0819 -29.9894 -27.4570
4.8952 -5.0371 -18.0039 -39.6326 -40.9303 -40.1689 -35.5084 -35.9415 -36.1670 -32.5125
2.3202 -1.3044 -9.3227 -34.9191 -35.5588 -35.4179 -32.6682 -37.3721 -38.1551 -33.2617
2.3202 -4.1074 -12.7863 -34.8367 -34.1948 -35.0605 -34.8626 -38.8082 -40.0203 -33.8156
2.9702 -5.0105 -20.6625 -48.4883 -44.4465 -47.4012 -60.9062 -45.1129 -45.9695 -46.4506
-0.7916 -0.4697 -7.2980 -33.3207 -32.2794 -31.0471 -28.2456 -32.5896 -32.3251 -31.8181
0.3952 -3.4152 -13.8547 -36.5633 -34.6099 -34.3580 -35.0144 -36.6416 -36.9148 -34.9943
2.3202 -2.9240 -11.0615 -27.6424 -23.7145 -26.4926 -36.2844 -24.5508 -24.6836 -27.8080
-0.8081 -4.6832 -14.2031 -34.4471 -32.9035 -33.5783 -41.4102 -30.0793 -30.1004 -33.5484
-14.4496 2.6813 10.5859 13.6302 16.3107 13.7680 6.9185 6.8104 6.7499 9.3687
-16.2918 -1.7062 3.9791 -5.1082 -0.6914 -3.1449 -14.9223 -5.3785 -6.4429 -4.5074
-1.2208 1.0305 -3.5711 -7.4578 -1.3773 -7.0938 -25.5500 -10.0816 -10.6234 -11.4529
-0.0340 0.7286 -2.4280 -21.9564 -17.5398 -20.9383 -32.2348 -18.3594 -19.5410 -16.6086
-2.6313 -1.7871 -2.3311 -13.4346 -12.7561 -13.2718 -15.6754 -17.6499 -18.1467 -15.4504
-2.6313 -2.9480 -6.2364 -26.8082 -23.5123 -25.4637 -30.7020 -24.1281 -25.1317 -23.3496
-0.0340 0.7172 -3.8965 -28.0584 -25.5248 -27.4166 -33.3775 -31.5753 -32.6066 -28.3055
2.9702 -2.2740 -13.3746 -39.3320 -38.2596 -40.9217 -47.7488 -35.9973 -37.1789 -36.5043
-3.0605 0.6951 -0.2901 -17.7818 -15.9093 -17.4178 -22.9385 -20.7150 -20.4943 -19.6394
-2.6313 -3.4071 -6.8809 -10.6361 -7.1172 -10.3367 -21.5176 -6.0492 -6.6213 -7.5316
-11.8289 4.4445 13.6195 17.5988 19.2461 15.6977 6.9082 13.8070 12.8328 15.5621
-10.2287 -4.1423 -7.2726 -21.4902 -18.5730 -21.2352 -25.5246 -17.8984 -19.4411 -18.9339
-5.9922 -1.5981 -3.2134 -6.5406 -4.5961 -6.4408 -12.5251 -10.3979 -10.5665 -9.2623
-11.4070 -3.1859 -3.6260 -15.5121 -12.1820 -14.9602 -24.0488 -17.1689 -18.1844 -15.5594
-7.5105 -0.8080 3.9148 15.3508 18.2125 12.9438 -2.5219 13.5633 12.2590 11.5569
-9.1352 1.8193 5.6219 3.7675 6.2221 3.3840 -5.5227 3.2748 2.2594 5.1980
-6.7574 -0.5974 1.0702 -13.8469 -12.0974 -11.9424 -15.4340 -8.8602 -8.9209 -8.7419
-2.7534 -2.5404 -4.1945 -17.4236 -16.0069 -17.2930 -17.9494 -18.0645 -18.5014 -16.8725
2.3202 -1.2585 -2.1279 -23.0289 -21.3256 -20.8528 -24.6729 -17.7896 -18.3759 -17.0717
2.3202 0.3542 -5.2645 -30.6760 -27.0400 -28.9445 -33.0160 -35.4202 -36.8402 -32.6813
2.3202 -2.2701 -10.9723 -35.5289 -32.9258 -36.0289 -43.9520 -34.8295 -35.8449 -32.2938
2.3202 -4.1486 -15.8086 -40.5869 -39.2287 -39.9100 -44.3984 -35.1977 -35.9543 -35.2949
-2.6313 0.7994 2.1646 -4.6205 -3.0262 -5.3590 -14.0063 -6.7018 -7.0118 -5.9305
-3.8181 -1.1375 -1.4657 -14.2783 -14.9990 -15.9984 -19.9113 -14.6203 -15.2065 -13.2828
2.3202 -3.3492 -9.6902 -26.6151 -27.4377 -27.9930 -26.9937 -31.5927 -31.7136 -29.3797
-0.1642 -0.8396 -5.7785 -27.1717 -26.4438 -27.3095 -27.8809 -25.3514 -26.7407 -24.5012
2.3202 -0.3067 -2.0344 -10.3227 -10.3119 -12.5312 -17.6308 -13.2961 -14.3115 -11.9699
0.3952 -2.5421 -7.7125 -31.1352 -30.4678 -31.0302 -32.5168 -29.7552 -30.7865 -26.1063
-4.2475 0.9777 1.7090 3.9508 9.2820 5.1062 -12.9281 7.4117 6.4703 4.2396
-14.8723 -0.3125 3.8184 -10.1297 -11.5832 -9.4184 -3.4348 -16.9082 -17.4922 -10.4703
2.3202 -6.3219 -21.6113 -52.5500 -57.4969 -54.0828 -38.9625 -64.2586 -64.9250 -57.0914
-5.7413 -5.2376 -10.0826 -23.5078 -26.0453 -24.7363 -14.9684 -28.7668 -29.9926 -23.4078
-1.6250 -2.9613 -9.0047 -30.4062 -33.7109 -31.2273 -20.0711 -40.7594 -41.4656 -33.6320
-8.2758 -5.1893 -9.8184 -25.5664 -28.9281 -25.8438 -10.2984 -35.5945 -36.2609 -28.4273
-9.5627 -1.9023 -3.4588 -23.1672 -25.0781 -22.5945 -10.8344 -36.1305 -36.7969 -28.9633
-8.8051 -2.7187 -10.8562 -39.5164 -44.0617 -40.6477 -25.5273 -50.8234 -51.4898 -43.6562
-8.3918 -3.3571 -5.4552 -23.6406 -27.7656 -24.3250 -11.6547 -30.0504 -31.1313 -23.2977
-14.6484 3.4211 7.8731 5.6796 5.6215 6.5435 7.1555 3.2098 2.8633 7.0180
-15.6301 -3.1750 -2.9914 -15.4949 -16.4787 -14.6234 -9.2078 -16.5398 -18.0805 -11.8836
1.8952 -2.1742 -12.0809 -40.4062 -44.5312 -41.4195 -26.7125 -52.0086 -52.6750 -44.8414
2.3202 -6.3219 -22.0773 -53.0676 -56.0160 -53.2461 -41.0250 -61.7133 -62.2516 -55.2492
2.3202 -4.0332 -18.7969 -47.4641 -52.0094 -48.5953 -33.0203 -57.9875 -58.6539 -50.8203
4.8952 -6.8063 -22.8641 -53.6844 -58.2297 -54.8156 -39.6953 -64.9914 -65.6578 -57.8242
1.1452 -0.9643 -9.0094 -37.6766 -42.2219 -38.8078 -22.9414 -48.2375 -48.9039 -41.1703
-12.7047 2.7945 12.0586 26.1215 29.9402 27.3586 12.4195 30.4359 29.1967 29.1176
-7.5072 -1.8685 -1.8985 -15.8566 -13.1988 -14.1577 -13.6696 -11.2174 -12.3602 -7.7203
-0.0340 1.2422 -2.3824 -7.1336 -1.3469 -7.0633 -23.1437 -2.1703 -3.3078 -5.0163
1.1452 -4.8766 -13.3203 -42.1344 -44.0395 -41.2539 -29.0059 -42.9078 -44.0367 -36.6211
2.3202 -4.4582 -15.2043 -36.0180 -36.5986 -34.7430 -26.8488 -33.4195 -34.5758 -30.6262
0.3952 1.4702 1.5444 -14.3180 -17.6227 -15.1391 -3.6762 -17.4746 -18.1125 -12.6477
2.9702 -0.7435 -11.5383 -43.1430 -46.2000 -42.4813 -26.7195 -47.1695 -47.4523 -41.7922
-1.2208 -0.4777 -8.9590 -40.3227 -44.8680 -41.4539 -25.1719 -45.9656 -46.3039 -39.5016
2.3202 -4.5740 -16.8914 -43.8613 -44.5957 -42.1215 -32.1637 -41.7938 -41.8781 -39.9650
0.3952 -1.4519 -3.9678 -25.0926 -27.5723 -25.7109 -16.1859 -30.0879 -31.4320 -26.7852
2.3202 -0.7512 -8.7738 -37.1055 -40.1625 -37.1320 -22.8398 -43.6336 -44.0359 -36.7961
0.3952 -5.6301 -18.8512 -49.4391 -53.5641 -50.1234 -36.2461 -57.0398 -57.7531 -50.7625
2.3202 -6.5672 -21.1008 -54.2102 -56.8523 -54.0523 -40.1297 -63.5523 -64.2188 -56.8945
0.3952 -3.9992 -14.2379 -38.1562 -41.4609 -38.3082 -25.6465 -37.5742 -38.2117 -31.7016
0.3952 1.2579 0.6826 -5.2295 -4.9159 -4.2777 -3.6668 1.0891 0.0637 -0.0854
0.3952 -1.4784 -4.3496 -25.6910 -27.7535 -25.8152 -19.0738 -31.0016 -31.4301 -27.0891
-0.0340 -3.4426 -16.5523 -48.5656 -50.8547 -47.7703 -32.2250 -57.5211 -57.8625 -50.4469
-0.8081 0.4580 -2.9617 -26.4109 -27.0793 -25.5234 -17.6656 -36.1641 -36.7023 -29.7000
4.8952 -5.7238 -22.1375 -53.4613 -56.7660 -53.9961 -40.3531 -65.6492 -66.3156 -58.4820
3.7202 -4.2605 -20.8797 -53.3535 -56.2441 -53.7875 -41.5750 -66.5422 -67.2086 -59.3750
2.3202 -6.7648 -25.2563 -57.3191 -59.8566 -57.4000 -46.2430 -69.3375 -69.3500 -61.5164
1.9366 -2.0902 -12.7777 -41.6379 -44.9938 -42.2242 -28.5812 -53.8773 -54.5438 -46.7102
2.9702 2.7242 0.5215 -15.4894 -14.8625 -13.8999 -14.3401 -14.7732 -15.2706 -12.9328
0.3952 0.4889 1.1042 -3.8801 -1.3684 -4.5879 -15.6418 -1.3609 -2.6855 -5.3726
1.8952 0.0481 -2.0349 -9.6830 -6.2105 -10.2008 -19.4937 -8.1465 -8.3680 -5.8988
0.3952 -2.9860 -12.1168 -40.2434 -38.9342 -39.1037 -39.7791 -48.3234 -48.3586 -43.1813
2.3202 -4.8098 -14.7168 -42.1609 -41.0610 -41.3656 -43.7764 -46.1807 -47.2758 -42.9484
2.3202 -3.0396 -10.1885 -28.7328 -26.1258 -29.2289 -35.9264 -29.0275 -29.6770 -26.8242
0.3952 -2.5686 -6.0354 -22.7289 -20.8566 -23.6352 -32.1125 -22.6832 -23.4226 -22.4383
1.1452 -2.2360 -8.3535 -28.1313 -30.4209 -28.8215 -25.0025 -33.8568 -33.3432 -32.9816
-0.0340 2.2172 5.5857 13.6930 15.9824 14.0211 2.4309 17.8836 16.5207 14.0782
-14.1074 4.6008 16.2033 12.8965 11.0477 11.4451 13.6845 11.9421 11.6500 13.9691
1.8952 -2.1512 -9.3961 -15.4475 -12.3758 -16.8098 -29.6406 -13.2305 -14.2500 -14.5137
2.3202 -2.5878 -7.8236 -26.1359 -24.4754 -26.4268 -33.2992 -26.4160 -27.1064 -25.2605
-3.4174 6.0260 12.9766 18.4352 20.9965 18.6074 6.3086 15.8172 14.9029 14.1002
-11.7445 4.9297 15.7480 17.7062 19.2201 16.6047 10.4254 21.7531 21.3777 21.9946
-6.7426 4.9469 12.3340 25.8488 25.7631 22.6602 16.6030 17.1223 16.7753 17.8468
-9.0266 2.0322 6.2669 -0.6389 0.2435 -1.2650 -5.6615 -5.7766 -6.5565 -4.0684
-4.6979 -1.9175 -2.9880 -16.2852 -15.1701 -16.7375 -24.2437 -12.9129 -14.2314 -13.3207
-1.2208 3.4696 5.5631 5.5087 6.6324 3.9266 -5.6832 -3.2499 -4.7739 -3.8398
-5.5631 -3.9615 -6.6667 -13.3330 -11.4652 -15.1887 -25.9381 -20.9564 -22.0681 -19.7020
-11.8363 4.9469 14.8570 16.1505 18.6037 16.5363 6.3230 14.2594 13.6875 11.8107
-14.5414 0.4590 1.9371 -8.4918 -7.9263 -6.6369 -4.5557 -9.1546 -10.5176 -8.6195
2.3202 -5.6824 -21.3156 -50.4371 -47.8407 -47.2476 -45.1664 -52.1699 -52.8484 -47.7578
-0.8081 -2.7938 -11.9363 -40.5406 -42.2893 -42.5605 -39.0912 -44.1232 -45.1715 -41.2969
-0.8081 -1.2821 -5.7957 -21.9421 -21.2577 -23.4043 -27.8623 -25.1199 -25.2730 -22.9758
-0.8081 -4.1610 -9.2309 -30.7375 -30.0159 -31.4516 -35.0039 -26.2064 -26.1381 -27.3892
-3.0605 4.4881 6.2527 -10.1779 -9.0172 -11.2824 -18.4012 -13.6293 -14.6586 -16.0173
-17.1461 2.8219 12.1123 12.3566 15.3723 13.1594 5.1541 9.5048 8.9305 8.8930
-5.2348 3.0639 8.7492 -4.0234 -1.7447 -3.2992 -11.9848 -3.1873 -3.4012 -3.6359
-6.4182 3.0252 7.0594 8.4992 12.8203 8.6719 -7.5391 14.6984 13.6812 6.5266
-2.6313 -1.6758 -3.2097 3.0250 8.8750 4.0000 -13.2109 11.2453 10.5281 0.9930
-2.6313 0.4477 4.8762 12.9484 17.7629 13.0078 -1.5344 21.0102 20.3398 11.5859
-4.2475 6.2410 14.0568 16.6291 21.7328 16.0438 -1.1672 23.2891 22.6187 13.3570
-6.4963 1.8990 3.7057 4.3564 8.0938 5.5375 -8.5375 12.0898 11.4195 2.6656
-6.5420 5.9758 15.2434 24.2410 28.2508 23.3297 6.1188 30.5750 29.9047 20.5258
-9.7922 5.2738 15.3680 30.3242 36.4016 31.5266 14.3156 38.7719 38.1016 28.6367
-9.0234 6.0426 15.2000 24.6338 28.5094 24.4797 10.6992 33.2438 32.1484 24.1984
-4.7140 1.4422 4.2807 10.5305 15.4672 10.5922 -6.6188 17.8375 17.1672 7.8758
-11.3070 5.2211 20.8719 42.4422 47.1891 42.3141 25.1031 49.5594 48.8031 39.2680
-7.8398 4.6699 14.1488 29.3676 34.1141 29.2391 11.1867 31.2016 30.4562 21.6023
-14.4414 6.9773 22.4355 41.3711 45.7820 40.9070 23.6961 48.1523 47.3570 38.7625
-3.0605 3.5094 4.8866 -0.7511 3.7199 0.3945 -15.4719 8.9844 8.3141 -0.5141
-6.3139 7.2562 19.9789 33.6852 37.9375 33.0164 15.4031 37.6406 37.0406 29.0906
-6.4963 7.5066 22.7516 46.2211 49.1258 44.2508 27.0398 51.4961 50.8258 41.4313
-7.4105 0.9844 9.8170 17.3918 21.4273 16.9422 0.8984 20.9133 20.6562 12.7063
-7.4105 2.4576 11.2902 17.0111 19.7898 15.4285 2.9117 21.0078 19.5695 12.4148
-0.8081 0.8839 6.9557 9.1314 9.5896 8.7516 8.9413 11.4741 11.6777 7.9688
-2.6313 -1.0408 1.0358 -3.7898 -6.1484 -3.9734 5.9594 -17.1352 -17.8016 -9.9680
-0.8081 -1.8016 -6.1023 -21.0055 -25.9945 -22.6055 -7.4852 -32.7812 -33.4477 -25.6141
-0.8081 -2.4950 -4.8095 -8.3616 -10.4129 -9.4822 -5.9689 -12.5432 -13.3813 -6.3938
-0.8081 -1.8038 -6.1046 -25.4887 -30.0164 -26.9320 -12.4586 -30.5297 -30.8023 -23.3781
1.1452 -2.3557 -8.4848 -27.7121 -29.5172 -27.9613 -20.4891 -33.9625 -35.4164 -27.5828
-14.0043 1.1699 12.3207 32.1180 34.2844 30.6258 14.0953 36.3328 35.7328 27.7828
-12.0684 4.8848 23.0500 55.5922 59.3430 54.4680 37.2570 60.1227 59.4523 51.0508
-2.3271 4.5678 12.4539 31.7727 35.1305 30.2555 13.0445 37.5008 36.8305 27.4359
-14.6117 8.3070 28.8125 61.3547 65.1055 60.2305 43.0195 67.3742 65.9227 56.3875
-3.1987 2.7406 8.1086 20.8078 24.5586 19.6836 2.3766 26.8328 26.1625 19.2039
-2.3271 3.6122 8.9836 27.8242 31.5750 26.7000 9.4891 33.9453 33.1109 23.5758
-1.8979 2.1272 8.8414 33.0227 36.7734 31.8984 14.6875 39.1437 38.3172 29.3203
-6.8279 -0.5637 7.1906 31.7602 35.5109 30.6359 13.4250 37.8812 37.0469 27.5117
-5.9889 3.9756 14.0695 39.2398 42.9906 38.1156 20.9047 45.3609 44.1328 36.1828
-3.8181 2.6439 14.4906 39.9414 43.6922 38.8172 21.5102 45.9664 44.8711 36.8430
-4.5520 2.7680 9.3920 19.3469 24.0938 19.2188 2.0078 26.4641 25.7078 16.1727
-14.4414 7.4023 24.1363 46.3055 50.0563 45.1813 27.9703 52.4266 51.6000 42.0648
-3.1826 2.3317 3.5899 0.5969 5.5875 1.5312 -14.2422 8.3203 7.7203 -0.2297
-14.4414 6.9773 22.1492 46.3242 50.0750 45.2000 27.5688 50.1094 49.4391 40.6023
-2.7695 1.9062 1.2570 0.0812 4.5715 0.8102 -14.5383 9.4977 8.7578 0.8078
-8.1758 0.2361 6.4436 22.0695 26.4805 21.6055 4.3945 28.8508 28.0555 18.5203
-2.3271 2.7736 2.8597 -1.1000 2.9953 -0.7664 -17.2969 4.9406 4.3406 -4.0445
-1.8979 0.2288 -3.0820 -17.7250 -13.6445 -16.7914 -27.4324 -9.6449 -10.6055 -17.7602
-2.3271 6.3738 10.3697 21.2195 24.7844 19.9094 2.6023 27.0586 26.3883 17.6344
-5.4792 -3.0275 -3.1573 0.4594 5.1234 0.2484 -17.3648 5.1758 4.5055 -4.2484
-0.8081 -2.2308 -6.9247 -16.4164 -13.1285 -16.5570 -25.8656 -10.3008 -11.2078 -16.1504
-8.2842 -0.7543 2.7313 5.3439 6.3768 4.3812 -5.4305 17.1141 16.4438 7.6898
-14.7723 0.6270 10.0965 24.7055 29.3031 25.3203 9.4539 33.9102 33.1445 24.3906
-9.0234 3.4051 8.2478 0.6223 0.8668 0.0288 -0.2064 -4.8054 -5.3022 -4.5900
-0.1480 0.4826 -4.2309 -24.7020 -26.9164 -25.8148 -19.4625 -28.6604 -30.2008 -24.0258
-0.8081 -0.4522 2.0805 -0.1724 3.2969 1.2762 -8.5773 6.9875 6.5641 0.9957
-3.0605 4.9828 14.8547 32.7992 37.6406 32.7195 15.0883 37.6328 36.9625 28.5609
-3.8181 0.8917 3.4243 13.1391 16.8203 11.8992 -5.3117 19.1445 18.4742 9.0953
-9.0266 7.5016 21.0742 43.6531 47.4039 42.5289 25.3180 49.7742 48.9398 39.4047
-4.2475 5.2920 11.9160 20.0422 24.8008 19.9258 2.7148 27.1711 26.4383 16.9031
-4.2475 5.2920 12.9566 25.1074 26.7590 23.9367 11.4199 29.2074 29.0469 21.0047
-11.7363 8.2027 22.4926 42.5500 45.9617 41.7984 24.5875 49.0438 48.3734 39.5047
-11.3070 3.1172 12.4918 34.0219 37.7727 32.8977 15.6867 40.1430 39.3164 29.7812
-11.7363 5.2434 11.9812 18.4242 20.1301 16.7016 7.6090 23.1738 22.7504 17.1820
-11.7363 6.7129 17.9980 28.7578 30.8160 27.0539 9.4211 33.8773 33.2070 24.4297
-2.1086 1.4917 4.8756 17.4270 19.9906 15.5180 1.6117 26.0680 24.9820 16.5969
-10.5496 4.8297 15.4590 28.5543 32.5172 28.4156 11.2047 35.6609 34.9906 26.0883
-3.8986 2.5824 3.5075 -1.6393 0.6664 -1.4449 -13.3625 8.8750 7.3688 -0.5813
-5.8846 3.2414 8.0840 20.3480 24.3719 19.4508 2.5430 20.3305 20.1695 13.0148
-6.3139 3.1371 6.6263 5.8354 9.5625 5.9711 -5.6406 18.8156 18.1453 9.7437
-7.5854 1.5406 5.0298 6.1795 8.0434 3.6820 -8.8348 8.9527 8.4668 1.3180
-6.5334 5.5621 13.3547 30.0320 33.7828 28.9078 11.6969 36.1531 35.3266 25.7914
-11.7363 3.6547 13.0191 26.6418 31.3969 26.5219 8.9086 29.2484 28.5742 21.7707
1.8952 -1.8072 -8.9551 -21.4107 -20.2812 -23.4281 -32.9457 -17.0754 -17.5613 -24.3586
0.3952 -2.1277 -11.7176 -40.7313 -41.7781 -41.4677 -38.9804 -43.2353 -43.0280 -40.2119
-0.8081 -3.3692 -11.4066 -30.8232 -29.4553 -31.7152 -38.8340 -31.8578 -31.7160 -32.3364
2.3202 -4.0098 -12.0047 -36.5659 -37.0600 -38.3271 -41.0311 -34.4729 -33.9873 -34.9558
-0.8081 -1.0722 -3.5914 -14.3125 -11.9922 -16.7938 -30.1707 -14.6059 -15.0293 -21.0305
-0.8081 -1.9579 -1.3389 -2.1531 4.3680 -0.5070 -18.1383 2.5102 1.9102 -6.0398
-2.6313 2.6787 6.6814 7.9242 9.5695 6.1410 -2.9441 12.6207 11.7723 6.1316
-2.7284 4.3836 15.4254 34.4336 37.5055 33.8469 19.9266 44.3828 43.2969 34.9117
-11.3152 4.8258 15.0484 26.7742 29.7758 24.7977 7.5867 32.0430 31.3727 22.1109
-9.8922 5.1738 13.4963 24.8977 29.3164 24.4414 7.2305 31.6867 30.9305 21.3953
-14.4336 7.6473 23.3254 38.8508 43.2859 38.4109 20.7977 43.0352 42.7109 34.3000
0.0728 6.4465 13.4870 18.9822 19.6100 16.9039 7.5594 28.1867 27.5164 18.7625
-7.8525 4.2434 9.9513 14.1523 16.4727 13.3727 0.4348 18.2223 17.1187 9.9641
-9.0395 7.1016 17.9555 35.9109 40.6813 35.8063 18.5953 43.0516 42.3344 32.7992
-6.3299 7.8898 17.6914 24.8543 26.8461 24.0707 9.5734 29.5883 29.0492 21.7828
-6.3299 6.8410 14.4329 18.6523 20.1801 16.5766 4.6586 27.2031 26.5328 17.7789
-3.0605 3.0957 5.4127 8.8822 11.6004 7.7293 -3.2207 12.3441 11.4371 4.6242
-11.7363 3.6738 10.4310 14.6619 16.9848 13.8379 2.8879 16.5527 15.7078 9.6871
-5.4792 -3.0275 -6.2309 -20.4452 -19.5014 -22.0910 -27.7387 -14.3988 -14.4797 -20.0480
2.9702 0.5855 -6.2504 -33.3775 -33.2868 -34.5002 -36.0648 -33.8414 -34.3195 -33.6890
1.9366 -3.6475 -13.1297 -38.0768 -37.9398 -37.3555 -36.4504 -29.7805 -29.9637 -31.2686
-0.8081 -4.4785 -16.7113 -46.0174 -45.9305 -47.2632 -49.1053 -42.4354 -42.6186 -44.8078
-2.6313 2.0482 6.6851 6.5178 9.0703 4.5930 -11.1758 10.6406 10.1016 2.9469
-3.0605 2.9994 10.6641 15.1992 16.5506 14.7314 8.0672 15.0434 14.3219 9.9129
-4.2475 7.8410 19.9348 27.4889 27.6650 24.9008 16.4203 36.4352 35.8961 28.2891
-4.2475 5.7170 14.8602 28.7219 31.9586 27.0375 9.4242 31.6617 31.0617 22.6508
-8.6102 6.4477 23.5914 53.4914 57.2422 52.3672 35.1562 59.6125 58.7781 49.7531
-5.4096 2.9852 10.9830 20.0484 22.4270 18.0656 5.5930 30.0492 29.3789 20.9906
-6.4215 6.5320 17.7918 36.6813 39.3008 35.6422 20.0039 42.2414 41.9172 33.0711
-7.0824 3.2070 13.6066 32.3242 37.0180 32.1430 14.9320 39.3883 38.7180 29.3234
-5.0700 2.0535 11.9254 29.3641 33.1039 28.6781 12.5680 37.0242 36.3539 27.6000
-7.8398 3.1111 11.9438 27.2555 32.7719 27.8969 10.6859 35.1422 34.4094 24.8742
-9.0266 8.5766 26.1148 51.0438 53.9484 49.0734 31.8625 56.3187 55.6484 46.9031
-2.6313 0.8727 7.5797 23.1977 27.6164 22.7414 5.5305 29.9867 29.2539 20.8969
-6.5486 3.3273 10.4559 25.7836 29.5297 25.5469 12.0656 36.5219 35.8516 27.0977
-11.7363 5.5680 22.0617 46.1562 49.3891 44.5141 26.9008 49.4453 48.7750 40.0211
-2.6313 0.4477 7.8965 27.1031 28.7586 25.1426 13.7680 36.0055 34.9148 26.0641
-6.1670 2.8402 11.7682 23.6992 24.7871 20.4258 5.7566 21.6305 20.9945 13.6711
-8.5975 3.4059 15.2680 26.3457 27.8336 24.2871 11.6016 24.9414 24.8605 18.8398
-3.8910 6.6160 19.8695 41.7297 43.8414 38.9203 21.5445 41.5594 41.3023 33.3523
-0.0340 1.9040 4.8436 6.6240 7.0189 4.7590 -5.0504 8.2895 8.2086 2.2070
-0.8081 -3.3692 -7.8742 -17.8305 -15.6281 -18.9469 -33.4437 -15.3445 -15.8836 -23.0383
-0.8081 -1.0722 -4.7121 -18.5592 -14.6562 -19.1289 -35.1883 -15.1734 -15.9187 -24.6727
-0.8081 -2.0212 -7.2107 -27.9717 -26.8686 -29.8992 -39.1004 -20.6953 -21.2953 -28.9086
-0.8081 -4.0491 -10.9586 -33.6648 -34.5301 -35.4757 -39.0261 -36.4966 -36.6181 -38.2094
-0.8081 -2.2833 -5.1428 -10.4191 -6.4062 -11.3273 -27.5383 -5.3008 -5.9008 -13.8508
2.3202 -1.6878 -2.3555 -2.1616 -0.3896 -0.6838 -7.1953 6.4547 6.3562 -0.0090
-2.6313 -2.1937 -4.8098 -7.5530 -6.2611 -8.4797 -15.9988 -2.6590 -3.0254 -8.2332
-3.0605 4.5578 11.2793 12.4932 14.0234 11.6906 4.7754 22.8742 22.3352 15.1805
-3.0605 3.5094 6.6883 6.7365 6.1352 4.4320 1.1908 5.2165 5.2809 0.3246
-0.7916 0.1450 -4.7148 -14.1395 -15.0118 -15.6408 -17.2054 -14.6760 -14.7975 -16.8221
0.3952 -0.0341 -3.2219 -13.6264 -14.9967 -13.9900 -12.9725 -19.5432 -19.7250 -15.3301
-0.8081 -4.1311 -11.6234 -31.6539 -34.9988 -32.4410 -23.3285 -41.8305 -41.8992 -34.4750
-0.8081 0.4668 2.4893 -5.0281 -4.7412 -5.3600 -9.8629 -0.6590 0.0332 -4.4004
-0.8081 0.8839 3.4170 -4.4652 -1.4770 -5.0684 -16.4590 -2.4871 -2.5855 -10.2898
-3.4174 4.6260 13.6547 23.2664 25.1926 20.3906 7.5656 32.0219 31.3516 22.9500
-3.0605 2.0402 2.9801 12.4973 14.1465 12.0352 0.0211 22.5656 21.8953 13.1414
-12.4898 4.9148 16.2664 36.4355 38.6574 34.8961 19.5477 44.0039 42.9180 34.5102
-5.4664 3.6410 16.5586 43.7180 45.9969 41.5656 23.9328 48.3891 47.7188 38.9414
-5.4664 -0.0978 0.8583 -0.2612 1.6594 -0.1131 -6.3715 2.8324 3.1363 -2.8844
-3.8181 2.3311 3.6926 -1.0005 -1.2732 -3.8629 -9.2152 6.6586 6.1727 -0.1926
-0.8081 2.1840 5.3443 -6.8522 -6.9248 -9.0713 -15.5484 -3.8148 -4.6562 -9.9785
2.2202 0.4813 -0.9517 -7.3320 -5.6262 -9.0547 -19.5195 3.0211 2.3508 -6.4031
-0.8081 -0.6543 -0.6543 -1.1279 4.9945 0.1195 -17.0914 7.3648 6.6945 -2.7703
-2.3271 1.1846 2.7592 -2.5211 -3.1018 -1.8600 4.6537 0.3988 0.3383 3.5176
-4.1749 3.8684 14.7773 23.2107 23.7824 22.4529 18.1980 33.9586 33.4727 27.1074
-2.6313 0.3383 3.1768 13.4668 17.3719 12.4969 -4.7141 19.7422 19.0719 9.6773
-3.0602 -2.7353 -2.3361 5.7986 9.4480 6.6141 -6.7730 11.3258 11.0688 2.6578
-0.8081 -1.8016 -3.1417 1.3809 5.9891 0.2727 -16.9383 7.5180 6.8477 -2.4141
-2.3271 0.9675 5.1598 13.7609 18.4852 12.8430 -4.3680 20.0883 19.4180 10.1562
-1.8979 -1.5730 -1.6773 -0.8895 2.1262 0.1777 -10.9055 6.8820 6.7211 -1.3469
2.3202 -4.3463 -13.6045 -24.8365 -21.4125 -25.1797 -42.0539 -17.5977 -17.5969 -25.2664
-0.8081 -1.6162 -2.4242 -14.6840 -18.8055 -16.0055 -3.8305 -29.1266 -29.7930 -21.9594
-0.8081 -1.6162 -3.9690 -18.4371 -22.1387 -19.6609 -11.4074 -27.5023 -28.5195 -21.1039
-0.8081 -1.6162 -2.4242 -13.0658 -14.3861 -13.4555 -9.5365 -18.4094 -18.4445 -11.4172
-0.8081 -1.6162 -1.1996 1.5695 5.1883 1.0867 -16.1242 8.3320 7.2367 -0.7133
-2.6313 -0.5045 -4.5736 -13.8623 -7.7359 -13.4523 -30.6633 -6.2070 -6.2969 -15.0508
-0.8081 -2.0212 -6.0010 -18.7511 -15.6340 -18.1768 -25.3072 -16.4135 -16.6564 -19.8391
2.3202 -2.3865 -15.0555 -44.3703 -42.4849 -42.3824 -47.6691 -38.4652 -38.1613 -43.3727
-0.8081 -2.9253 -6.5420 -16.4663 -13.0551 -15.1664 -27.5523 -3.0961 -3.7664 -12.6172
-0.8081 0.8839 6.3402 16.0742 19.8250 14.9500 -2.2609 20.6086 19.9383 11.1844
-2.6313 0.3383 2.3574 5.6140 7.6076 7.2410 1.4215 19.5180 18.7727 10.0188
-3.8181 1.6962 4.1289 11.8887 16.6359 11.7609 -5.4500 19.0063 18.2500 8.7148
-11.7406 5.6523 17.2332 41.3812 45.1320 40.2570 23.0461 47.5023 46.6680 37.1328
-2.9882 -0.8614 -3.0481 -2.2502 2.2465 -0.2633 -14.6195 9.8367 9.1664 0.4125
-2.9882 -0.8614 -3.8281 -8.5299 -5.6383 -8.6336 -25.6109 -1.1547 -1.8250 -10.6750
-1.2292 -0.9043 -5.7617 -23.3723 -25.5910 -23.4004 -16.5332 -27.0312 -27.3316 -21.9625
-0.8081 -1.6162 -2.5627 -9.4120 -11.0500 -10.1003 -9.0367 -8.4023 -8.5677 -5.1621
-1.8979 1.0717 2.8586 8.0523 10.5469 5.6758 -10.8766 13.1594 12.9453 7.2277
-3.0605 2.8788 6.3484 -2.8494 -3.0989 -2.1492 0.5010 -1.1295 -0.9731 -2.3139
-1.2208 4.7186 6.2740 -0.4015 0.2234 -3.2609 -12.2527 5.5348 5.3012 -1.1508
-6.8803 0.0258 4.7631 12.4055 14.9000 11.2414 -5.6328 18.8234 18.1531 9.3992
-0.8081 -1.6162 -3.6832 -5.0020 -1.1008 -5.9758 -23.1867 1.2695 0.5992 -8.7953
-0.8081 -0.2293 0.0957 -11.8810 -9.5592 -10.8887 -15.1438 0.4211 -0.2148 -7.8219
-2.6313 -1.2655 -4.0164 -13.0793 -10.5418 -13.3777 -25.7633 -1.3070 -1.9773 -10.3656
-0.8081 -1.8016 -7.4270 -26.5340 -29.9289 -29.2141 -21.9578 -33.4516 -33.9230 -26.9445
2.3202 -3.9023 -10.8459 -32.5734 -38.3320 -34.9180 -19.0516 -44.3477 -45.0141 -37.1805
4.8952 -0.9941 -8.4561 -29.4887 -34.0164 -31.2164 -18.9781 -39.6664 -40.3727 -32.5391
4.8952 -2.2189 -12.1145 -34.3681 -35.4258 -34.4951 -29.4936 -36.0678 -36.4695 -30.7023
-0.8081 -1.7261 -3.7117 -13.4115 -14.7828 -13.4658 -10.9515 -12.9260 -12.7795 -7.5949
-2.6313 1.3868 4.9602 13.6422 16.6008 12.4375 -4.7734 19.6828 19.0125 10.2828
-6.1193 3.8381 14.5594 41.3641 45.1148 40.2398 23.0289 47.4852 46.6508 37.1156
-5.1432 3.7658 12.6883 34.9273 38.6781 33.8031 16.5922 41.0484 40.2141 30.6789
-5.4588 -2.5893 -1.3359 7.0180 11.1047 6.2297 -10.9812 13.4750 12.6422 3.7883
-2.9882 -0.4679 -0.3594 6.6738 10.3734 5.4523 -11.7586 12.6977 12.0273 2.6484
-1.2292 0.8976 0.4433 3.9551 5.0984 2.7641 -10.0469 14.4094 13.7391 4.9852
-0.8081 -2.2389 -9.9430 -19.2055 -17.3434 -19.4547 -33.6617 -11.1172 -11.7875 -20.5414
-2.9882 -0.4679 -1.3251 0.6789 5.4297 0.5547 -16.6562 7.8000 7.0672 -2.4680
-4.2227 0.8780 1.2967 0.3453 4.7172 1.1723 -11.8070 8.8203 8.1500 -0.2430
-7.1900 2.7053 3.1971 -3.9299 -0.0613 -4.4930 -22.1289 2.3273 1.6570 -7.1203
-0.8081 -2.2389 -7.7299 -21.1691 -22.1568 -20.5863 -14.5300 -14.5300 -14.9593 -14.2471
-0.1480 0.4826 -2.2609 -20.1578 -25.1578 -21.7437 -6.6234 -31.9195 -32.5859 -24.7523
-3.4894 3.1000 6.5771 9.6873 13.0480 10.3891 0.1289 13.7789 12.8719 5.9594
-19.4230 4.3340 24.3852 56.9273 59.8320 54.9570 37.7461 62.2023 61.5320 52.1375
-11.9594 7.9777 27.2977 58.2430 61.9938 57.1188 39.9078 64.3641 63.5297 53.9945
-11.4230 4.0645 18.4445 49.3898 52.2945 47.4195 30.2086 54.6648 53.9945 44.6000
-14.0070 8.0516 26.6547 59.1969 62.9477 58.0727 40.8617 65.2164 63.7648 54.2297
-8.1842 0.2758 5.1066 24.3719 28.1227 23.2477 6.0367 30.4930 29.6586 20.1234
-0.8081 -5.2664 -12.7695 -19.7961 -13.2750 -18.1500 -35.3609 -10.9047 -11.6219 -21.1570
-1.8979 0.2288 -5.3965 -23.4922 -23.7607 -22.1902 -18.6770 -25.5762 -25.7580 -23.6215
2.3202 -6.3219 -23.2977 -56.4156 -60.6211 -57.1805 -43.4711 -64.5930 -64.9313 -57.0977
-0.8081 -1.0652 -3.4915 -8.6079 -7.2888 -7.7319 -8.7588 -8.4338 -8.4338 -8.4338
-2.6313 -1.6602 -2.5490 -12.1771 -8.9893 -9.7266 -18.0156 -5.0965 -5.1379 -10.7965
-3.8181 6.3713 18.5422 50.6625 54.4133 49.5383 32.3273 56.7836 55.9023 46.3672
-0.8081 -0.8772 -0.3620 8.3266 12.0773 7.2023 -9.3500 15.1062 14.8313 6.4469
-0.8081 -3.6051 -6.3604 -9.3156 -4.5687 -9.4438 -26.6547 -2.1984 -2.9547 -11.4523
-0.8081 -2.7938 -7.0939 -11.2881 -11.0576 -11.9438 -14.4159 -9.9690 -10.0905 -12.1146
-0.8081 -2.0212 -10.0660 -33.6207 -33.8893 -33.0817 -31.1133 -24.4434 -23.7512 -29.3918
-0.8081 -1.6162 -5.7893 -31.0008 -29.9002 -29.7175 -32.1705 -29.6221 -29.3542 -28.6421
-0.8081 -2.9518 -8.5703 -25.4350 -22.7471 -25.0203 -32.4016 -12.3867 -12.9258 -20.5133
-0.8081 -1.6162 -1.9172 1.1500 5.1680 0.9578 -16.2531 8.2031 7.5328 -1.8461
0.3952 0.3952 0.2982 2.1207 4.4551 -0.3000 -16.8320 7.6242 7.6742 -1.1766
-2.6313 0.5482 1.7901 -0.9670 3.8629 0.9148 -15.1953 9.2609 8.5906 1.5344
-2.6313 0.5554 -1.9758 -14.6979 -13.0680 -14.2918 -26.1324 -7.7281 -8.0523 -16.8062
-1.8979 1.2887 -2.3629 -11.6281 -9.7463 -10.7512 -18.4098 -2.8449 -3.2684 -9.2695
-3.8181 2.3381 3.6996 -11.5047 -15.3719 -12.2602 2.2207 -16.6063 -17.2070 -10.7945
2.3202 -6.7648 -25.9477 -59.7406 -64.2859 -60.2016 -44.2430 -69.5391 -70.2055 -62.9031
-0.8081 -5.2664 -12.2100 -20.5995 -17.8609 -18.4797 -23.5792 -19.1323 -19.2538 -19.8249
-3.8181 2.6668 6.5461 5.5492 6.0492 5.8998 6.8047 13.7842 14.2510 11.9541
-2.6313 2.0287 4.5619 4.9172 8.6137 4.8461 -12.7898 11.6664 10.9961 2.2188
-2.9882 -0.0671 1.3328 5.0152 10.1023 5.2273 -11.9836 12.4727 11.7398 2.2047
-2.9882 -0.8614 -1.8770 7.4516 10.6844 5.8094 -11.4016 13.0547 12.3844 2.9195
-0.8081 -4.0491 -7.5539 -11.7371 -7.2480 -10.0234 -22.3953 2.0609 1.3906 -7.3633
-0.8081 -2.2389 -10.9523 -32.4252 -28.7469 -31.1398 -42.9633 -27.8199 -28.1863 -32.9617
-0.8081 -4.4785 -13.5234 -43.7969 -45.1129 -43.2289 -36.4703 -47.6391 -48.1691 -41.5359
-0.8081 -3.6051 -6.3604 -12.9285 -9.5715 -13.6625 -26.8937 -4.3531 -5.0234 -13.7773
-0.8081 -2.2389 -8.1926 -26.5187 -27.3448 -26.3382 -24.2840 -31.1832 -31.5262 -27.9645
2.3202 -4.0332 -21.3391 -52.0334 -49.3881 -50.0068 -54.8201 -48.5713 -48.6928 -49.2015
-0.8081 -1.6162 -2.4242 -2.8430 1.4602 -2.7031 -20.3344 2.2062 1.5359 -7.3102
-2.6313 0.3383 2.4493 5.0117 9.7625 4.8875 -12.3234 12.1328 11.4000 1.8648
-0.8081 -1.8097 -1.9597 0.2758 4.6867 -0.1883 -17.3992 7.0570 6.2617 -0.9969
-0.8081 -1.6162 -2.5821 -14.4168 -17.4902 -15.9887 -9.1215 -19.6008 -19.4121 -15.2266
-11.2996 4.6047 18.6789 42.8875 45.3273 40.4062 23.1953 47.6516 46.9813 37.6023
-14.0074 5.9418 23.9289 52.6734 56.2703 51.3992 34.1883 58.6445 57.9742 49.0719
-3.0605 6.0578 18.1387 38.9617 41.6914 36.0023 18.7914 43.2477 42.5773 33.3156
-11.7363 7.1379 22.5961 45.9313 49.5281 45.3180 28.1070 52.5633 51.8930 42.5141
-4.2475 7.8410 22.1273 45.2559 47.8156 42.9445 25.3133 47.8578 46.7719 38.7023
-9.0266 5.8227 17.9035 39.0250 41.6445 37.9297 22.5812 47.0375 46.3672 37.6133
-3.0605 2.3648 11.0688 27.0371 29.9445 26.1656 9.2422 29.5656 28.9656 21.0156
-7.0824 4.2898 17.4082 38.3137 40.8734 36.6633 20.8727 45.3289 44.2336 35.8258
-5.1432 5.8000 17.7617 35.4023 38.9484 34.0273 17.0727 39.3102 38.9859 30.5703
-4.2475 5.1961 16.8723 39.3820 41.5484 37.5656 24.6914 45.0148 43.9242 35.1703
-9.0266 5.3082 16.6770 33.7980 34.8871 30.3555 15.3742 37.6117 37.0117 29.4023
-3.0605 6.0578 17.1016 34.3258 36.2062 33.4309 19.5352 43.9914 43.3211 34.8133
-6.4963 6.4387 17.7902 37.3328 40.5656 35.6906 18.4797 42.9359 42.2656 32.8711
-9.0395 4.2199 16.2168 34.0723 35.6141 31.1367 13.5039 37.9602 37.2898 28.5125
-7.8398 4.7004 13.1193 22.5098 23.4230 21.7523 8.7004 26.4879 26.1344 17.3805
-4.2475 6.7922 19.0934 39.7109 42.9437 37.2273 19.9203 44.3766 43.7062 34.9523
-4.2475 6.3672 14.2836 11.3924 11.1070 10.8122 8.2791 17.4828 17.5078 12.3000
-4.2475 3.8229 7.8219 6.0695 5.4174 4.9276 1.3733 6.1293 6.0750 -0.1297
-5.9006 5.7891 18.9074 40.3609 43.6055 38.7305 21.5195 45.9758 45.3055 36.9172
-10.5496 7.4785 24.3012 48.8969 51.0633 46.1320 28.9211 51.4836 50.3930 41.6391
-8.6051 5.9437 20.8563 44.2047 47.1633 42.7375 25.1047 49.5609 48.8906 40.1133
-2.6313 2.0439 7.5002 16.6848 17.2564 15.4373 11.2082 24.5480 23.7566 18.8906
-6.4963 4.4430 13.5859 29.9391 32.5586 26.8695 11.0789 35.5352 34.8648 26.1109
-4.2475 4.2365 8.9775 19.1141 22.0633 18.5184 6.7211 20.3711 19.9477 14.3793
-1.2292 4.0695 9.0117 13.8551 16.4199 13.2469 1.3238 17.1977 17.0367 9.4484
-9.0234 8.1656 22.2512 34.1949 36.1867 32.8672 16.8070 39.0445 38.7203 29.9664
-2.7695 -0.7655 1.6480 3.1148 6.9363 3.8363 -6.2070 16.0305 15.4305 8.5633
-2.6313 1.6304 3.6528 10.7184 15.8375 10.9625 -6.2484 18.2078 17.1219 8.7141
-1.6044 2.9557 6.3241 7.6781 7.2650 7.9042 6.5102 13.1801 13.5094 8.1922
0.3952 -2.1013 -7.5799 -25.0914 -29.3125 -26.8289 -14.5277 -27.9801 -28.2805 -22.5688
-1.8979 -2.8832 -7.0416 -19.0197 -20.2979 -19.7048 -17.2551 -23.8293 -24.6676 -18.4430
-2.6313 -1.4438 1.8047 -0.8986 0.1727 -1.6721 -8.7574 -4.3105 -4.0463 -4.8419
-2.6313 -2.4183 -1.8917 -8.3479 -6.5320 -10.2555 -22.7375 1.7188 1.4438 -4.3422
-0.8081 -0.4431 1.6539 13.5617 14.8152 11.7113 -0.3250 24.1313 23.4609 14.7070
-2.6313 2.4424 9.6934 19.3820 22.6672 17.7938 3.7188 23.7336 23.5195 15.1117
-12.0684 0.7660 8.6674 16.0477 17.6375 14.3117 0.5383 23.0828 22.4125 14.0016
-4.5520 5.5527 12.3012 16.0109 17.5375 13.6195 2.6695 18.1223 17.6988 11.6781
-3.7322 6.4688 12.4715 12.1961 14.4559 12.1699 4.3508 15.4695 15.1695 11.5479
-1.2208 5.9840 11.1396 15.1430 17.5254 13.1641 2.6805 24.9180 24.3180 16.3680
-6.3299 6.8410 14.8541 21.1748 21.7465 19.5281 10.6234 30.6383 30.0992 22.0312
-8.6102 3.8141 11.9395 24.6254 29.4070 24.4859 7.2750 31.7313 31.0609 21.6820
-7.0951 5.9648 14.3025 22.4320 25.0363 20.7219 8.2051 26.3039 25.7648 18.6102
-3.2953 6.4727 18.1410 29.7754 32.0174 29.1344 16.7484 41.2047 40.5344 31.7805
-6.3299 8.3031 21.1387 37.5031 40.7898 35.8688 18.2375 40.4750 39.8750 32.1969
-5.1432 3.9828 7.3678 5.3829 9.4187 7.3543 -5.0320 19.4242 18.7539 10.3430
-4.8804 1.2758 3.1907 -1.3027 -0.9456 -1.9450 -5.0742 -0.3184 -0.5016 -1.4507
-0.0340 1.9814 2.2958 -3.6363 0.3766 -4.5445 -20.6250 1.9195 1.2492 -7.5047
-4.2475 6.9910 18.2098 39.3344 43.0852 38.2102 20.5789 42.8164 42.4922 33.7383
-2.3271 2.6465 9.4641 27.1066 29.4410 24.6859 10.3547 34.8109 34.1406 25.3867
-3.9401 1.1605 1.9965 3.5457 5.4750 3.2621 -2.8395 10.8105 10.3871 5.4453
-15.2098 5.7961 21.7398 49.3016 53.0523 48.1773 32.0969 54.3344 53.2438 44.4898
-3.3651 3.6229 9.2001 15.9453 19.2992 14.8266 0.1930 20.2078 19.6688 12.8488
-1.2292 3.4390 6.4874 2.6442 2.5338 1.2478 -0.1193 4.3275 4.2061 4.0337
1.8952 3.9993 6.9396 -1.8906 -1.5629 -4.7137 -15.1625 4.8523 4.3133 -2.8414
-5.1432 6.9336 23.2125 43.8406 46.6320 43.3594 28.4117 48.7320 48.0320 39.6469
-1.2208 8.9617 19.7879 34.6008 36.6437 31.7227 14.0914 36.6320 35.9617 27.2078
-14.4414 6.9895 23.7016 38.2426 41.6656 37.4555 20.2445 44.7008 44.0305 34.7547
-4.2475 4.6615 12.5477 22.2409 23.6037 22.3797 11.5063 31.8297 30.7391 22.3234
-9.7922 6.1121 19.3602 24.8201 27.2070 22.8457 9.9242 25.4891 25.0656 19.4973
-3.7084 6.2561 15.0887 14.0560 13.7552 14.3944 14.8937 19.3405 19.5441 15.8391
-8.5975 3.2811 13.1566 16.6178 17.8134 17.6380 15.7695 24.6633 24.3240 21.1414
-0.8081 -0.2293 3.3250 1.0002 0.2795 0.3727 5.6443 1.3703 1.4568 4.3055
-8.1758 0.6371 5.0258 9.8913 10.4190 10.6141 9.7846 14.1353 13.1039 18.0781
-17.4785 4.3652 21.1840 43.0227 47.1133 42.2383 24.6250 46.8625 46.2625 37.8781
-17.1461 8.7437 30.8312 60.7313 64.4820 59.6070 42.3961 66.8523 66.0867 57.3328
-2.6313 2.4689 7.9486 13.6496 15.5242 11.1629 -1.7586 14.1152 13.9168 7.8961
0.3952 0.9105 6.9822 15.9779 16.3838 15.2066 6.0102 22.1922 22.6445 14.9531
-4.2475 7.4270 17.3133 32.3156 34.5418 29.7859 17.1273 37.1422 36.9813 31.8992
-5.1432 5.8961 16.9398 30.4684 33.7109 28.0219 11.8109 34.0484 32.9578 24.1070
-14.4414 7.6395 22.5992 41.4992 44.1188 39.6461 23.1437 45.3812 45.1672 38.3566
-4.2475 2.6473 7.6861 16.1395 18.3574 14.3211 1.5031 25.9594 25.2891 16.5352
-3.7246 2.7566 5.5986 18.2570 21.6641 16.7930 -0.8203 21.4172 20.3266 11.5727
-11.8363 5.4680 20.9262 41.6367 43.1785 38.3766 24.8953 49.3516 48.6813 39.9273
-10.2244 0.0578 11.5977 33.8711 36.8297 32.6664 15.4555 39.9117 39.2414 29.8625
-17.1383 8.6406 31.7578 62.7125 65.6172 60.7422 44.9516 69.4078 68.7375 59.9836
-7.4029 2.5811 11.7352 28.3711 32.1219 27.2469 11.4656 35.9219 35.1562 26.4023
-3.0605 4.9828 13.4018 26.6836 30.7625 25.8875 9.8070 32.3516 31.6812 22.9273
-6.7650 0.5856 3.4128 5.5358 5.7649 5.3218 4.4143 6.6377 6.5770 7.9390
-2.7695 -0.2135 1.1360 8.0719 9.8836 6.0125 -4.5016 19.9547 19.2844 10.5305
-4.6041 4.3049 11.8848 32.4824 34.3641 30.3344 15.7922 38.3367 37.6664 28.9125
-15.9594 7.5844 28.8102 61.3523 65.1031 60.2281 44.4375 68.8938 68.2234 59.7297
-2.6313 1.5189 4.0516 11.9904 14.6578 11.0664 -1.4504 16.3371 15.3758 9.2094
-11.4777 4.5555 20.6477 44.8234 47.7820 42.8609 27.0703 51.5266 50.8563 42.1023
-0.8081 -2.5225 -1.4823 2.7219 5.1117 2.4527 -6.0273 13.9875 13.4484 6.2937
-0.8081 -1.6162 -2.4242 -2.3876 -0.4023 -2.8383 -13.7883 1.7766 1.3531 -4.8402
-6.0076 3.5248 8.7844 13.6379 16.9875 11.2984 -5.9125 18.5438 17.8734 8.6117
-9.7922 4.2180 11.8826 20.2441 21.7668 19.0609 8.5961 31.1406 30.4703 21.7164
-11.7363 5.2434 13.6699 18.9383 21.5449 19.1559 8.2059 23.7707 23.9547 16.9969
-6.3139 5.7816 12.3092 20.2371 21.0961 17.1781 7.1352 29.3727 28.7727 20.8227
-1.8979 0.2288 -3.8441 -21.6031 -23.7516 -22.1957 -15.3730 -28.8465 -29.7047 -23.3977
-0.8081 -4.4400 -18.6578 -50.1223 -53.8785 -51.1086 -38.0484 -59.1703 -60.2000 -52.3664
-0.8081 -3.6051 -5.5909 -5.9410 -2.9145 -7.2289 -20.1668 -6.5020 -7.2934 -11.2684
-2.6313 -0.6158 3.2664 9.5508 13.9820 9.1070 -8.5242 14.0203 12.9344 4.9844
-2.6313 0.9618 4.8328 8.8548 8.4034 7.1900 4.2352 13.0176 12.9000 6.3508
-6.3299 6.0719 21.3977 45.9938 48.9523 43.3102 26.0992 50.5555 49.8852 40.6234
-9.0234 6.8809 20.4535 43.7000 46.3742 42.1641 24.5508 46.7883 46.4641 37.7102
-6.3139 3.9951 13.4738 30.8027 31.7160 30.2680 22.7410 36.0809 36.3250 29.0789
-9.0395 4.2199 17.6594 39.6234 42.9813 38.1063 20.8953 45.3516 44.6813 35.2867
-6.3299 3.9791 13.8547 28.7746 31.4441 26.2016 12.1852 36.6414 35.9711 27.2172
-3.8181 2.0515 7.8174 23.4352 25.6602 21.9453 6.5586 26.8820 25.7914 17.0375
-11.3070 4.6172 17.8652 35.8324 38.9008 34.1453 20.6641 45.1203 44.4500 35.6961
-6.0049 6.0836 20.6793 47.4898 51.2406 46.3656 29.1547 53.6109 52.7766 43.7797
-8.6059 5.4035 19.6934 41.3320 45.4273 40.5523 23.3414 47.7977 47.0805 37.5453
-5.4664 1.1076 5.4239 12.2805 14.6629 12.0039 1.5391 24.0836 24.0844 15.3305
-0.8081 -0.7189 -0.7189 2.4484 3.3092 -0.1660 -9.5539 3.7859 2.9410 -3.0797
-0.2718 -1.1450 -5.1019 -8.4227 -6.8871 -9.6652 -19.5187 -3.9539 -4.3773 -10.3789
-2.3271 0.5425 -2.0037 -8.6790 -4.7082 -7.7031 -23.0516 1.4047 0.7344 -7.6672
-0.8081 -4.4785 -12.7473 -37.3660 -38.1600 -37.2293 -32.8773 -39.1070 -39.0262 -35.5750
-0.8081 -3.2379 -12.7230 -41.9363 -46.3133 -43.9680 -32.3250 -55.4195 -55.7617 -48.9023
-0.0340 4.6299 10.3957 22.1256 24.1707 21.0668 6.3047 28.8453 28.0797 19.2258
-17.4785 6.0648 25.5211 51.7289 55.3094 50.4344 33.2234 57.6797 57.0094 49.2477
-4.2475 4.7711 13.7031 30.0562 34.1352 29.2602 12.0492 36.5055 35.6023 26.8484
1.1452 0.1639 -1.8223 -6.1810 -4.8159 -5.3317 -6.8641 2.3398 1.6148 -1.6420
4.8952 -3.2789 -13.9660 -43.3336 -48.2805 -44.8664 -29.7461 -55.0422 -55.7086 -47.8750
2.3202 -2.8158 -16.7047 -47.8355 -50.7188 -48.5730 -39.2379 -55.4406 -56.8453 -49.0117
2.3202 -2.1544 -8.8895 -28.1053 -31.4430 -29.5816 -20.7531 -36.9562 -38.3656 -30.5320
2.3202 -0.0754 -6.1348 -31.3510 -34.6875 -33.1316 -25.7246 -44.1203 -45.0328 -37.5453
2.3202 -3.4729 -11.0656 -35.0443 -36.0334 -34.7440 -32.7273 -43.8930 -43.9281 -37.6727
2.3202 -3.2371 -15.9133 -46.7047 -47.8658 -47.1045 -42.5359 -54.1355 -55.7977 -49.0922
2.3202 -1.7143 -4.9027 -14.3148 -12.4355 -14.7809 -22.7715 -18.4208 -19.0070 -17.8814
2.3202 -7.2051 -22.1578 -48.0294 -47.1167 -48.3006 -56.0590 -40.2812 -40.4455 -40.5943
0.3952 0.9025 4.7817 3.9680 4.4971 2.1508 -5.0117 5.6855 4.8890 5.9303
-0.0340 2.3102 6.0813 -8.4434 -10.0738 -9.0371 -5.5527 -0.8930 -0.8671 -3.7758
-11.8445 5.4598 20.7281 47.8680 50.7297 45.8086 28.1773 50.3016 49.2109 40.8094
-0.8081 -2.9438 -4.1378 -1.3094 3.7352 -1.1859 -18.3969 6.0594 5.3891 -3.9898
-3.8181 2.2418 4.9724 11.9305 17.7766 12.9016 -2.8891 21.5672 20.8969 12.8641
-0.8081 -1.2040 0.4701 10.8086 15.4594 10.5844 -5.1898 19.2664 18.5961 9.8422
-7.4105 0.1191 6.2061 16.8621 22.7109 17.8359 0.6250 25.0812 24.3484 14.8133
-14.0121 5.9102 25.6578 57.7781 61.5289 56.6539 39.4430 63.8992 63.0180 53.4828
-11.7363 7.1379 22.9207 49.7461 53.4969 48.6219 31.4109 55.8672 55.0328 45.4977
-17.4785 4.3652 21.9242 48.7461 52.4969 47.6219 30.4109 54.8672 54.0328 44.4977
-3.0605 3.9273 10.5354 21.7955 23.7254 20.4062 4.6328 29.0891 27.9937 20.0438
-7.8398 5.0949 17.1715 38.3883 42.4711 37.5961 20.3852 44.8414 43.7555 35.3477
-7.8398 5.7301 16.7738 32.5867 36.2219 31.3008 15.5195 39.9758 39.3055 30.5516
-5.4664 0.0593 1.4174 -2.3215 -0.3240 -2.5969 -11.2898 -0.1711 -0.4711 -4.9047
1.1452 1.7872 0.9102 -11.1979 -9.3197 -11.8625 -18.1209 -8.6125 -8.9789 -13.4125
-3.8181 3.8117 8.8740 10.7182 13.3129 8.0703 -7.2688 17.1875 16.5172 7.7633
-3.8181 2.7561 10.2047 25.5332 30.2797 25.4047 7.7734 30.3141 29.6437 20.8898
-0.8081 -4.0491 -7.7624 -9.5711 -5.4926 -9.9703 -28.4297 -8.1094 -8.7094 -16.7336
-14.7723 3.2562 15.8824 37.0352 40.7859 35.9109 18.2797 40.5172 39.9172 32.3078
-6.3139 6.2066 16.0820 22.4465 27.8500 22.6547 6.4484 30.9047 30.2344 21.4805
-9.0266 7.9527 21.8355 36.2422 39.8937 36.0227 22.2547 36.2105 36.0133 29.2129
-4.2475 7.8410 22.9828 41.8539 44.5836 40.1109 24.3422 46.8828 46.2125 37.4586
-7.4105 2.0215 13.6941 28.5203 31.2469 27.0367 9.4055 31.6430 31.0430 23.0078
-4.2475 8.9043 25.6352 45.2852 49.6082 44.6898 27.4789 51.9352 51.2648 42.3625
-3.0605 3.4207 9.1832 11.8309 12.9660 10.7531 2.8133 13.9320 13.6320 9.6570
-5.1432 5.8703 16.4996 24.8320 28.7328 24.2328 9.0813 24.9711 24.1297 18.9219
-11.7363 6.0816 20.6961 44.8031 48.8859 44.0109 26.8000 51.2562 50.4609 40.9258
-3.8181 2.7447 7.3857 20.6828 24.7617 19.8867 3.6758 26.2203 25.5500 17.0641
-3.0605 2.0402 3.0805 7.2148 13.0555 7.4133 -8.3773 16.0789 15.4086 6.6547
-8.1758 2.4129 11.8809 33.3953 37.1461 32.2711 16.4898 40.9461 40.2758 31.5219
-7.0824 3.9578 7.5546 8.5023 9.9641 5.6027 -6.9141 10.8734 10.3875 4.3824
0.7160 4.9510 5.4428 -4.1704 -0.4871 -4.4051 -14.4477 7.7898 7.1898 -1.1953
-1.8979 2.7508 5.4971 -9.7133 -13.2336 -9.4898 5.5828 -17.0797 -17.7461 -9.9125
2.3202 -2.8158 -13.4672 -39.4562 -44.4836 -41.0695 -25.9289 -51.2250 -51.8914 -44.0578
2.3202 -2.9430 -7.3217 -33.1437 -37.6891 -34.2750 -19.1344 -44.4305 -45.0969 -37.2633
-0.3548 -1.8807 -5.3588 -17.7437 -20.0207 -17.8457 -7.0859 -30.1805 -30.8469 -23.0133
-15.5301 -3.5076 2.6969 10.9842 10.8737 10.4306 8.4448 8.0117 7.3529 12.8102
-17.9078 0.9008 8.3883 10.0891 7.6248 9.1520 15.5340 -0.6687 -1.3703 6.4633
2.3202 -6.3219 -22.3031 -52.0273 -56.5727 -53.1586 -37.2000 -62.4961 -63.3187 -56.2664
2.3202 -6.7648 -23.6266 -57.1453 -62.1727 -58.7586 -42.8000 -68.0961 -68.7625 -61.6555
1.1452 -2.1132 -8.0785 -27.2852 -31.5031 -28.7031 -15.8789 -41.1750 -41.8414 -34.0078
2.3202 -3.1602 -14.5121 -45.1281 -49.7641 -46.7070 -32.7219 -58.0180 -58.6844 -50.8508
2.5452 0.5750 -9.5477 -39.0836 -43.6289 -40.5719 -25.8648 -51.1609 -51.8273 -43.9938
-17.4785 0.1660 6.5711 15.5634 14.6604 14.6604 14.2273 12.2529 11.9701 17.7172
-17.9078 5.8746 20.7914 44.5453 47.5039 43.3406 26.1297 50.5859 49.9156 40.5367
-0.8081 -4.4785 -13.1609 -21.8371 -15.6602 -21.3766 -38.5875 -14.1313 -14.8016 -22.8531
2.3202 -5.5484 -22.0812 -54.4727 -56.6988 -54.1953 -46.3750 -64.7707 -65.2543 -58.6430
-2.6313 -2.8816 -13.0156 -34.5268 -36.2680 -35.0262 -28.1848 -41.7617 -42.4016 -34.9859
-0.8081 -6.0246 -16.7039 -45.6559 -49.8305 -46.7461 -32.6758 -57.9719 -58.6383 -50.8047
-0.8081 -1.9583 -5.9848 -12.9613 -12.6203 -12.6929 -13.2796 -11.1523 -11.3742 -6.4574
-2.6313 -0.9106 -2.9936 -15.4338 -11.7484 -16.7266 -33.9375 -9.9016 -9.4266 -18.1805
-1.8979 1.0717 4.6293 12.0688 17.4695 13.3062 -4.3250 18.2156 17.5453 8.6945
-0.8081 1.5339 8.6551 27.7391 31.4898 26.6148 9.4039 33.8602 33.0336 23.4984
-2.9882 -0.9728 1.3404 15.3086 19.0594 14.1844 -3.0266 21.4297 20.6031 11.0680
-7.5854 -0.2656 5.7371 23.7867 29.6359 24.7609 7.5500 32.0062 31.2734 21.7383
-3.0605 0.2341 3.7031 20.3133 24.0641 19.1891 1.9781 26.4344 25.6000 17.6578
-3.0605 1.2897 6.5609 22.3492 26.1000 21.2250 4.0141 28.4703 28.4711 19.7172
-3.3651 3.2160 6.7008 13.9359 19.7773 14.9023 -2.3086 20.5570 19.8867 11.1328
-14.4414 9.9484 30.4398 56.6125 60.3633 55.4883 37.8570 60.4016 59.7313 50.8953
-12.6680 4.0062 14.8590 36.7734 40.5242 35.6492 18.4383 42.8945 42.0602 33.0812
-17.9078 8.3977 28.8211 61.3633 64.3219 60.1586 42.9477 67.4039 66.7336 57.8648
-0.8081 -1.8016 -3.2308 5.3586 9.1094 4.2344 -12.9766 11.0594 10.4594 2.5094
-1.8979 -2.4462 -8.4895 -24.0984 -24.0115 -24.9571 -28.5539 -21.8840 -22.2633 -26.6719
-2.6313 -0.0752 -4.1676 -27.4023 -32.0664 -28.5703 -15.9430 -40.9102 -41.5766 -33.7430
2.9702 -4.4691 -19.4555 -50.9199 -53.9898 -51.8207 -44.9980 -58.7965 -59.5895 -53.5273
-2.6313 -1.4438 -2.3360 -6.6523 -2.8477 -7.7688 -24.7234 -4.1914 -6.0555 -9.0492
-0.8081 2.1022 3.8892 4.1813 8.5922 3.7172 -13.3516 8.7898 9.0523 2.4313
-2.9882 -3.8653 -7.8303 -20.5546 -18.3330 -20.6063 -29.8254 -20.4125 -21.5341 -20.9229
-2.9882 -2.0516 -12.4109 -40.3416 -38.9674 -38.6997 -39.8232 -37.3899 -38.6893 -34.5687
2.3202 -1.6137 -8.4033 -31.5376 -29.0576 -31.8219 -40.3461 -25.2027 -25.1777 -28.5027
-0.8081 -2.4998 -6.1324 -15.2195 -10.0867 -15.7844 -32.9953 -8.2141 -8.1461 -15.1328
2.3202 -4.6752 -12.0596 -28.6348 -26.8275 -26.5598 -29.0129 -26.8856 -26.6783 -24.6314
2.3202 -2.4838 -13.1734 -32.5966 -29.0672 -30.5691 -37.3852 -28.6059 -28.4641 -29.8877
-0.8081 -5.2363 -11.8510 -29.7787 -28.0183 -29.5727 -35.8312 -17.8289 -17.8703 -21.9682
2.3202 -3.9023 -15.3695 -42.7328 -42.3475 -41.4168 -36.8666 -46.4969 -46.5320 -41.0359
2.3202 -0.7891 -3.5111 -14.6570 -10.5461 -13.2051 -21.9355 -9.0164 -9.3164 -13.2914
-0.8081 -0.2293 3.0191 8.2289 12.3078 7.4328 -9.1195 15.3367 14.6664 5.9125
-2.6313 1.3939 6.4408 20.4078 24.1586 19.2836 2.0727 24.9383 24.2680 15.5141
-1.2208 4.3050 8.1766 21.0078 25.0867 20.2117 3.0008 27.4570 26.2289 18.2789
-0.8081 -4.0491 -9.6629 -9.6062 -5.1172 -8.1117 -24.2219 0.2344 -0.4359 -9.1898
-1.8979 0.2288 -4.9607 -12.3189 -6.8695 -11.0328 -28.2437 -3.7875 -4.4578 -12.6586
-0.8081 -1.8016 -7.4121 -31.7281 -33.9777 -32.1164 -21.6711 -35.1406 -35.6707 -29.3570
2.3202 -3.5658 -10.8074 -32.9301 -34.7309 -32.5852 -21.1484 -37.6766 -39.4586 -31.6250
-0.8081 -0.4349 -2.9234 -8.1984 -5.4766 -9.5680 -23.8109 0.6453 -0.0250 -8.7789
-0.8081 -0.5967 0.7490 7.5828 9.2887 7.6648 -4.3844 20.0719 18.9859 11.3727
-0.8081 -0.5853 2.3391 21.1867 24.9375 20.0625 2.8516 27.3078 26.4734 16.9383
-5.9041 2.5799 7.6188 16.2859 20.0367 15.1617 -2.0492 22.4070 21.5805 12.0453
-2.6313 -0.5045 -3.3789 -10.5880 -8.5826 -9.9121 -14.4773 -1.1375 -2.4004 -6.5262
-4.3123 0.7884 -3.7367 -20.8311 -19.4451 -19.3428 -24.8262 -7.0387 -7.7172 -15.6672
-3.8181 0.5629 -1.4233 -15.6852 -14.5853 -13.5646 -16.0176 -13.7941 -13.4691 -13.4691
-0.8081 -3.3348 -12.0363 -33.1769 -31.0596 -33.4992 -44.6203 -24.6055 -25.1445 -33.2125
-0.8081 -0.6429 0.1658 10.6062 14.1906 10.0422 -7.5891 14.5312 13.9312 5.5469
-14.7723 0.6187 11.7508 38.9773 42.7281 37.8531 20.6422 45.0984 44.2641 34.7289
-8.1715 -1.9072 2.8184 13.5367 17.2883 13.1867 -4.0242 20.0117 19.4117 11.0008
-19.8516 7.9328 30.3234 62.8656 65.8242 61.6609 44.4500 68.9062 68.2359 59.3000
-12.0684 3.8359 20.0109 52.4562 56.1109 51.2359 34.6836 59.1398 58.4695 50.0680
1.8952 -0.6202 -3.9973 1.0547 3.3891 -0.0484 -17.2594 7.1969 6.5266 -2.3758
-0.3548 -1.2280 -6.0729 -9.9469 -6.8910 -9.6664 -22.0523 2.4039 1.3086 -7.0758
1.9366 -4.3980 -13.1926 -37.6809 -41.1215 -39.6045 -37.5228 -39.1689 -37.8719 -41.5984
-11.9070 10.5617 31.0531 57.3883 59.8250 54.9039 37.2906 59.8312 59.1609 50.4070
-16.2918 0.3824 12.3766 26.2707 30.0703 25.5852 9.8164 32.3570 31.6867 22.9328
-6.8803 1.6150 5.1037 -3.9879 -1.7600 -2.5438 -11.1539 9.7984 9.1281 0.3742
-8.1842 0.3111 5.5750 16.7148 20.2875 15.4125 -1.7984 22.2375 21.5375 13.0297
-5.6936 -0.1679 3.1785 5.8916 9.3676 5.6008 -12.0352 12.4211 11.7508 2.9734
-7.4029 2.1561 11.3816 27.9258 31.6234 26.7484 9.5375 33.9938 33.2328 24.4789
-1.5416 1.0145 1.2161 4.7793 8.0148 3.0836 -14.5297 8.0109 7.3406 -1.0609
-3.4174 1.1426 4.8324 11.9871 13.6930 11.8047 3.0285 21.4328 20.6719 12.2609
-2.9882 -0.8614 -3.0631 -8.7443 -6.5449 -9.1008 -25.6328 -1.1766 -1.8469 -10.6695
-17.1383 6.2063 24.2859 51.1195 54.0781 49.9148 32.7039 57.1602 56.4898 47.1109
-2.9359 -0.0635 0.3745 -6.4314 -6.2060 -6.7231 -9.1608 -6.9374 -6.9981 -7.1365
-3.0602 -3.9525 -5.9381 -2.8523 1.2266 -3.6484 -20.8594 3.5969 2.7703 -6.7648
-2.9882 0.1914 -0.3649 -4.8689 -0.7250 -2.7895 -16.7062 7.7500 7.0797 -1.7664
-0.8081 -1.0146 -4.2180 -12.9546 -8.4711 -11.7461 -29.0422 -4.5859 -5.2562 -14.0102
-0.8081 -2.2308 -9.7348 -31.2059 -33.6855 -31.4340 -24.2078 -30.7820 -30.7543 -26.1176
2.3202 -6.7648 -24.3844 -58.2742 -62.8195 -59.4055 -43.4469 -68.7430 -69.5734 -62.5211
2.3202 -3.9170 -10.8605 -25.9879 -30.1016 -27.3320 -13.6891 -38.9852 -39.6516 -31.8180
2.3202 -2.3638 -6.3322 -32.5703 -37.5172 -34.1031 -18.9828 -44.2789 -44.9453 -37.1117
-0.8081 -1.0146 -5.3154 -24.0734 -29.8320 -26.4180 -10.4594 -35.7555 -36.4219 -29.2992
-0.8081 -0.5853 -0.3722 -16.8480 -22.6063 -19.1922 -4.0516 -29.3477 -30.0141 -22.1805
-2.9882 1.0300 6.3783 7.9617 7.1426 7.8388 8.0552 5.6477 4.4352 10.6211
-2.9882 -0.0671 2.6113 18.8445 22.5953 17.7203 0.5094 23.0719 22.4719 14.0641
-14.0230 4.8512 19.2727 46.4992 50.2500 45.3750 28.1641 52.6203 51.7859 42.2508
-3.0602 -0.0905 1.5921 3.1146 4.4259 4.3072 -0.5180 8.6859 9.0930 4.1230
-16.2918 6.1945 26.7070 57.6562 61.4070 56.5320 39.3211 63.7773 63.7781 55.0242
-14.4414 7.4227 25.0879 47.0773 49.7516 45.5414 28.3305 52.7867 52.1164 43.2703
-3.8181 -0.9371 -1.1457 -0.5339 4.2949 0.5742 -15.5359 8.9203 8.2500 -0.5039
-9.4787 0.3855 7.2117 17.0883 21.8352 16.9602 -0.2508 24.2055 23.4492 14.1281
-8.1799 -0.7199 4.9535 6.2453 12.0977 7.1766 -10.0344 14.4219 13.7516 4.8828
-3.5936 4.6863 10.9174 16.0172 20.8461 15.9148 -1.2961 22.7398 22.4648 13.7109
-0.8197 4.4904 8.3932 13.4891 17.4555 13.2922 -3.9188 20.5375 19.8672 10.4883
-6.6861 7.5336 19.2066 41.1203 44.8711 39.9961 24.2055 48.6617 47.9914 39.2375
-7.4189 1.0650 4.8594 21.4734 25.2242 20.3492 4.2688 26.8094 26.1391 17.3852
-7.7930 3.8707 16.3934 43.1984 46.9492 42.0742 25.5219 49.9781 49.3078 40.5539
-12.8336 3.3074 15.4086 37.3344 41.0852 36.2102 19.6578 44.1141 43.4437 34.6898
-5.9041 4.6844 12.8141 27.1031 30.8539 25.9789 9.4773 30.1047 29.4344 20.6805
0.2952 0.5079 -2.7879 -10.3442 -5.5699 -10.5484 -27.7594 -3.3031 -3.9734 -12.8227
2.3202 -1.7410 -10.7674 -22.0123 -22.5102 -21.5882 -19.1009 -23.6998 -23.8207 -21.7662
2.3202 -3.6041 -16.6891 -48.3969 -52.2664 -48.9984 -35.9383 -56.6266 -57.3328 -49.5992
-2.6313 4.5809 15.8242 28.9291 32.1316 29.2957 16.3742 32.2445 32.6375 23.8141
-2.6313 3.4059 14.1164 40.9211 44.6719 39.7969 22.4898 46.9461 45.8602 37.4016
-18.2359 5.7328 28.8500 61.3922 65.1430 60.2680 43.0570 66.7633 65.3117 55.7766
-4.2475 5.7250 17.5867 47.0523 50.8031 45.9281 29.3758 53.8320 53.1617 44.4078
-2.9882 2.3105 5.1496 14.8094 20.6664 15.7914 -1.4195 23.0367 22.7617 14.3766
-4.2475 6.9910 15.9414 30.9734 34.7242 29.8492 12.6383 37.0945 36.2602 26.7250
-3.8181 5.5250 16.8758 42.8383 45.7969 40.1586 22.9477 47.4039 46.7336 37.6672
-6.1193 3.0066 6.8094 10.3793 14.0637 9.0859 -8.1250 16.3312 15.5703 6.7344
-16.7168 3.2332 14.3969 33.6656 37.4164 32.5414 15.3305 39.7867 38.9523 29.4172
-5.6413 0.5344 5.3531 21.9602 24.9188 20.7555 3.5445 28.0008 27.3305 18.4813
-4.9326 4.4109 15.5609 39.7094 43.4602 38.5852 21.3742 45.8305 44.9961 35.4609
-5.0700 2.1348 9.4836 31.3008 35.0516 30.1766 12.9656 37.4219 36.5953 27.0602
-10.3432 -0.4594 5.8754 24.2906 28.3734 23.4984 6.2875 30.7437 29.9484 20.6273
-7.2572 3.6672 13.0496 32.3195 35.2781 30.3570 13.8047 38.2609 37.5906 28.8367
-7.3096 3.7307 6.2840 7.5906 11.9125 8.5219 -9.1094 13.4352 12.7648 4.3492
-12.8336 1.1766 7.8211 23.7008 26.9297 22.0547 4.8438 29.3000 28.6297 19.1648
-9.9004 4.1098 11.7953 28.4055 31.3641 27.2008 9.9898 34.4461 33.7758 24.3969
-14.0203 2.9594 11.8125 28.4227 31.3234 26.4484 9.2375 33.6937 33.4188 25.4688
-5.7655 0.8043 3.3576 11.1070 15.0617 10.1406 -7.0703 17.3859 16.7156 7.3367
-0.3548 -1.2280 -5.2735 -4.8543 -0.6141 -5.4891 -22.7000 0.1695 -0.5008 -9.2547
-6.6658 2.2432 9.0027 24.7672 28.0000 22.2836 5.0727 29.5289 28.8586 19.5969
-0.3548 0.7008 3.0258 9.6184 14.6750 9.0328 -8.1781 16.2781 15.1828 6.7719
-5.4664 1.1035 3.0222 7.7043 12.4555 7.5805 -9.3742 13.1664 12.4961 3.7422
-1.8979 0.6467 0.9679 6.0719 10.8188 5.9437 -11.6875 8.9609 8.6156 -0.1383
-11.4070 4.0723 15.6449 35.2195 38.1781 34.0148 16.8039 41.2602 40.5898 32.5570
-2.9882 -0.4679 1.8336 19.0852 22.8359 17.9609 0.7500 24.7859 24.1859 15.8008
-9.5855 3.3488 14.9332 36.8516 39.8102 35.6469 18.4359 42.8922 42.2219 32.8430
-9.7801 5.0691 17.3727 46.8344 50.5852 45.7102 28.4992 52.9555 52.1211 42.5859
-2.9359 -0.0635 4.9152 26.4078 30.1586 25.2836 8.7312 33.1875 32.5172 23.7633
-0.8081 -2.4960 -1.6451 11.8945 15.6453 10.7703 -6.4406 18.0156 17.1812 7.6461
-2.6313 0.3383 3.8078 22.6437 26.3945 21.5195 4.3086 28.7648 27.9305 18.3953
-0.3306 0.3043 2.6016 21.4539 25.2047 20.3297 3.1188 27.5750 26.3469 18.3969
-1.8979 4.2514 9.7318 25.9359 28.8367 23.9617 8.1805 32.6367 31.9664 23.2125
2.3202 -0.7891 -2.5422 8.3594 12.1102 7.2352 -9.9758 12.8898 12.2195 3.4656
-5.4749 0.0150 3.7049 19.8898 22.8062 17.8750 0.6641 23.5297 22.8594 14.0055
-0.3548 -0.4033 -2.0137 4.7961 9.2109 4.3359 -12.8750 11.5813 12.3813 3.6273
-0.8081 -0.1717 0.2245 0.5352 4.4359 -0.4391 -17.6500 6.8063 6.1359 -3.2586
-2.9882 0.6050 5.1143 21.3227 25.0734 20.1984 2.9875 27.4438 26.6172 17.0820
-2.3271 4.6607 11.0842 23.7922 26.7508 23.2867 6.0758 30.5320 29.8617 20.9594
-2.6313 -0.0752 -3.3869 -16.6602 -15.3410 -16.4055 -23.1289 -12.0102 -12.3102 -16.2852
-5.4749 -1.6274 -9.7793 -36.5482 -34.3273 -34.8891 -38.3137 -26.5801 -26.7410 -33.1063
-2.6313 -0.6159 -3.3711 -12.5137 -10.9270 -13.0383 -25.7234 -3.1828 -3.8531 -12.6992
-0.8081 -2.9400 -5.1078 -10.2187 -8.2312 -10.8906 -21.8266 2.6297 1.9594 -6.7945
-0.8081 -1.0146 -5.8711 -18.0879 -17.4493 -18.0705 -22.6355 -9.2957 -10.0785 -14.1469
-0.8081 -0.1717 2.3457 11.5938 17.1133 12.1922 -5.0188 19.4375 18.7672 9.3883
-6.6615 3.9270 11.6148 24.8742 28.9531 24.0781 6.8672 31.3234 30.4969 21.8906
-2.3271 2.7736 2.8863 9.9105 15.0875 10.9859 -6.2250 18.2313 17.4609 8.7070
-3.8181 1.2826 0.6300 -2.9414 2.1836 -2.7375 -19.9484 4.5078 3.8375 -5.5414
-6.6615 1.4088 3.6371 8.0289 13.8742 9.7109 -7.5000 16.9562 17.0063 8.2523
-11.7289 6.3258 17.9102 35.1586 38.9094 34.0344 16.8234 41.2797 40.4453 30.9102
-6.3643 4.2242 13.9047 36.4609 39.4195 35.2562 17.9492 42.4055 41.7352 32.9813
-17.1383 7.7937 29.8773 62.4195 66.1703 61.2953 44.0844 68.4391 66.9875 57.4523
-18.2359 5.9578 27.1992 59.3195 63.0703 58.1953 40.9844 65.4406 64.3000 56.3500
-0.7916 -0.3693 -2.3169 3.3945 7.4734 2.5984 -14.6125 9.8438 9.0172 -0.5180
-2.6313 -3.9528 -7.6813 -2.9086 2.1781 -2.6969 -19.9078 4.5484 3.8156 -5.1813
-2.6313 2.4424 8.0424 19.3531 22.3117 18.1484 0.9375 25.3937 24.6234 15.8695
-1.2292 0.1442 2.7664 21.6148 25.3656 20.4906 3.2797 27.7359 26.9094 17.3742
-1.2292 1.7404 3.7361 11.6016 15.6805 10.8055 -6.4055 18.0508 18.0516 9.2977
0.7160 6.8539 10.6480 27.1812 30.0977 26.7070 9.4961 33.9523 33.2820 24.4586
0.7160 0.9328 -0.0638 6.6422 10.6211 5.7461 -11.4648 12.5711 12.2258 3.4719
-9.3627 3.7902 11.8980 25.3594 29.1102 24.2352 7.0242 31.4805 30.6539 22.2969
-10.0148 2.8238 12.9180 39.7227 43.4734 38.5984 21.3875 45.8438 44.9328 36.1789
-9.7922 2.4113 12.5055 39.3102 43.0609 38.1859 20.9750 45.4313 44.5969 35.0617
-3.4174 0.9257 5.4775 19.0359 21.9945 17.8312 0.2000 22.7406 22.0703 13.2469
0.7160 4.3091 6.9588 20.5047 24.2555 19.3805 2.1695 26.6258 25.7914 16.7578
-0.8081 -4.4785 -12.0738 -22.6572 -18.9703 -20.9188 -31.4031 -8.8586 -9.5289 -17.9305
-0.8081 -2.2308 -11.3875 -37.6039 -41.3164 -38.4984 -29.1633 -45.2582 -45.6789 -40.0805
-0.8081 -6.4539 -19.8922 -51.9516 -55.7188 -52.3055 -39.0289 -63.9961 -64.6625 -56.8289
-2.6313 -1.2314 -2.5719 -12.2937 -9.6227 -11.1246 -19.8344 -8.7156 -9.0156 -13.8777
-2.6313 -1.3356 1.1971 4.4664 10.5891 5.7141 -11.4969 12.9594 12.2891 2.9273
-6.1193 4.7941 16.7602 32.8531 37.2422 33.7781 16.5672 41.0234 40.2625 31.5086
-14.6117 9.7719 31.7219 62.6672 65.5719 60.6969 43.4859 67.9422 67.2719 57.8773
-10.1287 5.9934 26.0445 58.5867 61.5453 57.3820 40.1711 64.6273 63.9570 55.1164
-9.2016 4.6813 18.0242 48.5477 52.2984 47.4234 30.2125 54.2484 53.1578 44.4039
-14.0148 3.2781 14.7625 36.6766 40.4273 35.5523 18.3414 42.7977 41.9633 32.4281
-1.5416 -2.0899 -4.7208 3.9578 7.7086 2.8336 -14.3773 10.0789 8.9930 1.0430
-3.4859 0.8642 5.8295 19.8016 23.5523 18.6773 1.4664 25.9227 25.0961 15.5609
-3.1821 -0.2125 5.3340 28.6406 32.3914 27.5164 10.3055 33.1711 32.5008 23.7469
2.2202 -1.7137 -8.8730 -13.5295 -8.0727 -12.9937 -30.2047 -5.7484 -6.4187 -14.6195
-0.8081 -4.0343 -12.0789 -28.1030 -24.2926 -28.3383 -43.0016 -22.3531 -22.9531 -30.9031
-0.8081 -0.5967 -1.4625 -5.6332 -1.2082 -6.1367 -23.3477 1.1086 0.4383 -8.4641
-0.8081 0.4589 3.1852 12.5172 16.5961 11.7211 -5.5859 18.8703 18.5953 10.1844
-0.8081 -0.5967 -2.3734 0.5898 4.6727 -0.2023 -17.4133 7.0430 6.2477 -3.2875
-0.8081 -2.9253 -5.0082 -8.8734 -7.3307 -9.2746 -19.1281 -3.2543 -4.1652 -9.7336
-9.3584 4.2113 15.0570 25.1636 29.1996 24.2242 7.6719 32.1281 31.4578 22.7039
-2.7534 0.8512 2.7502 2.2965 6.3418 3.5078 -9.9977 8.1016 8.1695 -0.5844
-0.8081 -0.2293 1.6813 7.6242 10.5828 5.6617 -11.5492 12.9070 12.2367 3.3961
-0.8081 -1.6162 0.9445 12.3906 17.9039 13.0289 -4.1820 20.2742 19.5414 10.9688
-1.8979 1.7066 5.9031 24.6422 28.3930 23.5180 6.3070 30.7633 29.9367 20.4016
-0.8081 0.0453 1.6271 12.4625 16.5414 11.6664 -5.5445 18.9117 18.0852 8.5500
-0.8081 -0.5967 0.9816 12.6227 16.7016 12.5258 -4.6852 19.7711 19.1008 10.6992
-1.2292 0.8084 -2.3477 -0.6484 2.9125 -1.9625 -19.1734 5.2828 4.6125 -4.8523
-10.6496 5.8895 22.1531 54.6953 58.4461 53.5711 36.3602 60.7148 59.2633 49.7281
-5.6413 0.1937 5.8715 25.1336 28.8844 24.0094 6.7984 31.2547 30.4203 21.3953
-0.8081 -1.8097 -3.2389 4.2074 9.2641 5.1008 -12.1102 12.3461 11.6758 2.2969
-0.8081 -0.6429 0.1893 12.9086 15.8133 10.9383 -6.2727 18.1836 17.5133 8.1187
-0.8081 -1.8016 -3.4627 3.8652 8.6164 3.7414 -13.4695 10.9867 10.2539 0.7188
-0.3548 -2.4074 -3.5930 1.8387 7.0016 1.3594 -15.8516 8.6047 8.6547 -0.0992
-1.8979 1.7066 4.2482 15.4750 19.2258 14.3508 -2.8602 21.5961 20.7695 11.2344
-0.8081 -1.6996 -7.4145 -23.4227 -19.9613 -22.2211 -30.9309 -19.5043 -19.8707 -25.0965
-0.8081 -4.1572 -10.7725 -27.1643 -23.7721 -24.0662 -30.4895 -16.8426 -16.9840 -23.8727
-1.8979 -2.1290 -8.1875 -23.4448 -18.7938 -23.7719 -40.9828 -16.5266 -17.1969 -26.4586
-0.8081 0.4703 2.7873 1.1649 2.4383 -0.2064 -6.3199 9.2449 8.8215 3.2531
-0.8081 -1.8097 -3.7954 -15.4447 -14.7012 -16.5314 -23.9992 -5.9000 -6.6453 -15.3992
-0.8081 -1.8097 -5.0012 -22.5992 -23.2697 -21.9527 -19.5029 -26.4021 -26.5840 -24.1533
2.3202 -6.7648 -23.9469 -50.9135 -47.1965 -47.7123 -49.6828 -50.9849 -51.2143 -48.4625
2.3202 -5.8926 -18.7734 -46.9902 -44.8158 -45.4448 -46.3366 -50.7154 -51.9867 -45.4023
4.8952 -6.0484 -21.2563 -51.0414 -53.7375 -50.9375 -38.0227 -53.7926 -54.0023 -46.9805
1.8952 -2.6178 -14.5211 -46.8867 -51.5086 -48.0945 -31.8266 -52.1867 -52.4594 -45.0195
2.9702 -1.8484 -10.1914 -24.9902 -26.0352 -24.4793 -17.3684 -26.2379 -26.9129 -22.7539
2.3202 -2.4947 -12.9238 -42.4195 -47.0102 -43.5961 -27.7773 -50.4367 -50.7750 -42.9414
-0.8081 -2.0812 -2.7343 -8.5501 -7.2234 -6.6303 -3.1300 -4.4322 -4.1223 -4.2375
-15.2016 3.4027 14.1316 13.5521 13.2369 14.4787 21.1750 12.9740 11.8664 17.3531
-2.9882 -5.5266 -14.3428 -31.1918 -33.8883 -30.8039 -16.8625 -37.5508 -38.0891 -31.6766
-10.0148 3.6945 6.6271 -16.5836 -21.1289 -17.7148 -2.6750 -27.9711 -28.6375 -20.8039
-14.7805 0.1189 3.1900 0.4463 0.0332 0.6264 4.5365 -0.1674 -1.6484 3.8484
-19.4230 -2.9346 -0.9420 -16.5859 -18.4637 -15.9801 -5.2125 -25.5727 -26.5445 -19.1242
2.3202 -6.7648 -25.1758 -59.0648 -63.6961 -60.2820 -44.8000 -69.7672 -70.4336 -62.6000
-0.8081 -6.0246 -11.8439 -32.7773 -37.3227 -33.9086 -18.3336 -41.3211 -41.6594 -33.8258
-0.8081 -5.6957 -16.9367 -38.6781 -41.8133 -39.0133 -26.3430 -46.3621 -46.8457 -40.8484
2.3202 -5.2314 -20.6547 -54.4477 -57.5648 -54.1508 -38.5758 -63.5430 -64.2094 -56.3758
2.3202 -2.9506 -16.3000 -44.9289 -49.8758 -46.4617 -31.3414 -56.6375 -57.3039 -49.4703
2.3202 -6.3355 -21.3000 -53.6727 -58.2992 -54.8852 -39.3102 -64.2773 -64.9437 -57.1102
0.3952 -0.7055 -9.4266 -33.9008 -38.4914 -35.0773 -19.9570 -45.2531 -45.9195 -38.0859
2.3202 -4.5740 -17.5520 -45.7172 -48.6656 -45.8961 -33.2258 -53.2449 -54.3266 -46.4930
4.8952 -6.1414 -21.5297 -52.2406 -52.4324 -51.8115 -48.7123 -55.6115 -55.7934 -53.3545
0.3952 0.9410 1.9812 5.0680 8.6555 5.4824 -6.3410 9.2238 7.9195 7.2250
-0.8081 -3.0372 -4.2312 -13.0469 -14.3252 -14.6297 -20.9966 -20.6905 -20.0405 -20.3872
4.8952 -3.8348 -11.3932 -18.9495 -17.0219 -18.4240 -22.9125 -15.3012 -16.0578 -15.3600
2.3202 -4.5779 -18.3359 -48.3654 -49.5740 -49.4729 -50.7979 -56.6992 -57.0418 -53.1637
0.3324 2.2516 4.7810 3.7115 5.5289 2.2496 -9.1070 4.8648 3.1398 2.7549
1.8952 2.4257 2.6193 -4.2498 -3.0582 -6.6066 -15.9152 -2.0398 -3.6041 -3.4240
-0.7916 -2.2247 -7.4445 -25.4949 -28.4824 -26.7012 -19.2941 -35.0465 -36.0094 -28.3500
-2.6313 -4.0647 -9.2269 -19.6823 -21.8729 -21.6162 -19.5807 -26.2436 -27.5148 -20.9234
0.3952 -2.8779 -12.7965 -36.8063 -34.2684 -36.7043 -48.5277 -34.6523 -35.8340 -34.4398
-0.8081 -2.6002 -0.7203 6.2555 7.6754 3.6852 -8.9539 1.2047 0.0230 0.8096
-12.5977 4.6910 12.8107 3.3844 4.2822 2.5064 0.0957 -1.5314 -2.1297 0.9281
-0.3548 -3.6473 -14.9836 -29.8091 -29.5999 -28.6372 -31.6002 -33.2464 -33.5369 -30.0727
-7.1951 -0.6907 -6.8578 -34.6000 -34.2001 -33.2967 -28.9725 -30.9280 -31.5299 -27.8758
-5.2348 0.5268 2.9441 2.5346 4.8350 3.8761 0.6353 5.7129 5.5560 6.0671
-9.9996 1.7055 3.0752 -7.7648 -5.2850 -7.6227 -15.1471 -12.0797 -13.0539 -9.3957
-10.9814 -3.8352 -6.2156 -9.4582 -5.3113 -9.6988 -19.4316 -5.5719 -6.8111 -6.1520
-11.4070 -0.7732 -1.2395 -12.8061 -8.9473 -12.1668 -21.3516 -18.2842 -19.2586 -15.9285
-1.7641 -0.0435 -3.6143 -1.9455 -1.1916 -2.1974 -3.7802 -3.2420 -4.1723 -1.7416
-8.6941 0.4662 1.1946 2.4484 5.1859 2.7195 -8.0543 -1.1555 -1.7005 1.5551
-4.0444 -2.3537 -8.1611 -25.2156 -25.7467 -24.8973 -20.8328 -38.5555 -38.9762 -33.9891
2.3202 -6.3219 -20.7613 -49.5246 -52.0043 -49.8586 -40.5867 -61.2750 -62.6844 -54.8508
2.3202 -6.3355 -18.7938 -43.0508 -45.1672 -43.3316 -35.0125 -48.4820 -48.8457 -43.6625
-0.8081 -2.6154 -2.6154 -10.5920 -9.6481 -10.1639 -10.6042 -10.6042 -11.0373 -8.8082
-2.6313 -2.8470 -6.8268 -13.8713 -12.6840 -15.0168 -22.6320 -9.7129 -10.8945 -9.5004
-0.0340 1.2274 -4.5023 -29.4305 -28.9763 -27.9974 -27.3853 -29.0158 -29.6744 -26.2258
2.3202 -4.3463 -16.5547 -39.8953 -37.3574 -39.6902 -47.6133 -38.0695 -39.1339 -36.1234
2.3202 -3.7051 -13.6156 -40.7971 -38.8479 -41.8785 -47.9652 -34.7211 -35.4215 -34.3438
2.3202 2.0742 3.6416 -1.4516 2.2297 -1.8266 -16.1172 3.8008 2.4965 2.8654
-2.6313 -0.2871 -3.0303 -9.1574 -5.2547 -10.5703 -27.0359 -8.7273 -9.8074 -11.8103
2.3202 -0.2921 -6.0105 -26.2475 -23.6715 -27.2199 -37.0117 -25.3746 -26.2313 -25.9742
2.9702 4.5455 6.8585 -4.6346 -2.9521 -4.6812 -7.7320 -1.1582 -2.1324 0.3098
0.3952 -1.4595 -4.1062 -16.5545 -11.5617 -16.0641 -31.4066 -17.5469 -18.5664 -19.4725
2.3202 -4.1221 -13.7820 -44.1500 -49.5445 -46.7984 -35.6246 -54.1266 -53.7664 -46.1258
-0.8081 -0.0614 -0.5096 -9.6072 -7.3830 -9.6023 -14.2963 -7.6264 -7.2156 -11.7211
-2.6313 5.2119 11.8359 18.1750 22.5086 19.5133 1.4602 24.0047 23.3344 15.6648
-11.7320 5.2477 13.2488 26.8109 29.3055 25.5906 9.0602 31.2977 30.6977 22.3133
-5.6936 -3.2419 -6.1014 -11.6574 -10.5080 -13.7148 -27.5414 -9.4422 -9.6992 -18.0836
-0.8081 -4.0491 -8.5089 -18.3521 -19.7342 -18.4924 -13.0768 -19.9760 -20.1578 -18.0213
2.3202 -5.5484 -20.9492 -53.0086 -54.4805 -52.9535 -45.1406 -57.0684 -58.4609 -51.3375
-0.8081 -3.6051 -6.3680 -17.9366 -18.6007 -17.6975 -13.3733 -15.6728 -15.4654 -12.2102
-0.0340 5.7010 13.6902 26.4887 27.9746 26.4543 18.4605 34.0254 33.6020 27.6008
-3.0605 2.3609 4.5691 -9.1750 -14.7063 -13.4234 -4.0781 -10.2889 -9.3561 -11.6375
-19.8516 8.9953 32.4344 64.8797 67.7805 62.9055 45.2742 67.5117 67.1664 58.4125
-14.7723 2.6324 14.6148 39.1852 42.9359 38.0609 20.8500 45.3063 44.0703 36.4570
-0.8081 -4.4785 -12.3105 -29.3071 -25.2102 -28.0441 -40.5609 -22.7734 -22.9711 -30.5586
-0.8081 -2.0212 -7.2107 -21.5900 -21.8129 -22.0351 -25.4262 -16.2223 -16.5223 -21.3633
-0.8081 -1.4404 -2.1350 -24.2932 -25.3893 -24.7469 -24.1434 -28.7423 -29.0250 -25.2402
2.3202 -0.5046 -9.2258 -28.6489 -25.0770 -28.2375 -38.4859 -27.3672 -27.6672 -30.5602
-2.6313 6.0512 18.1277 36.5477 40.2984 35.4234 17.7922 40.3328 39.6625 30.9086
2.3202 -0.7891 -1.2049 11.7172 16.1359 11.2609 -5.9500 18.5063 19.2141 10.4602
-7.3096 5.6184 19.3641 44.2516 48.0023 43.1273 25.9164 50.3727 49.5383 40.0031
-4.6041 7.4848 17.4605 44.2656 48.0164 43.1414 26.5891 51.0453 50.3750 41.6211
-11.4777 0.7258 10.5109 32.4250 36.1758 31.3008 14.0898 38.5461 37.7117 28.1766
-17.1461 9.1586 31.1086 62.8039 66.5547 61.6797 44.4688 68.9250 68.0906 58.5555
-8.1842 0.6768 6.4994 16.5613 21.3078 16.4328 -1.1984 21.0391 20.7641 11.9273
-0.8081 -4.0491 -7.9903 -5.8629 -0.0141 -4.8891 -22.1000 2.3563 1.6234 -7.3352
-5.4749 -3.0232 -5.7860 -7.9457 -2.6148 -7.4898 -24.7008 -0.2445 -0.9148 -10.3094
-0.8081 -5.6805 -19.0297 -46.5395 -49.5852 -47.1016 -35.9281 -58.2625 -58.9289 -51.0953
-1.2292 -2.1063 -4.4209 -23.7891 -29.1914 -25.3844 -11.3141 -36.6102 -37.2766 -29.4430
-0.8081 -0.3654 3.6297 4.1570 8.8773 5.1625 -10.9477 13.0883 12.7430 3.9891
-0.8081 -1.8097 -5.4381 -19.8063 -17.8029 -18.0971 -25.4543 -7.3586 -6.9062 -15.3172
-0.8081 -2.2389 -11.4996 -42.2395 -46.4195 -43.3078 -29.6164 -54.5836 -55.2500 -47.4164
-0.8081 -2.0212 -4.7764 -12.2847 -10.0289 -12.6443 -17.7785 -11.1086 -11.2918 -13.6795
-2.6313 -0.5045 -4.8053 -25.7313 -30.2766 -26.8625 -10.9039 -36.2000 -37.0305 -29.9781
-0.8081 -5.6957 -18.7883 -51.1539 -55.7758 -52.3617 -37.2414 -62.5375 -63.2039 -55.3703
2.3202 -1.6137 -8.9980 -26.4438 -28.8090 -26.6633 -17.3281 -33.4230 -33.5781 -27.8809
-0.8081 0.4703 1.0933 -4.9193 -7.4375 -5.8816 1.5906 -12.6402 -14.0938 -6.2602
-0.8081 -1.4124 0.6643 1.5079 0.9558 1.5767 3.6578 -0.6160 -0.7979 2.4137
-2.9359 3.2127 13.3922 33.2969 36.2555 31.8297 14.8523 39.3086 38.6383 29.8844
-5.6936 2.3578 13.4937 42.9555 45.9141 40.9930 23.3797 45.9203 45.2500 36.4961
-16.7168 6.8156 27.2016 54.4281 57.2328 52.3578 36.5766 61.0328 59.9422 51.5570
-3.1256 -3.6739 -7.9391 -14.0918 -11.6379 -13.0859 -23.0094 -9.3594 -8.8008 -15.2762
4.8952 -0.9904 -7.7025 -26.6963 -25.4272 -26.3729 -29.3570 -18.2383 -18.5383 -22.9469
-3.0605 3.4131 9.8521 3.2531 5.6822 5.3881 -1.7570 7.4469 7.4719 2.2461
-0.8081 -1.4404 -1.1154 1.6461 6.0570 1.1820 -16.0289 8.4273 7.6320 -1.9031
-3.8181 2.3381 1.3451 -11.9435 -11.6990 -11.0597 -12.4615 -5.4666 -5.6273 -4.2354
0.3952 1.4702 3.8838 -2.9669 -1.5501 -1.6688 -4.3605 9.5953 9.1094 2.7441
-2.6313 2.4424 10.4145 25.8961 29.9750 25.1000 7.8891 32.3453 31.5187 21.9836
-2.2992 -0.2688 3.8234 19.9461 23.1789 18.3039 1.0930 25.5492 24.8789 15.4141
-13.2547 5.2133 21.4953 54.0375 56.9961 52.8328 35.6219 60.0781 59.4078 50.0289
-7.6377 -0.0885 4.0230 18.0031 20.9617 16.0406 -0.5117 23.9445 23.1789 14.4250
-6.2568 3.9441 12.1480 33.6406 36.5992 32.4359 15.8836 40.3398 39.6695 30.8234
-12.0684 2.3668 12.4609 36.9336 39.8922 35.7289 18.0977 40.6422 39.9719 31.2180
-8.7756 4.1590 15.6273 37.5414 40.5000 36.3367 19.1258 43.5820 42.9117 33.5328
-0.8081 -1.8016 -5.2016 -13.0641 -10.6227 -11.3598 -20.8766 -4.6945 -4.9516 -13.3625
-1.2292 0.8976 -1.9619 -16.2916 -15.1768 -16.7313 -24.7250 -9.1602 -9.2586 -15.4219
-2.6313 -0.0752 -4.2334 -28.6555 -31.4965 -28.9164 -23.5820 -30.4813 -30.6631 -28.5266
2.3202 2.0627 0.1621 -19.5127 -17.4349 -17.7298 -19.7346 -17.9324 -17.9324 -17.3252
-0.8081 -2.6192 -5.9270 -22.0477 -22.4396 -22.6630 -21.3867 -21.4986 -21.6029 -21.7110
-2.6313 -0.6272 1.3651 -2.9039 2.8242 -2.0508 -19.2617 5.1945 4.5242 -4.8703
-0.8081 -2.0212 -4.7688 -15.6607 -12.6430 -14.1449 -21.9641 -10.8453 -10.8203 -15.0570
-1.2292 2.7960 4.1846 -10.0996 -8.5819 -7.5612 -8.6867 2.7398 2.5062 -3.0621
-0.8081 -2.2389 -8.1813 -21.2885 -17.6102 -18.7875 -28.6410 -13.0762 -13.1746 -20.8789
-2.6313 -0.0867 -2.9617 -27.3422 -31.1484 -27.9680 -17.1812 -35.2516 -35.5242 -28.1000
-0.8081 -2.0212 -7.2068 -27.3762 -27.7287 -25.8188 -20.5807 -27.1549 -27.1270 -22.1773
-2.6313 2.0287 3.4059 -0.8516 3.8543 1.0203 -10.3547 11.8828 11.9937 3.5859
-0.8081 1.1203 3.8433 -5.2311 -4.2635 -3.6242 -4.5127 -4.2066 -4.2674 -5.0630
1.1452 -1.3777 -8.6387 -35.5539 -38.5996 -36.1160 -25.7812 -48.4406 -48.7789 -40.9453
2.3202 -4.0289 -17.1383 -49.9234 -53.6359 -50.2227 -36.9461 -61.9133 -62.5797 -54.7461
1.1452 -3.2338 -11.3947 -30.6800 -31.0931 -31.1469 -31.8223 -41.1242 -41.8539 -37.2672
4.4702 -2.9699 -18.3937 -48.4047 -45.0586 -46.5605 -54.1445 -47.5707 -47.6922 -48.9281
-0.8081 -1.6162 -1.1996 -0.7891 2.7406 -2.1805 -19.3914 5.0648 4.3945 -4.9844
-0.8081 -1.6162 -2.4242 -3.4672 -1.0926 -3.4816 -15.3215 0.2434 -0.1801 -5.4094
-2.6313 3.5250 7.9413 15.3234 19.4023 14.5273 -2.6836 21.7727 20.9461 11.4109
-4.2475 4.6615 11.8090 26.5250 31.3664 26.4914 9.2805 33.7367 33.0039 24.4312
-0.8081 -1.6162 -2.6936 5.0484 9.7992 5.6234 -11.5875 12.8687 12.1984 4.4742
-3.3651 -0.4955 -1.4921 5.6297 10.3969 5.4758 -11.7352 12.7211 12.0508 2.6719
-3.0605 2.8788 8.6559 22.6234 25.5820 21.4188 4.2078 28.6641 27.9937 18.6148
-0.8081 -1.6162 -0.7834 12.3570 15.2617 10.3867 -6.8242 17.6320 16.9617 7.5672
-2.9882 -2.6633 -3.6447 -7.2344 -3.9305 -6.8789 -22.9891 1.4672 0.7969 -7.9570
-0.8081 -1.6162 -4.1162 -11.3066 -9.8756 -10.3187 -12.3505 -7.9036 -8.0251 -9.6164
2.3202 -5.8926 -18.1242 -49.7984 -52.1160 -49.2449 -39.9098 -58.0836 -58.4219 -50.5883
2.3202 -6.3219 -23.6281 -57.4211 -61.9664 -59.3086 -43.9039 -68.8711 -69.5375 -61.7039
-0.8081 0.4897 1.8778 -4.2493 -5.8947 -4.5777 -2.4965 -7.2037 -8.0422 -0.5922
-0.8081 0.8839 3.4170 -10.7832 -13.5148 -11.0312 0.4508 -13.0227 -14.0469 -6.6266
-1.2292 4.9088 9.3251 6.1466 7.0451 5.6687 1.1184 14.4582 14.0652 11.9650
-1.8979 2.7773 7.5027 18.1367 23.9813 19.1063 1.8953 26.3516 25.6187 16.0836
-2.6313 2.0174 9.0527 24.4289 28.1797 23.3047 6.0938 30.5500 29.4641 21.0531
-10.8855 -0.3863 8.2305 30.1523 33.9031 29.0281 11.8172 36.2734 35.4391 25.9039
-5.6413 1.5635 9.0094 30.9234 34.6742 29.7992 12.5883 36.6242 36.0242 27.6164
-0.8081 -3.3692 -6.6647 0.5813 4.9922 0.1172 -17.0938 7.3625 6.5672 -2.9680
-1.8979 1.7066 3.7178 12.2437 15.9457 13.4367 -2.3383 22.1180 21.4477 12.6938
2.3202 -1.1940 -7.1366 -7.6898 -3.4492 -8.3242 -25.5352 -1.0789 -1.7492 -9.8445
-16.2918 0.6879 8.8074 14.2520 20.0891 15.9258 -1.2852 23.1711 22.4008 13.6469
-17.1461 6.8289 21.6570 44.5375 47.4961 42.5750 24.9617 47.5062 46.8359 38.0820
-16.2918 2.7926 15.7445 34.2805 37.8992 32.9781 15.7672 40.2234 39.5531 30.1742
-5.8310 3.2764 10.7488 30.0180 33.7687 28.8937 11.6828 36.1391 35.3047 25.7695
-0.8081 1.8002 -0.5095 0.8902 7.0672 2.1922 -14.3602 10.0961 9.4258 0.6719
-1.8979 -2.0023 -7.7285 -18.0757 -14.3270 -18.0945 -34.9688 -10.5125 -11.1828 -19.9367
-4.9326 0.5931 1.9622 1.0816 6.4664 2.3031 -14.9078 9.5484 8.8781 -0.5008
-0.8081 -2.2048 -7.4521 -8.1008 -3.0141 -7.8891 -25.1000 -0.6438 -1.3766 -10.6977
-1.8979 -3.6484 -9.6727 -27.0666 -27.2354 -26.3047 -21.9805 -24.2800 -24.3404 -21.3383
-5.7413 -1.8897 -6.8281 -36.4273 -40.3063 -36.8922 -20.9336 -46.2297 -46.8961 -39.7891
-6.7658 3.0182 5.8464 -4.1232 -6.2781 -4.7512 1.2324 -13.8668 -14.8844 -7.4688
-11.5145 4.5305 13.2809 17.6500 20.6715 18.0125 8.1590 23.7238 23.3004 17.6461
-8.3834 -1.4887 -1.1311 -16.2395 -14.6335 -14.8262 -19.1842 -12.1893 -12.1250 -15.3961
-8.1146 9.4965 26.1531 32.9928 34.3699 32.5396 25.4937 45.5086 46.3266 37.4758
-11.7320 12.8750 37.1641 68.8594 72.6102 67.7352 50.5242 74.9805 74.1461 64.6109
-16.7168 9.7844 34.0734 65.9672 68.9367 63.2805 46.3688 70.4047 70.0594 61.3055
-2.7695 0.8422 3.9053 16.7469 20.8258 15.9508 -1.0039 21.1164 20.7922 12.0383
2.3202 -5.1346 -15.7098 -43.1172 -47.2422 -44.4961 -31.8867 -54.5297 -54.8023 -47.3867
1.8952 2.5372 -1.0881 -20.3641 -23.0641 -19.6234 -6.3648 -31.3320 -31.9984 -24.1648
2.9702 0.1454 -5.8082 -31.9289 -35.3320 -32.2039 -21.0477 -41.7359 -42.0086 -34.5930
-2.6313 -1.3546 -6.6332 -36.4844 -40.3633 -36.9492 -20.9906 -46.2867 -46.9531 -39.8461
4.4702 -0.3570 -8.1816 -24.8535 -27.4695 -25.2945 -15.3609 -36.0492 -36.7508 -28.9172
2.3202 -3.6041 -16.2508 -46.0625 -49.7750 -46.6906 -32.5664 -52.9297 -53.2680 -45.4344
0.3952 -1.7996 -10.7293 -23.1141 -26.4625 -23.9047 -16.4719 -32.6750 -33.3852 -25.5516
2.3202 0.4508 -2.5014 -23.4371 -24.8449 -22.5934 -16.1762 -29.3207 -30.3375 -22.9219
3.7202 3.4969 0.0926 -14.1732 -15.4437 -14.7475 -15.6207 -15.2957 -15.0884 -12.5891
-0.8081 -0.6429 -0.6429 -10.7828 -8.7486 -10.2973 -17.8666 -8.0328 -8.3758 -10.7635
2.3202 -2.1317 -7.0551 -22.4330 -22.2275 -22.8486 -28.3434 -21.3484 -21.7654 -23.2781
-11.9523 5.9137 13.7231 14.9770 17.2492 14.4133 3.0391 23.6875 23.3633 14.5094
-8.1842 -1.2585 -5.0066 -20.7060 -21.1575 -20.5652 -24.0824 -17.0875 -17.2707 -19.6584
-0.3548 -5.9506 -19.7078 -50.0035 -50.6506 -49.3151 -49.1172 -53.3878 -52.4261 -51.7139
2.3202 -4.0332 -15.6023 -38.3047 -35.5742 -36.7516 -45.4820 -33.7305 -34.0969 -39.7555
-0.8081 -0.6543 -0.3450 5.3859 9.4688 4.5938 -12.6172 11.8391 11.0437 1.5086
-1.8979 -0.2881 -0.0946 -1.0758 3.7609 -1.1055 -18.3164 6.1398 5.4695 -2.9461
-2.6313 -1.6796 -3.8470 2.5219 5.8086 1.6453 -15.5656 8.8906 8.2203 -1.1586
-1.8979 -1.3674 -3.1026 -3.8664 1.9750 -2.9000 -20.1109 4.3453 3.6125 -5.9227
-0.8081 -2.2308 -7.7486 -18.7617 -18.9422 -18.3029 -19.9988 -15.6481 -16.0774 -15.3653
2.3202 -3.6041 -15.0598 -44.0074 -43.3049 -42.4016 -38.4365 -43.0354 -44.0264 -39.3453
-0.8081 -1.6162 -1.7917 0.9742 6.4758 1.6008 -15.6102 8.4258 7.3352 -1.4188
-0.8081 -1.8016 -4.2277 -4.1336 0.9531 -3.9219 -21.1328 3.3234 2.5906 -6.3680
-2.3271 1.6023 4.6346 20.8195 23.7781 18.1359 0.9250 25.3813 24.7109 15.4492
-1.2292 1.1998 5.9221 17.8914 21.6422 16.7672 -0.4437 24.0125 23.1859 13.6508
-4.2475 6.3520 15.3023 31.9125 35.6633 30.7883 14.1398 38.5961 37.9258 29.1719
-0.8081 -3.0670 -1.9562 14.3680 17.6547 13.4914 -3.0609 21.3953 20.7250 11.9711
-0.8081 -1.7608 -3.9515 6.9492 9.9078 4.9867 -12.2242 12.2320 11.5617 2.1828
-0.8081 -2.3647 -4.6368 0.9898 4.7406 -0.1344 -17.3453 7.1109 6.2844 -3.2508
-0.8081 -0.1717 4.0053 17.5484 20.4531 15.5781 -1.6328 22.8234 22.1531 13.7211
-0.8081 -5.2363 -10.9427 -16.3114 -14.3061 -16.5789 -26.5641 -8.1594 -8.3734 -16.5336
-5.5588 -1.3049 0.5209 8.5125 12.0734 7.1984 -10.0125 14.4438 13.7734 4.3086
-12.0637 2.7855 13.8492 29.2172 32.9680 28.0930 10.8820 35.3383 34.5117 24.9766
-6.1229 3.8416 14.1578 38.3063 42.0570 37.1820 19.9711 44.4273 43.5164 34.7625
-1.8979 0.6581 2.1398 13.4508 17.2016 12.3266 -4.2258 20.2305 19.5602 10.8062
0.3952 -1.0154 -3.3096 1.3883 5.2891 0.4141 -16.7969 7.6594 6.9891 -2.4055
-0.8081 -3.3692 -9.3230 -20.9886 -19.2440 -19.0949 -24.2561 -15.3623 -15.6053 -19.2414
-0.3548 0.2687 -0.1795 -16.9766 -16.2623 -15.8187 -16.2859 -14.0625 -14.5406 -14.5406
1.9366 -4.8422 -18.2805 -49.7859 -50.5295 -50.9240 -48.4097 -50.7091 -49.6870 -48.6120
-0.8081 -2.4998 -5.0311 -19.8729 -17.2615 -19.0340 -25.0566 -20.2848 -19.8180 -23.4508
-2.6313 -0.2022 5.5787 19.5359 23.2867 18.4117 1.2008 25.6570 24.8227 15.2875
-0.8081 -2.4960 0.5359 15.7285 20.1750 16.0117 -1.1992 23.2570 22.5867 13.8570
-1.2292 -1.3336 -2.9797 3.0641 6.8148 1.9398 -15.2711 9.1852 8.3586 -1.1766
-0.8081 -0.5967 0.2541 12.8711 17.6180 12.7430 -4.4680 19.9883 19.2320 9.6969
-0.8081 0.0533 -2.5707 -12.8408 -10.1625 -13.1465 -21.1402 -5.5754 -5.6738 -12.4867
-0.8081 0.0533 -1.6042 -4.5665 -2.2332 -2.9703 -10.3516 9.9719 9.6969 0.9430
2.3202 -3.2410 -10.1846 -26.4658 -26.7268 -25.7201 -24.6565 -26.6276 -26.6881 -23.5090
2.3202 -3.2410 -14.0352 -43.4822 -41.2730 -44.2574 -52.9672 -41.8484 -42.0863 -48.4516
-2.6313 -1.6715 -1.4779 -11.5364 -8.5730 -9.8238 -19.5016 -1.7141 -1.8750 -9.9172
-2.7695 -2.2319 -3.8742 -19.9635 -19.0426 -20.1537 -27.6379 -16.2145 -15.9703 -22.3355
-0.8081 -2.2623 -11.8523 -40.7814 -42.5615 -41.6088 -40.5912 -44.8461 -43.1363 -44.5307
-0.8081 -2.9291 -4.5714 -15.4676 -13.5379 -15.0867 -22.3018 -15.6318 -15.2063 -19.7281
-0.8081 -1.8540 -0.1833 -9.5776 -5.9988 -10.9273 -28.1383 -3.6820 -4.3523 -13.2547
-3.8181 2.3381 4.1403 6.5992 9.9992 6.6539 -6.4703 15.7672 15.4219 7.0203
-2.9882 1.2734 1.0535 -12.2979 -10.4447 -14.0922 -28.0094 -3.5531 -4.2234 -12.9773
-2.3271 4.8777 10.9646 22.2797 26.0305 21.1555 3.9445 28.4008 28.0258 19.6180
-6.5486 7.6711 18.7148 32.6656 35.7367 32.9613 20.7422 39.1664 39.2344 30.3891
-8.6059 4.5645 13.7078 29.7250 34.1516 29.2766 12.0656 36.1016 35.8266 27.0727
-12.8336 3.3074 13.4180 26.9434 30.9781 26.0570 8.8461 33.3023 32.6320 23.2531
-11.7406 7.3695 21.9688 46.2375 49.6492 44.7281 27.5172 51.9734 51.3031 42.4289
-10.5539 3.9906 15.3422 32.7352 36.7836 31.1414 14.5891 39.0453 38.3750 29.5289
-11.4812 4.3230 15.4902 36.8156 41.2344 36.3594 19.1484 43.6047 42.8484 33.3133
-17.1543 5.0348 23.7445 50.9758 54.7266 49.8516 32.6406 57.0969 56.2625 46.7273
-13.5938 4.4344 23.0555 53.5891 57.6297 53.4664 36.2555 60.7117 60.0414 51.8406
-5.4749 2.5879 10.1721 20.8937 26.0750 21.2000 3.9891 28.4453 28.4953 19.7414
-2.6313 0.0342 2.8690 4.0074 8.5004 5.2336 -10.0695 12.4750 11.8047 3.0508
-4.9326 1.2166 5.0877 12.5309 18.3797 13.5047 -4.1266 18.1109 17.5109 9.1031
-4.9326 -2.4810 -4.8922 -6.7736 -3.7707 -6.7656 -23.6992 -3.3758 -3.9758 -12.3602
-1.2292 -1.7774 -7.7316 -22.0547 -19.3044 -20.8121 -29.7172 -9.7023 -9.9164 -18.3242
2.3202 -1.1845 -10.3414 -40.7340 -41.5418 -41.4486 -37.9168 -44.8160 -44.9979 -42.5672
-0.8081 -3.7397 -12.2211 -42.4906 -45.2523 -42.4828 -28.8195 -54.1156 -54.7820 -46.9484
2.3202 -4.1373 -16.3703 -45.1480 -46.8898 -45.0055 -38.6977 -54.8977 -56.6797 -48.8461
-0.8081 -1.2040 -2.4212 -6.6154 -5.5924 -6.5513 -8.9620 -11.3662 -11.6490 -8.4871
-2.6313 -1.6758 -4.0984 -11.5393 -6.7891 -11.7203 -30.1766 -12.8102 -14.0801 -15.6617
-1.2292 1.5513 3.3535 -10.4648 -12.9902 -11.4344 -4.3680 -17.9254 -19.1547 -12.5437
2.3202 1.6752 3.3460 2.0713 1.5093 1.4366 1.9520 -2.7553 -2.7277 3.5984
-3.1256 0.8034 5.2197 11.7227 15.8016 10.9266 -6.2844 18.1719 17.3453 8.3203
-4.1227 4.5598 14.0238 35.2516 39.3383 34.4633 17.2523 41.7086 40.9523 31.4172
-1.8979 0.5504 1.8961 10.5549 11.9189 10.5168 5.3557 14.2494 14.0064 11.9062
-0.3548 2.8242 9.7695 25.7016 29.1133 24.1922 6.9812 31.4375 30.7672 21.3883
-2.6313 3.5174 14.9605 36.4527 40.7859 35.8648 18.6539 43.1102 42.0242 33.6133
-2.9882 3.1756 14.4094 37.6559 40.3297 35.4586 18.2477 42.7039 42.0336 33.1312
-17.1461 9.7922 34.0812 66.6234 70.3742 65.4992 47.5227 71.1977 69.7461 60.2109
-2.7695 2.3234 9.1680 24.4602 27.1344 21.4453 4.2344 28.6906 28.0203 18.7586
-0.8081 -2.9400 -5.8922 -16.4137 -16.9305 -15.9238 -13.5030 -11.0664 -11.1271 -9.7652
-0.8081 -3.3692 -8.9568 -30.0410 -29.9697 -28.6527 -25.5073 -27.4628 -27.4628 -25.0072
-0.8081 -4.5865 -12.5934 -32.0500 -32.9571 -31.9505 -30.9329 -37.5035 -38.1186 -31.9047
-2.6313 -1.6644 -0.7056 1.2316 3.1676 0.0676 -10.2852 10.0383 9.4383 2.1785
-3.0605 4.4994 9.4686 19.2219 21.1664 17.7379 8.6527 24.5266 24.3289 17.1742
-4.2475 7.8410 19.7582 43.9328 46.8914 41.9703 24.7594 49.2156 48.5453 39.1664
-7.0824 2.8016 9.4256 19.6928 20.7158 19.6543 13.3959 22.2896 22.0467 19.1949
-1.8979 0.5504 5.1600 11.3942 13.4262 12.0240 5.6473 16.7660 16.4660 11.1672
-12.8336 2.6574 12.4613 27.9867 31.7383 26.8172 9.6062 34.0625 33.3922 24.0133
-5.9084 3.0006 9.8186 24.5000 27.8500 23.8672 10.4000 34.8563 33.7609 25.3531
-11.7363 7.1312 24.6695 51.9250 55.6758 50.8008 33.5898 58.0461 57.2195 47.8984
-6.3139 6.6207 17.5473 32.6543 35.3852 31.0707 18.7477 38.7625 38.5055 30.5555
-0.8081 -1.8016 -4.1161 -7.8753 -9.1032 -9.3253 -11.9549 -3.0611 -2.5943 -6.1113
-0.3548 -3.9605 -11.3523 -22.3727 -22.5312 -24.6777 -28.6684 -26.4449 -26.5057 -26.2187
-0.8081 -2.9390 -12.0957 -35.9987 -35.1087 -36.1730 -42.1957 -35.9469 -36.0684 -37.7525
2.3202 1.0034 0.8915 -0.3477 3.8020 -1.0000 -14.7734 7.4641 6.8641 -0.7266
