-1.2091 -1.6140 -1.9010 -0.2891
-1.5624 -1.5580 -1.6283 -0.8655
-1.7046 -1.9975 -0.8173 -0.8005
-1.4313 -1.4225 -1.5010 -0.4302
-0.7586 -0.9242 -1.6635 -0.8985
-0.7442 -0.9323 -1.6924 -0.8633
-1.5876 -1.7325 -0.8677 -0.2422
-1.3903 -1.1773 -1.2861 -0.1249
-1.4795 -1.4062 -1.2405 0.2919
-1.7924 -1.4849 -1.6429 -0.9895
-0.7238 -0.9563 -1.6728 -0.9037
-1.7293 -1.4907 -1.6062 -0.8686
-1.6862 -1.8553 -0.7841 -0.4782
-1.4737 -1.4778 -1.5224 -0.6909
-1.4398 -1.5015 -1.5714 -0.5128
-0.7823 -1.0252 -1.7722 -0.9862
-1.4752 -1.4644 -1.4974 -0.5328
-1.6953 -1.9107 -0.7676 -0.5247
-1.4575 -1.4789 -1.5428 -0.4819
-0.9999 -1.0273 -1.5257 -0.0624
-0.1114 -0.0436 -0.3583 1.3287
0.2566 0.2944 0.2018 1.8335
-0.0978 -0.0902 -0.0581 1.1421
0.5502 0.3649 0.4727 2.1229
-0.2056 -0.4162 -0.3635 0.5892
-0.0411 -0.0968 0.1101 0.6451
0.5714 0.4166 0.5779 1.9367
0.0803 0.3622 0.6341 1.3463
-0.8803 -0.4227 -0.1719 1.0194
0.0665 0.4999 0.6214 1.5386
0.0486 -0.0092 0.0588 1.2573
0.6502 0.4835 0.6379 2.0156
-0.5864 -0.2982 0.0293 0.6803
0.6719 0.5260 0.9611 3.0712
0.7094 0.5427 1.0080 3.1903
-1.2324 -1.3244 -1.6245 0.1873
-0.3064 -0.2273 -0.4837 1.6187
-0.6222 -0.7171 -0.6332 0.5782
-0.3371 -0.2785 -0.0651 0.8764
-1.1936 -0.9689 -0.6483 -0.9603
1.3060 0.7242 2.0238 0.9594
-1.1716 -0.9513 -0.2343 -0.9614
-0.8250 -0.6592 -0.1417 -0.7523
-0.8669 -0.6939 -0.2234 -0.7676
0.8261 0.5582 1.6066 0.5820
-1.5705 -1.1762 -0.8408 -1.1720
-1.3649 -1.0100 -0.7264 -1.1017
0.9346 0.5602 1.8147 0.6275
0.7766 0.4163 1.6717 0.5837
0.2980 0.1599 1.1187 0.3323
0.4650 0.2646 1.3448 0.3926
0.5652 0.3275 1.4592 0.4244
0.3454 -0.0002 1.1796 0.1379
0.0597 -0.1695 0.8174 0.0035
0.4045 0.0174 1.2783 0.1301
-0.7219 -0.6963 -0.1754 -0.5915
0.8199 0.7188 2.0699 0.5994
-0.0635 0.1466 0.9453 -0.0626
0.7331 0.5554 1.5254 0.3663
-1.5219 -1.3684 -0.0764 -0.7034
-2.6189 -1.9878 -0.8529 -1.5853
-2.9145 -2.1670 -1.9639 -1.9513
-2.0789 -1.7492 -1.4012 -1.6375
-0.4296 -0.8637 1.6704 0.2848
-1.5402 -1.7018 0.5896 -0.8910
-1.7412 -1.8661 -0.3545 -0.9172
-2.7590 -2.3298 -2.7679 -2.1367
-1.3553 -1.6919 0.1488 -1.0182
-1.5754 -1.6480 0.1218 -1.5990
-2.3418 -2.0886 -0.6366 -1.4928
-2.1678 -1.8842 -0.5624 -1.0421
-1.0301 -1.1597 0.2497 -0.2291
-0.0035 -0.6168 1.3319 0.7027
-1.3658 -1.3580 -0.5139 -0.3937
-2.3429 -2.0682 -1.8778 -1.7907
-1.2142 -1.2058 0.1436 -0.9598
-1.1860 -0.8620 0.8733 -0.4101
-2.3405 -1.6735 -1.1578 -1.1395
-0.7808 -0.6534 1.3472 0.1077
1.2921 3.2177 1.3088 1.4470
0.9271 2.9407 0.8959 1.2452
-0.3781 0.3614 -0.6890 -0.5286
-0.0339 0.5758 -0.2017 -0.4005
1.0046 3.0180 1.3529 1.1902
0.8578 2.9458 1.1665 1.1474
0.5839 2.7257 0.8841 0.9749
1.2738 3.5852 1.3556 1.6186
-0.4414 0.1634 -0.7057 -0.6128
1.4057 3.6217 1.5469 1.6422
0.6177 2.8426 0.7075 1.1038
1.2068 3.4347 1.2996 1.5892
0.4933 2.2261 0.6071 0.6776
1.1555 2.4674 0.6300 0.7666
0.3222 1.1004 -0.4462 0.0918
0.1907 0.7799 -0.4908 -0.0274
0.5948 1.1740 -0.0002 0.2370
1.6261 3.6711 1.6075 1.4915
1.8480 3.8900 1.7793 1.6833
0.2875 2.3115 0.4198 0.7851
1.3845 2.6221 0.9173 1.3145
1.9902 3.4504 2.0497 2.1501
1.4244 2.7499 1.0682 1.3356
1.6494 3.4026 1.7115 1.7371
1.5317 2.9932 1.3012 1.4821
0.3311 0.6493 -0.1669 0.1513
1.5414 3.3618 1.5687 1.3744
1.0807 1.7137 0.0959 0.6365
0.6829 1.6127 0.4398 0.6548
1.0606 1.5526 0.5715 0.9364
0.9140 1.3566 0.4098 0.7239
1.2917 1.9330 0.8155 1.2370
0.0560 0.4783 -0.1910 -0.2236
0.4020 1.2947 0.5165 0.1944
0.1077 0.2138 -0.1123 -0.1482
0.3098 0.7962 0.5854 0.2553
1.9140 3.2919 2.1949 1.9661
1.7018 2.7394 1.5384 1.5771
2.5176 4.9622 3.0225 2.6221
1.0486 1.8112 0.7910 0.8267
1.5841 3.4337 1.1276 1.6045
0.9539 2.1935 0.3783 0.6351
0.9921 1.8413 0.4755 0.8467
1.5154 2.6363 1.0087 1.4037
0.1548 0.9883 -0.3125 -0.1905
2.4626 3.1320 1.7490 2.4949
1.5628 2.4636 1.1500 1.5608
0.4230 1.6441 0.4143 0.4501
0.5741 1.6319 0.5080 0.5487
0.2673 1.0141 0.2711 0.3029
-0.6946 -0.3821 -0.6316 -0.6185
-0.7585 -0.8479 -0.8259 -0.6756
-2.1996 -2.1560 -1.9435 -2.2299
-0.5124 -1.0006 -0.7919 -0.5693
-2.1586 -2.5518 -2.1228 -2.3628
-2.0843 -2.3214 -1.8859 -2.1629
-0.1941 -0.0224 -0.3983 -0.0984
-2.4675 -2.7307 -2.4897 -2.6309
-1.6137 -2.0500 -1.9049 -1.7709
-1.5702 -1.4503 -1.7519 -1.6712
-1.3800 -1.3762 -1.4793 -1.1018
-2.5344 -2.3588 -2.8538 -2.9284
-0.6075 -0.5279 -0.6912 0.4061
-1.6893 -1.5271 -1.9273 -1.3590
-0.2462 -0.4280 -0.7209 1.5497
-0.4058 -0.5678 -0.9877 1.2502
-0.1303 -0.1570 -0.3672 1.7484
-0.2138 -0.0134 -0.2431 1.7220
-2.3852 -2.3390 -2.6652 -2.3655
-2.3661 -2.2738 -2.5425 -2.7426
-0.8434 -1.1433 -1.1359 0.3090
-0.9740 -1.2782 -1.3075 0.3582
-0.0685 0.0880 -0.1462 1.9182
-1.2074 -0.8867 -1.0966 -0.4228
-1.9030 -1.7368 -2.1299 -1.6546
-0.0235 -0.1283 -0.2899 1.9467
-0.6456 -0.7376 -1.0569 0.9184
-0.7417 -0.3217 -0.4669 0.9649
-0.7594 -0.4258 -0.7454 0.8464
-0.8323 -0.2582 -0.5419 0.8167
1.1814 0.9891 0.9773 3.8975
2.1956 2.0559 2.4065 5.3374
1.4955 1.4226 2.2572 4.2673
0.3805 1.2109 0.8624 1.6918
0.5664 1.2393 0.9939 1.6885
-0.0462 0.8647 0.5311 1.0893
0.3303 0.9675 0.7522 1.1694
0.6233 0.7804 1.3658 1.5705
-0.7241 -0.1092 -0.6539 -0.5094
-0.4964 -0.1052 -0.5227 -0.5521
0.7670 0.8028 0.8641 2.4202
2.0868 1.8687 1.0094 4.0870
2.3090 2.2357 1.4842 4.7876
1.9575 2.1847 1.2728 4.6476
0.8807 1.1819 0.1471 3.0785
0.7061 0.7974 -0.1346 2.4918
0.0522 -0.0196 -1.1280 1.1630
1.4736 0.6613 -0.7344 2.3624
-0.0133 0.3184 0.0872 1.2296
1.4242 1.3518 1.5938 2.7137
-0.8082 -0.3227 -0.1386 -0.1816
-0.2648 -0.1401 0.1804 0.2200
-0.5426 -0.6697 -0.0366 -0.2120
-1.7917 -1.6009 -0.9910 -1.6131
-1.5618 -1.3045 -0.8317 -1.3741
-1.7772 -1.7785 -1.0566 -1.6988
-1.9233 -2.3032 -1.2148 -2.2479
-1.7254 -1.5734 -1.0644 -1.8699
-1.9217 -2.2973 -1.3100 -2.4522
-0.7645 -0.7870 -0.3463 -0.7566
-1.7850 -1.8799 -1.0771 -1.8683
-2.0546 -2.0396 -1.2957 -2.2120
0.1008 0.1468 0.5266 0.5052
0.1697 0.3815 0.6772 0.8911
-1.8218 -1.9786 -1.0731 -1.8320
-2.0425 -2.1310 -1.3912 -2.3701
-2.1448 -2.0453 -1.4009 -2.4046
-2.1534 -2.1854 -1.5257 -2.6538
-2.0182 -1.9936 -1.4159 -2.4675
-1.8118 -1.7602 -1.4898 -2.3563
0.9002 1.1565 2.8334 0.7003
0.6828 0.8917 2.7027 0.4408
0.6711 0.8950 2.6929 0.4437
1.0804 0.9210 3.1390 0.7470
1.1785 1.1098 3.3903 1.0777
1.1133 1.0558 3.1237 0.8353
0.4955 0.6569 2.6196 0.2480
0.9931 0.9666 3.0982 0.7255
1.2612 1.2219 3.6510 1.1448
0.3616 0.0034 1.7983 -0.2209
0.0390 -0.2674 1.2057 -0.4436
0.7499 1.1500 1.7517 0.8126
1.8450 1.8006 3.8434 1.4801
1.6738 1.5240 3.6969 1.3072
1.9981 1.7394 4.4830 1.7389
2.0223 1.5288 4.4129 1.5672
1.7645 1.2273 4.2106 1.2990
-0.9748 -0.8094 0.4156 -1.0956
0.4518 0.7418 1.3673 0.4232
1.6225 1.5914 3.7216 1.4298
1.0517 0.8617 1.4245 0.7335
0.6233 0.3633 0.5831 0.2363
-0.5623 -0.9441 -1.1350 -0.9377
-0.1336 -0.4994 -0.7168 -0.4552
-0.3443 -0.6703 -0.7355 -0.6626
-0.2144 -0.5568 -0.7255 -0.5259
0.3406 -0.2316 -0.1343 -0.3622
0.3689 -0.2025 -0.0363 -0.3277
0.4157 -0.1787 -0.0319 -0.3288
0.6351 0.1882 0.0748 -0.0423
1.3999 1.4027 1.2114 0.8046
1.5043 1.5828 1.4570 0.9202
2.2144 2.5394 2.3870 1.7260
0.6967 0.4699 -0.0679 0.0122
0.5237 -0.0215 0.4305 -0.1234
0.7004 0.1100 0.5367 0.0993
0.8067 0.2737 0.9003 0.2279
0.8917 0.3500 0.9723 0.3105
0.6351 0.0028 -0.2998 0.0040
0.5190 -0.1261 0.1112 -0.1242
-0.8558 -0.3890 -0.4497 -0.7294
0.1607 2.0525 0.8659 0.2923
0.8023 2.5298 1.7684 1.2150
0.4132 1.2952 0.9089 0.0780
-0.5843 -0.8767 -0.7204 -1.1808
-0.7685 -0.9058 -0.8225 -1.2103
-0.2057 1.1101 0.2296 0.1454
-0.0550 0.4467 -0.0780 -0.2902
-0.4637 -0.1204 -0.5304 -0.7363
-0.6049 -0.2848 -0.8420 -0.8318
-0.5620 -0.1753 -0.5292 -0.7713
-0.3831 1.2905 0.7614 0.2723
1.2779 3.4036 2.2345 1.6963
0.0680 1.3821 0.8530 0.1093
-0.7054 0.9200 0.6176 -0.1057
-0.1672 1.8558 1.1315 0.4996
-0.1587 1.5107 0.9709 0.2732
0.5297 2.8293 1.5462 1.0290
1.3643 4.0274 2.2611 1.9047
1.4023 3.0691 1.3634 0.7855
-1.4571 -2.4941 -1.3412 -1.5876
-1.0452 -2.3630 -1.2360 -1.3506
-1.5353 -2.9398 -1.7038 -1.5480
-0.9301 -1.8700 -1.0684 -1.1741
-0.6949 -1.9577 -0.7412 -0.9304
-0.7260 -1.9567 -0.7464 -0.9371
-1.4276 -2.3840 -1.5980 -1.4362
-0.4045 -0.9652 -0.6827 -0.7533
-1.7189 -2.3703 -1.7553 -1.5169
-0.7850 -1.9978 -1.1337 -1.1612
-0.8110 -2.1976 -0.8628 -1.0903
-0.7986 -1.8575 -1.0959 -1.1457
-1.4544 -2.4919 -1.6344 -1.4425
-0.5326 -1.1589 16.5088 -1.0773
-0.8958 -1.7842 22.2472 -1.1938
-0.6392 -1.8693 18.3426 -0.9604
-0.7058 -1.5240 20.8060 -1.0346
-1.1672 -2.0728 19.0249 -1.2104
-0.6563 -1.4350 21.6299 -0.9818
-0.9256 -0.1836 -1.7748 -1.2829
0.0268 1.1511 -0.6801 -0.1597
0.3497 1.6461 -0.1619 0.1773
-0.0108 0.9422 -0.2940 -0.1239
0.4615 2.1438 0.0666 0.5243
-0.4910 0.6184 -0.6385 -0.2904
-0.3412 0.8760 -0.1754 -0.0622
0.3622 1.9595 0.2157 0.6195
-0.1321 1.3837 0.5978 0.2241
-0.3004 0.9893 -0.4064 -0.5370
-0.1581 1.6399 0.3556 0.1391
-0.2121 1.0863 -0.3484 -0.0769
0.3316 1.8820 0.2065 0.5503
-0.7378 0.3666 -0.0776 -0.5239
0.6946 2.5336 0.4402 0.6223
0.6970 2.6627 0.4322 0.6275
-1.0092 -0.3242 -1.8164 -1.4164
-0.0167 1.0146 -0.7643 -0.2558
-0.7671 0.0370 -0.8698 -0.7569
-0.3668 0.5143 -0.2966 -0.3133
0.6509 2.3510 0.9268 0.2392
-0.8106 -0.6584 -0.7479 -0.7113
0.2923 2.0196 0.4711 -0.2653
0.3196 1.5802 0.3712 0.0263
0.3614 1.6150 0.4307 0.0475
-0.5446 0.0213 -0.6010 -0.5520
0.6382 2.7897 0.6808 0.0411
0.5591 2.6882 0.5722 0.1573
-0.7295 -0.1032 -0.6453 -0.6925
-0.6271 -0.0529 -0.5100 -0.7593
-0.2986 0.5837 -0.2170 -0.6640
-0.4176 0.3608 -0.3597 -0.7052
-0.4314 0.1779 -0.4495 -0.7338
-0.2220 0.2420 -0.2846 -0.5807
-0.0542 0.6994 -0.0413 -0.4853
-0.3493 0.3408 -0.3118 -0.5888
0.4691 1.7833 0.5766 -0.2234
-1.0639 -0.1059 -1.0090 -1.0531
-0.3125 0.7762 -0.2138 -0.6119
-0.3399 -0.2931 -0.8017 -0.7475
-0.3131 0.2630 0.1203 0.6425
-1.7637 -0.5985 -1.1366 -1.9063
-2.5356 -0.8714 -1.2589 -2.9054
-2.4152 0.8388 -1.2566 -2.5456
-1.2718 1.2012 0.5571 0.4607
-2.0307 0.9728 -0.7667 -0.6856
-2.0884 0.5441 -0.9654 -1.0136
-3.0754 0.3211 -1.9314 -3.3991
-2.1356 0.5242 -0.2199 -1.2938
-1.9060 -0.1017 -0.5295 -0.8677
-2.2801 0.2343 -1.2387 -1.5002
-2.1689 0.0631 -1.3667 -0.9731
-1.3642 0.5606 -0.5762 -0.3623
-0.6357 1.3134 0.2514 0.2403
-1.3058 1.3970 -1.1134 -1.2791
-2.7220 -1.4971 -1.0425 -2.1658
-1.8226 -0.8713 -0.0837 -0.6246
-1.4296 -0.5545 -0.1140 0.1583
-2.2044 -0.6510 -0.8695 -1.9728
-0.7425 1.6988 -0.3164 -0.0727
-1.1337 -1.8159 -1.7741 -1.4461
-0.8611 -1.3859 -1.3742 -1.1263
0.5447 0.6714 0.8768 1.3561
0.2511 0.1807 0.3921 1.1170
-1.2784 -1.7677 -1.7354 -1.0769
-1.1761 -1.5757 -1.5600 -0.9732
-0.9653 -1.2823 -1.2912 -0.7256
-1.2910 -1.8346 -1.8051 -1.7648
0.5649 0.6937 0.9327 1.5271
-1.3864 -2.0409 -2.0146 -1.8224
-0.7354 -1.1444 -1.1645 -0.9788
-1.2375 -1.7451 -1.7303 -1.6358
-0.8339 -0.8513 -1.3452 -0.5459
-0.9297 -0.9333 -1.0771 -1.0394
-0.1550 0.0973 -0.0666 0.2235
-0.1461 0.1570 -0.1112 0.6523
-0.5010 -0.3489 -0.5595 0.2716
-1.6973 -2.0087 -1.6849 -1.5537
-1.8659 -2.1873 -1.7529 -1.8065
-0.5355 -0.8531 -0.9062 -0.3544
-0.8026 -0.8736 -0.6298 -1.6538
-1.2197 -1.3589 -1.2604 -2.8342
-0.8385 -0.9300 -0.7063 -1.8597
-1.2097 -1.4045 -1.4926 -2.3604
-1.0335 -1.1189 -1.0383 -2.0122
0.0658 -0.0481 0.3844 0.2328
-1.2319 -1.4131 -1.7808 -2.0038
-0.6211 -0.4848 -0.3584 -0.6300
-0.4910 -0.3220 -0.7448 -0.4762
-0.5643 -0.3343 -0.5687 -0.6586
-0.4386 -0.1823 -0.2339 -0.4618
-0.7795 -0.5722 -0.9030 -1.0209
0.1722 0.4672 0.5840 0.5796
-0.2623 -0.0780 -0.1539 -0.0431
0.2386 0.2669 0.8586 0.6672
-0.1270 -0.1550 0.0325 0.1599
-1.1415 -1.4942 -1.7379 -2.6850
-0.7941 -1.0561 -0.9313 -2.2428
-2.0157 -2.1298 -2.4703 -3.8996
-0.4912 -0.5766 0.1088 -0.9042
-1.6771 -1.3233 -1.6381 -1.9058
-0.9950 -0.4207 -0.7106 -0.8334
-1.0663 -0.5436 -0.8792 -0.5800
-1.4573 -0.9888 -1.2512 -1.4135
-0.7185 0.1455 -0.6064 0.7762
-1.7281 -1.1228 -1.4936 -2.4181
-1.3249 -0.4186 -0.9761 -1.6445
-0.8479 0.2824 -0.4059 -0.4853
-0.8267 0.1995 -0.2737 -0.5278
-0.6152 0.4299 -0.0844 0.0058
0.0028 0.7517 0.5539 1.6147
0.1797 1.0370 0.7397 1.9289
0.7558 1.8164 1.3801 3.8701
-0.0464 0.5932 -0.0825 2.2523
0.9309 1.9308 1.1394 4.0800
1.0040 2.0650 1.3620 3.4739
-0.1636 0.3947 0.1896 0.7621
1.4182 2.5629 1.6752 3.8529
1.0130 1.9111 1.1720 3.1213
0.5139 1.6381 0.7682 2.9729
-1.3756 -1.0403 -1.3314 -1.0562
-2.8399 -2.4706 -3.0573 -2.2069
-0.7881 -0.1968 0.3822 -0.5458
-2.0167 -1.4540 -1.3861 -1.6006
-0.6300 0.0799 1.3456 -0.5677
-1.0080 -0.2257 1.0458 -0.5898
-0.4295 0.3812 1.5143 -0.1467
-0.2957 0.3257 1.5336 -0.0672
-2.7642 -2.2512 -2.3708 -2.3545
-2.5323 -2.0622 -2.8143 -2.4435
-1.1455 -0.4414 0.0588 -1.0346
-1.2470 -0.6724 0.1812 -1.1094
-0.3895 0.3985 1.8016 0.1163
-1.2033 -0.9235 -0.3512 -1.0397
-2.2535 -1.7257 -1.5986 -1.8399
-0.3327 0.4842 1.7481 -0.1616
-1.1734 -0.4363 0.7643 -0.7207
-0.6869 -0.1156 0.8111 -0.2983
-1.0083 -0.1595 0.6353 -0.4071
-0.7715 -0.1342 0.6680 -0.3351
0.3733 1.3605 4.6531 0.4581
1.5635 2.4588 6.1091 1.6440
0.9464 1.9016 5.2358 1.6800
0.0631 0.1412 2.6629 0.8019
0.1602 0.1684 2.6634 0.8412
-0.3074 -0.2775 1.9477 0.4260
-0.0743 -0.1635 2.0350 0.5542
0.2848 0.4536 2.4500 0.8052
-1.2551 -1.4491 0.2201 -0.5142
-1.1700 -1.4390 0.1875 -0.4923
0.3172 1.1544 1.8910 1.2260
1.3453 1.5620 3.8130 1.3436
1.6051 2.1990 4.2520 1.8219
1.4498 2.1025 4.1253 1.7626
0.5421 1.1218 2.6591 0.8677
0.2135 0.8613 2.0570 0.5626
-0.7826 -0.1060 0.6211 -0.2131
0.1561 0.6307 1.8855 -0.3066
0.1701 0.5089 1.2316 0.4673
1.4888 1.7052 2.7908 1.5372
-0.5191 -0.1554 0.3009 -1.2660
-0.0826 0.1740 -0.0113 0.1690
-0.4865 -0.2295 -0.4608 -0.2652
-1.5432 -1.5221 -1.3016 -1.7321
-1.2833 -1.3416 -0.9102 -1.3964
-1.6004 -1.6333 -1.4622 -1.6895
-1.6143 -2.3336 -1.5946 -1.9907
-1.5142 -1.7967 -1.1788 -1.6568
-1.7102 -2.4775 -1.5190 -2.0555
-0.6813 -0.7466 -0.4558 -0.5430
-1.6482 -1.7841 -1.5941 -1.7227
-1.8537 -2.0515 -1.7731 -2.1205
0.3107 0.3980 0.1794 0.5915
0.4701 0.7446 0.4055 0.7095
-1.6512 -1.6799 -1.7003 -1.7140
-1.9050 -2.1735 -1.8772 -2.0898
-1.8959 -2.1901 -1.7818 -2.2972
-2.0010 -2.4217 -1.9035 -2.3102
-1.8730 -2.2756 -1.6880 -2.1284
-1.7235 -2.2247 -1.1776 -2.4984
-1.1312 -1.4729 -1.5004 -1.3686
-0.9020 -1.2695 -1.4282 -1.2381
-0.9199 -1.2518 -1.4306 -1.2453
-1.2259 -1.8412 -1.4463 -1.3782
-1.5821 -1.7826 -1.8699 -1.5207
-1.3246 -1.8413 -1.5404 -1.3623
-0.8521 -0.8593 -1.2949 -1.0867
-1.2050 -1.7308 -1.5114 -1.3421
-1.7517 -1.8887 -2.1005 -1.6141
-0.5302 -0.2702 -0.4236 -0.5881
-0.2954 0.2956 -0.0926 -0.2264
-1.0332 -0.5166 -1.4058 -0.8153
-1.9679 -2.8647 -2.2457 -1.9131
-1.7584 -2.6719 -2.0672 -1.7980
-2.3102 -3.0773 -2.8195 -2.1414
-2.1567 -2.9779 -2.5422 -2.1545
-1.9410 -2.6291 -2.4310 -1.9848
0.2106 2.1639 0.1613 0.2252
-0.9670 0.3699 -1.1763 -0.5240
-2.0185 -2.1734 -2.4590 -1.8281
0.6962 0.6801 1.3869 0.4372
0.1441 0.1960 0.7364 -0.1912
-1.0681 -1.0345 -0.8279 -1.2745
-0.4608 -0.5795 -0.5076 -0.6885
-0.6676 -0.7505 -0.5605 -0.8418
-0.5232 -0.6193 -0.5498 -0.6882
-0.0580 -0.1753 0.0086 -0.4199
-0.0251 -0.1229 0.0692 -0.3889
-0.0354 -0.1155 0.1053 -0.3964
0.2733 0.1820 0.1755 -0.0549
0.9101 1.0063 1.2553 0.7198
0.9616 1.0865 1.5383 0.7617
1.6340 1.8245 2.3055 1.5153
0.1529 0.3247 0.2459 -0.2075
0.0667 0.0896 0.5823 -0.4303
0.3299 0.3502 0.5843 -0.1130
0.4286 0.4568 0.8978 -0.0179
0.5218 0.5659 0.8883 0.0802
0.3689 0.3881 -0.3373 0.0189
0.1527 0.1891 0.1003 -0.2745
-0.7173 -0.9470 -0.3398 -0.7469
0.1606 1.6580 1.2265 0.5488
0.8556 2.0363 1.6434 1.0630
0.0282 0.9948 0.9794 0.4717
-0.9163 -1.0166 -0.6928 -0.7269
-0.9372 -1.1326 -0.7418 -0.7865
0.0056 0.8469 0.2753 0.0577
-0.2316 0.1903 -0.0283 -0.0578
-0.6424 -0.3910 -0.3990 -0.4690
-0.8612 -0.5482 -0.4551 -0.5461
-0.6730 -0.4004 -0.4123 -0.5204
0.0298 1.0069 0.7128 -0.0041
1.1175 3.0809 2.2178 1.5406
0.0219 1.1581 0.9100 0.2774
-0.3414 0.7207 0.4753 -0.3596
0.1533 1.5062 1.1504 0.3142
0.0442 1.1819 0.9642 0.1973
0.4854 2.6091 1.7805 0.9689
1.1929 3.8042 2.4392 1.7096
0.3347 2.6133 1.7081 1.2667
-1.4998 -2.4481 -1.6794 -1.6164
-1.2380 -2.3134 -1.3679 -1.4729
-1.7125 -2.9917 -1.7060 -1.7335
-1.0538 -1.8606 -1.2080 -1.2845
-0.8028 -1.7981 -0.8479 -0.8168
-0.8212 -1.8004 -0.8713 -0.8184
-1.5745 -2.4220 -1.5843 -1.6245
-0.6151 -0.8812 -0.7090 -0.9610
-1.7972 -2.5219 -1.7934 -1.5971
-1.0198 -1.8818 -1.2333 -1.3828
-0.9635 -2.0189 -0.9851 -1.0005
-1.0355 -1.8055 -1.2126 -1.2832
-1.6374 -2.5841 -1.6318 -1.5794
-0.9394 -1.1901 -0.9026 -0.9988
-1.1910 -1.8644 -1.2827 -1.2913
-0.9160 -1.7927 -0.9067 -0.7943
-1.1024 -1.7464 -1.1847 -1.2241
21.1119 -2.3213 -1.5102 -1.4352
23.9198 -1.6539 -1.2175 -1.1355
-1.2388 -0.1446 -0.9414 -1.2175
0.0420 1.2862 -0.0315 -0.0530
0.4794 1.8842 0.3333 0.2815
-0.1389 1.2906 0.2227 -0.0572
0.6023 2.3915 0.4320 0.6245
-0.2057 0.8323 -0.3084 -0.1146
0.0056 1.0022 -0.1117 -0.0411
0.6662 2.2929 0.4560 0.7873
0.5511 1.7256 0.1944 0.3570
-0.3840 1.1233 -0.5301 -0.6878
0.5075 1.7800 0.2135 -0.0126
0.2372 1.4138 0.0642 0.0293
0.7429 2.3144 0.5499 0.6643
0.0788 0.7543 -0.2194 -0.3954
0.9178 3.1669 0.8269 0.7466
0.9138 3.2619 0.8379 0.7325
-1.3154 -0.0447 -0.9799 -1.4413
0.0475 1.3903 -0.0159 -0.2633
-0.3590 0.4904 -0.4054 -0.6561
-0.0171 0.9332 -0.0783 -0.3790
0.3935 2.4436 0.5741 0.8009
-1.1642 -0.2982 -0.7041 -0.9016
0.2977 2.0146 0.2615 0.5488
0.2427 1.7024 0.1219 0.3857
0.2631 1.7424 0.1557 0.4205
-0.8306 0.1883 -0.4515 -0.5460
0.4399 2.7588 0.6008 0.9552
0.3795 2.6491 0.4999 0.8471
-0.9292 0.0711 -0.6156 -0.6839
-0.8770 0.1675 -0.5321 -0.5990
-0.6402 0.7456 -0.1666 -0.2348
-0.6940 0.5064 -0.3262 -0.3721
-0.6925 0.3221 -0.3984 -0.4414
-0.3161 0.2818 -0.2226 -0.3287
-0.2265 0.7065 0.0071 -0.1092
-0.4014 0.3252 -0.2890 -0.3949
0.1846 1.7193 0.5451 0.4955
-1.1111 0.0960 -1.4443 -0.9311
-0.5665 1.0128 -0.5702 -0.2181
-0.4869 0.0956 -1.1571 -0.6275
0.0445 -0.9876 -0.4961 -0.8073
-0.3701 -1.5909 -1.2185 -1.4234
-1.1486 -2.0341 -1.9816 -1.7834
-0.0302 -1.3067 -1.1669 -0.4812
0.9784 0.2224 2.0219 -0.3734
0.2482 -0.7261 0.2843 -1.4154
-0.1815 -1.0994 0.0343 -1.3781
-0.9240 -2.0550 -2.2244 -1.3582
-0.1515 -0.7339 0.3552 -1.3407
-0.2731 -0.9498 0.1883 -1.1387
-0.3128 -1.4852 -0.5561 -1.3225
-0.0646 -1.2759 0.0889 -1.5710
0.2355 -0.6316 0.6653 -0.8387
0.9372 0.2812 1.6037 -0.1965
0.7138 -0.8929 -0.4164 -0.0267
-1.5978 -1.8865 -1.9643 -1.6100
-0.4466 -0.8934 -0.3811 -0.8455
0.3544 -0.7132 0.4883 -0.6477
-0.7510 -1.6204 -1.2248 -1.4772
1.9782 0.0116 1.1485 0.4042
1.9119 2.9743 0.7144 1.8257
1.7247 2.6171 0.4809 1.5057
0.0151 0.1091 -0.6977 -0.2293
0.1294 0.4184 -0.4740 0.0883
1.1769 2.9535 0.5761 1.6659
1.1329 2.8298 0.4903 1.5369
0.9717 2.5643 0.3108 1.3340
2.0264 3.3347 0.8100 1.9467
-0.1047 -0.0424 -0.7203 -0.3272
2.0472 3.4076 0.8418 2.0887
1.5207 2.5133 0.2937 1.3777
1.9409 3.2088 0.7268 1.8567
0.7553 2.1126 0.0976 1.1595
0.9205 2.3338 0.9402 0.9353
0.1871 0.9099 0.1788 -0.0851
0.0228 0.6272 -0.0316 -0.1923
0.2461 1.0969 0.2573 0.2059
1.3755 3.6231 1.4172 1.6641
1.6002 3.8389 1.6736 1.8172
1.2596 2.0055 -0.0126 1.0683
0.6976 2.5587 0.7325 1.3279
2.0088 3.5114 1.3866 2.2013
0.8094 2.7555 0.7857 1.3689
1.3782 3.3172 1.1824 1.8880
0.9764 2.9337 0.9711 1.5866
-0.3020 0.6832 -0.1045 0.2619
1.1380 3.2610 1.5932 1.2764
0.0686 1.4845 0.7916 0.6269
0.5326 1.2868 0.5371 0.7770
0.8341 1.3445 0.6095 1.1594
0.6489 1.1731 0.4766 0.8925
1.0838 1.7127 0.8061 1.3715
-0.1756 0.6519 -0.2310 -0.2621
0.4706 1.3500 0.1926 0.3358
0.0563 0.3292 -0.2963 0.1010
0.6542 0.8245 0.0956 0.6118
2.0732 3.3462 1.8033 1.8206
1.4970 2.8651 1.4135 1.3392
2.7312 4.7431 2.2266 2.6509
0.9495 1.6919 0.4933 1.0633
1.3625 3.9510 1.6253 0.9714
0.3693 2.4260 0.5283 0.3747
0.3787 2.0999 0.7234 0.5349
0.8661 2.8266 1.2882 1.0531
-0.2335 1.2727 -0.8246 -0.4439
1.6208 3.0263 1.9162 2.2096
0.9564 2.3015 0.9436 1.6724
0.2216 1.3417 0.0288 0.9360
0.3338 1.3705 0.1250 0.9414
0.0657 0.8166 -0.1556 0.7758
-0.9127 -0.1005 -0.7700 -0.4402
-0.9168 -0.5296 -0.8552 -0.4652
-2.2103 -1.7122 -2.3597 -1.8360
-0.9204 -0.4440 -0.7422 -0.7375
-2.1815 -2.1293 -2.3121 -2.1026
-2.0170 -2.1877 -1.9214 -1.4055
-0.4922 0.3609 -0.1233 -0.3236
-2.3021 -2.6154 -2.3007 -1.9209
-1.6778 -1.8602 -1.4139 -1.4664
-1.6822 -1.2015 -1.4875 -1.6423
1.1340 3.0739 0.5517 0.3962
2.4110 4.7680 2.0385 1.7748
1.0556 1.7284 -0.2897 -0.2348
1.9285 3.2715 1.1572 1.0832
-0.0747 0.5966 -0.9512 -0.7169
0.3112 0.7433 -0.3311 -0.1841
0.2029 0.4630 -1.0518 -0.9679
0.4878 0.3430 -0.6335 -0.6736
2.7236 4.3781 1.7699 1.5432
3.0556 4.7112 1.9923 1.6482
1.6109 1.7052 0.2704 0.1457
1.6989 1.5863 0.4019 0.0631
0.1222 0.2945 -0.8403 -0.8896
1.8244 2.2723 0.6441 0.4386
2.1606 3.4087 1.3952 1.2277
0.0159 0.0387 -1.1835 -1.0306
0.7355 0.9821 -0.0481 -0.0292
1.1785 1.1086 -0.0297 -0.3212
0.7283 1.3135 -0.1661 -0.3348
1.0200 1.2805 0.0213 -0.2749
-1.4885 -1.6712 -2.4616 -1.9945
-2.6325 -3.2640 -3.4219 -3.2247
-1.5451 -2.8723 -2.6047 -2.1206
0.1900 -1.2880 -0.5246 -0.8137
0.0022 -1.2077 -0.5963 -0.8553
0.5690 -0.5078 -0.2025 -0.3528
0.2153 -0.5069 -0.3558 -0.5139
-0.1835 -0.6575 -1.0172 -0.9524
1.8118 1.0959 1.1124 1.2588
1.5928 1.1739 1.0508 1.2186
0.8576 -0.7531 0.6023 0.9142
-1.2612 -1.5021 -1.5275 -1.0477
-1.6292 -2.3509 -1.7978 -1.1741
-1.2661 -2.3476 -1.5982 -0.9547
0.2677 -0.8982 -0.3118 0.2311
0.4859 -0.1983 -0.0129 0.5679
1.4593 1.1520 0.9078 1.7517
-0.7969 1.0655 -0.9785 -0.5664
0.3106 0.3013 -0.2280 0.1118
-1.3659 -1.2369 -1.4365 -1.1968
-0.0987 -0.7621 2.0927 0.3056
-0.1228 -0.2291 1.7392 -0.2508
0.0785 0.2687 2.0918 0.2767
0.5475 1.1343 3.6100 1.2376
0.3968 0.8048 3.3184 0.9053
0.7219 1.2676 3.7814 1.2166
0.8637 1.6776 4.4265 1.5041
0.7577 1.1234 3.7857 1.1072
1.0074 1.7605 4.4922 1.4945
0.3902 0.4946 2.5086 0.3577
0.8667 1.5076 3.8500 1.3284
0.9988 1.6853 4.1860 1.6066
-0.2591 -0.3011 1.2279 -0.4778
-0.5853 -0.5446 0.9140 -0.5920
0.7536 1.4958 3.8647 1.3445
1.1145 1.7677 4.2823 1.5587
0.9647 1.7094 4.2575 1.7077
1.2013 1.8303 4.4762 1.6872
1.1159 1.6369 4.2572 1.5231
1.0973 1.2514 3.9883 1.5666
-1.0387 -1.8878 -0.7832 -0.8119
-0.8516 -1.7041 -0.6693 -0.7083
-0.8427 -1.6711 -0.6786 -0.7047
-0.9111 -1.9612 -0.5806 -1.0908
-1.3603 -2.0669 -0.8278 -1.4662
-0.9983 -1.9531 -0.6845 -1.1139
-0.7524 -1.2878 -0.4446 -0.6069
-0.9484 -1.9048 -0.6062 -1.0211
-1.4701 -2.1996 -1.0964 -1.5780
-0.2928 -0.2140 0.3729 -0.3784
0.0566 0.4183 0.6487 -0.1173
-0.5427 -0.7735 -0.4153 -0.7462
-1.7033 -3.1153 -1.5784 -1.5826
-1.5537 -2.8780 -1.3696 -1.4478
-2.1889 -3.3963 -1.9623 -2.0744
-2.1339 -3.2628 -1.7714 -1.8829
-1.9184 -2.9250 -1.6556 -1.7438
0.2089 1.7166 1.0462 0.3222
-0.6265 0.0826 -0.2231 -0.7548
-1.9293 -2.6262 -1.7510 -1.7120
0.3995 0.7285 0.6177 1.2505
-0.2499 0.0118 0.1502 0.5447
-1.4274 -0.9672 -1.1766 -1.1436
-0.8771 -0.3312 -0.8893 -0.7705
-1.0391 -0.5848 -0.9305 -0.8239
-0.9312 -0.3800 -0.8633 -0.7938
-0.4679 -0.0393 -0.4089 -0.2222
-0.4336 -0.0078 -0.3677 -0.1513
-0.4585 -0.0783 -0.2943 -0.1430
-0.1239 0.2750 -0.0000 0.0065
0.6699 0.8655 1.0073 1.1685
0.7349 0.8783 1.1469 1.3980
1.5157 1.6338 2.0649 2.0956
-0.1746 -0.2932 0.5799 -0.0622
-0.4282 -0.1999 0.2089 0.1860
-0.1772 0.2207 0.2759 0.2412
-0.0715 0.3130 0.4046 0.5508
0.0098 0.4168 0.4881 0.6113
-0.0601 0.2342 0.2179 -0.5683
-0.3082 -0.0145 0.1237 -0.1338
-0.7052 -0.3911 -1.0727 -0.7772
0.6897 1.2238 0.0437 1.5139
1.3707 1.7133 0.3953 2.1778
0.2651 0.9378 -0.0250 0.9738
-1.0901 -0.8321 -0.6023 -1.0077
-1.0675 -0.8054 -0.6717 -1.1561
0.2783 0.5398 -0.0306 0.8160
-0.2116 0.1700 -0.1885 0.2321
-0.6799 -0.3531 -0.5632 -0.3298
-0.7663 -0.5359 -0.5374 -0.4696
-0.7200 -0.3317 -0.5707 -0.3938
0.3269 1.0305 -0.4216 0.9095
1.9014 2.3173 1.0076 3.1027
0.2040 0.7710 -0.0478 1.0296
-0.2209 0.3078 -0.5750 0.6662
0.6127 1.2130 -0.1248 1.4027
0.3604 1.0058 -0.2363 1.1156
1.0744 1.6774 0.4839 2.7654
1.9062 2.5462 1.1065 4.0431
1.1370 1.5966 0.6090 2.8380
