-0.00808000005782
-0.00808079913259
-0.00808080844581
-0.00808080658317
-0.00808081030846
-0.00808081030846
-0.00808081030846
-0.00808080285788
-0.00808080285788
-0.00808080285788
-0.00808081030846
-0.00808080285788
-0.00808081775904
-0.00808081030846
-0.00808081775904
-0.00808081775904
-0.00808081030846
-0.00808082520962
-0.00808081030846
0.0
0.0
0.0
0.0
0.0
0.0
0.0
4.125
4.125
0.0
0.0
0.0
4.125
0.0
0.0
4.125
0.0
0.0
0.0
0.0
-4.17425537109
4.1171875
-0.0078125
-0.0078125
-4.17419433594
4.1171875
-0.0078125
-4.17419433594
-0.00860595703125
-0.0078125
-0.0078125
-0.0078125
-0.0078125
-0.0078125
-0.0078125
-0.0078125
-4.17425537109
-0.008544921875
-0.0078125
-0.0078125
0.0
0.0
-4.16638183594
-4.16650390625
-0.000732421875
0.0
4.125
-4.16638183594
-0.0008544921875
0.0
0.0
0.0
0.0
4.125
4.125
0.0
0.0
0.0
-4.16638183594
4.125
-0.000732421875
4.125
0.0
-4.16625976562
-0.0009765625
0.0
0.0
4.125
-4.16625976562
-0.000732421875
0.0
0.0
-4.16650390625
-0.000732421875
0.0
0.0
0.0
0.0
4.125
-4.16650390625
-0.0078125
-0.0078125
-0.0078125
-0.0078125
-0.0078125
-4.17431640625
-0.008544921875
-0.0078125
-0.0078125
-0.0078125
-0.0078125
-0.0078125
-0.0078125
4.1171875
-0.0078125
-4.17431640625
-0.008544921875
-0.0078125
4.1171875
-4.17431640625
3.75
0.0
0.0
3.75
-3.78759765625
0.0
0.0
0.0
0.0
0.0
0.3251953125
0.0
-4.16650390625
-0.00048828125
-4.16650390625
-4.16650390625
4.125
0.0
0.0
0.0
-0.0078125
-4.17431640625
-0.0087890625
-4.17431640625
-0.00830078125
-0.0078125
-0.0078125
-0.0078125
-4.17431640625
-4.17431640625
-0.00830078125
-0.0078125
4.1171875
-0.0078125
-4.17431640625
-0.0087890625
-0.0078125
-0.0078125
-0.0078125
-0.0078125
0.0
3.75
0.0
0.0
0.0
0.0
0.0
0.0
0.0
-3.78759765625
-3.78759765625
0.0
0.0
0.0
0.0
0.0
-3.787109375
-3.78759765625
0.0
0.0
0.0
0.0
0.0
0.0
0.0
0.0
0.0
0.0
0.0
0.0
0.0
0.0
0.0
0.0
0.0
0.0
0.0
0.0
0.0
0.0
0.0
0.0
0.0
0.0
0.0
0.0
0.0
0.0
0.0
0.0
-4.1669921875
-4.166015625
-0.0009765625
0.0
0.0
0.0
8.25
-4.166015625
-4.1669921875
0.0
-0.0078125
-0.0078125
-0.0078125
-0.0078125
-0.0078125
-0.0078125
-0.0078125
-0.0078125
-0.0078125
-0.0078125
-0.0078125
-0.0078125
4.1171875
-0.0078125
-0.0078125
-0.0078125
-0.0078125
-0.0078125
-0.0078125
-0.0078125
3.75
-3.7880859375
3.75
0.0
0.0
-3.787109375
0.0
0.0
0.0
0.0
0.0
0.0
3.75
0.0
0.0
0.0
-3.4599609375
-4.166015625
4.125
4.125
11994.1296153
-0.00808079913259
-0.00808080844581
-0.00808080658317
-0.00808081030846
0.325022377074
0.0
0.324951171875
0.0
0.0
0.0
0.0
0.0
0.0
0.0
0.0
0.0
0.0
0.0
-0.0078125
-0.0078125
-0.0078125
-0.0078125
-0.0078125
-0.0078125
-0.0078125
4.1171875
4.1171875
-0.0078125
-0.0078125
-0.0078125
4.1171875
-0.0078125
-0.0078125
4.1171875
-0.0078125
-0.0078125
-0.0078125
-0.0078125
4.125
-4.16638183594
-0.000732421875
0.0
4.125
-4.16638183594
-0.0008544921875
4.125
0.0
0.0
0.0
0.0
0.0
0.0
0.0
0.0
4.125
0.0
0.0
0.0
0.0
0.0
-2.2724609375
-2.2724609375
-0.000244140625
0.0
2.25
-2.2724609375
-0.000244140625
0.0
0.0
0.0
0.0
2.2001953125
1.875
0.0
0.0
0.0
-1.89404296875
1.875
0.0
-3.78759765625
-0.00048828125
3.75
0.0
0.0
0.0
-3.78759765625
3.75
0.0
0.0
0.0
3.75
0.0
0.0
0.0
0.0
0.0
-3.78759765625
3.75
0.0
0.0
0.0
0.0
0.0
3.75
0.0
0.0
0.0
0.0
0.0
0.0
0.0
-3.78759765625
0.0
3.75
0.0
0.0
-3.78759765625
3.75
-4.16650390625
-0.0009765625
0.0
-4.166015625
4.125
0.0
0.0
0.0
0.0
0.0
0.0
0.0
4.125
0.0
4.125
4.125
-4.16650390625
-0.0009765625
0.0
0.0
-0.0078125
-4.173828125
-0.0087890625
-4.17431640625
-0.00830078125
-0.0078125
-0.0078125
-0.0078125
-4.17431640625
-4.17431640625
-0.0087890625
-0.0078125
4.1171875
-0.0078125
-4.173828125
-0.0087890625
-0.0078125
-0.0078125
-0.0078125
-0.0078125
0.0
4.125
0.0
0.0
0.0
0.0
0.0
0.0
0.0
-4.16650390625
-4.16650390625
-0.00048828125
0.0
0.0
0.0
0.0
-4.16650390625
-4.16650390625
-0.0009765625
0.0
0.0
0.0
0.0
0.0
0.0
0.0
0.0
0.0
0.0
0.0
0.0
0.0
0.0
0.0
0.0
0.0
0.0
0.0
0.0
0.0
-0.0078125
-0.0078125
-0.0078125
-0.0078125
-0.0078125
-0.0078125
-0.0078125
-0.0078125
-0.0078125
-0.0078125
4.1171875
4.1171875
-0.0078125
-0.0078125
-0.0078125
-0.0078125
-8.3408203125
4.1171875
4.1171875
-0.0078125
-0.0009765625
0.0
0.0
0.0
0.0
0.0
0.0
0.0
0.0
0.0
0.0
0.0
4.125
0.0
0.0
0.0
0.0
0.0
0.0
0.0
4.125
-4.166015625
4.125
0.0
0.0
-4.1669921875
-0.0009765625
0.0
0.0
0.0
0.0
0.0
4.125
0.0
0.0
0.0
-4.166015625
-4.166015625
4.125
4.125
13102.4313731
-0.00808079913259
-0.00808080844581
-0.00808080658317
-0.00808081030846
-0.00808081030846
-0.00808081030846
0.325021870434
0.0
0.0
0.0
0.0
0.0
0.0
0.0
0.0
0.0
0.0
0.0
-0.0078125
-0.0078125
-0.0078125
-0.0078125
-0.0078125
-0.0078125
-0.0078125
4.1171875
4.1171875
-0.0078125
-0.0078125
-0.0078125
4.1171875
-0.0078125
-0.0078125
4.1171875
-0.0078125
-0.0078125
-0.0078125
-0.0078125
4.1171875
-4.17419433594
-0.008544921875
-0.0078125
4.1171875
-4.17419433594
-0.0086669921875
4.1171875
-0.0078125
-0.0078125
-0.0078125
-0.0078125
-0.0078125
-0.0078125
-0.0078125
-0.0078125
4.1171875
-0.0078125
-0.0078125
-0.0078125
0.0
0.0
-3.45947265625
-3.78784179688
-0.00048828125
0.0
3.75
-3.78735351562
-0.00048828125
0.0
0.0
0.0
0.0
3.75
3.75
0.0
0.0
0.0
-3.837890625
4.125
-0.0087890625
4.1171875
-0.0078125
-4.17407226562
-0.008544921875
-0.0078125
-0.0078125
4.1171875
-4.17431640625
-0.008544921875
-0.0078125
-0.0078125
-4.17407226562
-0.0087890625
-0.0078125
-0.0078125
-0.0078125
-0.0078125
4.1171875
-4.17431640625
-0.0078125
-0.0078125
-0.0078125
-0.0078125
-0.0078125
-4.17431640625
-0.0087890625
-0.0078125
-0.0078125
-0.0078125
-0.0078125
-0.0078125
-0.0078125
4.1171875
-0.0078125
-4.173828125
-0.0087890625
-0.0078125
4.1171875
-4.17431640625
3.75
0.0
0.0
3.75
-3.78759765625
0.0
0.0
0.0
0.0
0.0
0.3251953125
0.0
-4.16650390625
-0.00048828125
-4.1669921875
-4.166015625
4.125
0.0
0.0
0.0
-0.0078125
4.1171875
-0.0078125
4.1171875
-0.0078125
-0.0078125
-0.0078125
-0.0078125
4.1171875
4.1171875
-0.0078125
-0.0078125
-4.173828125
-0.0087890625
4.1171875
-0.0078125
-0.0078125
-0.0078125
-0.0078125
-0.0078125
-0.0009765625
-4.166015625
-0.0009765625
0.0
0.0
0.0
0.0
0.0
0.0
4.125
4.125
0.0
0.0
0.0
0.0
0.0
4.125
4.125
0.0
0.0
-0.0078125
-0.0078125
-0.0078125
-0.0078125
-0.0078125
-0.0078125
-0.0078125
-0.0078125
-0.0078125
-0.0078125
-0.0078125
-0.0078125
-0.0078125
-0.0078125
-0.0078125
-0.0078125
-0.0078125
-0.0078125
-0.0078125
-0.0078125
-0.0078125
-0.0078125
-0.0078125
-0.0078125
-0.0078125
-0.0078125
-0.0078125
-0.0078125
-0.0078125
-0.0078125
4.0751953125
3.75
0.0
0.0
0.0
0.0
-7.5751953125
3.75
3.75
0.0
-0.0009765625
0.0
0.0
0.0
0.0
0.0
0.0
0.0
0.0
0.0
0.0
0.0
4.125
0.0
0.0
0.0
0.0
0.0
0.0
0.0
4.125
-4.166015625
4.125
0.0
0.0
-4.166015625
-0.0009765625
0.0
0.0
0.0
0.0
0.0
4.125
0.0
0.0
0.0
-4.1669921875
-4.166015625
4.125
4.125
