-0.1653
-0.2945
-0.2907
0.6564

-0.1651
-0.2944
-0.2905
0.6571

-0.1653
-0.2946
-0.2909
0.6568

-0.1667
-0.2937
-0.2917
0.6576

-0.1665
-0.2934
-0.2920
0.6584

-0.1666
-0.2944
-0.2904
0.6578

-0.1672
-0.2942
-0.2900
0.6577

-0.1671
-0.2950
-0.2907
0.6579

-0.1667
-0.2946
-0.2910
0.6606

-0.1664
-0.2956
-0.2909
0.6611

-0.1667
-0.2951
-0.2910
0.6624

-0.1672
-0.2949
-0.2911
0.6632

-0.1671
-0.2941
-0.2903
0.6641

-0.1677
-0.2940
-0.2896
0.6656

-0.1671
-0.2946
-0.2903
0.6658

-0.1655
-0.2952
-0.2897
0.6680

-0.1651
-0.2953
-0.2882
0.6674

-0.1659
-0.2951
-0.2884
0.6671

-0.1659
-0.2949
-0.2876
0.6687

-0.1655
-0.2949
-0.2861
0.6688

0.1288
0.0005
0.9182
0.3470

0.1290
0.0010
0.9187
0.3472

0.1289
0.0012
0.9183
0.3474

0.1294
0.0007
0.9168
0.3478

0.1294
0.0010
0.9151
0.3485

0.1286
0.0005
0.9158
0.3481

0.1294
0.0010
0.9165
0.3483

0.1292
0.0012
0.9163
0.3486

0.1291
0.0016
0.9169
0.3484

0.1295
0.0009
0.9168
0.3482

0.1295
0.0012
0.9166
0.3484

0.1295
0.0010
0.9167
0.3487

0.1290
0.0012
0.9163
0.3481

0.1282
0.0011
0.9158
0.3479

0.1285
0.0012
0.9164
0.3475

0.1292
0.0015
0.9156
0.3473

0.1292
0.0019
0.9156
0.3472

0.1290
0.0015
0.9167
0.3467

0.1293
0.0019
0.9155
0.3464

0.1297
0.0023
0.9141
0.3472

-0.3567
-0.3255
0.3784
-0.2235

-0.3559
-0.3255
0.3769
-0.2243

-0.3556
-0.3247
0.3755
-0.2226

-0.3557
-0.3247
0.3732
-0.2227

-0.3571
-0.3240
0.3752
-0.2236

-0.3568
-0.3236
0.3756
-0.2250

-0.3564
-0.3236
0.3768
-0.2246

-0.3569
-0.3244
0.3762
-0.2243

-0.3563
-0.3252
0.3749
-0.2252

-0.3562
-0.3252
0.3764
-0.2247

-0.3562
-0.3250
0.3765
-0.2239

-0.3562
-0.3243
0.3753
-0.2244

-0.3561
-0.3250
0.3748
-0.2254

-0.3559
-0.3246
0.3792
-0.2288

-0.3559
-0.3243
0.3758
-0.2286

-0.3557
-0.3240
0.3774
-0.2287

-0.3547
-0.3236
0.3781
-0.2261

-0.3550
-0.3242
0.3790
-0.2263

-0.3549
-0.3241
0.3797
-0.2248

-0.3547
-0.3240
0.3790
-0.2238

0.0105
0.6868
-0.0505
0.0058

0.0103
0.6874
-0.0498
0.0055

0.0108
0.6867
-0.0498
0.0056

0.0110
0.6876
-0.0500
0.0056

0.0108
0.6875
-0.0502
0.0060

0.0106
0.6878
-0.0506
0.0062

0.0104
0.6873
-0.0505
0.0062

0.0100
0.6869
-0.0496
0.0051

0.0098
0.6871
-0.0498
0.0047

0.0103
0.6875
-0.0503
0.0043

0.0103
0.6884
-0.0499
0.0051

0.0106
0.6880
-0.0503
0.0046

0.0109
0.6867
-0.0512
0.0043

0.0094
0.6879
-0.0504
0.0042

0.0095
0.6879
-0.0508
0.0043

0.0100
0.6884
-0.0515
0.0052

0.0101
0.6895
-0.0507
0.0065

0.0109
0.6913
-0.0505
0.0072

0.0113
0.6895
-0.0508
0.0058

0.0112
0.6892
-0.0501
0.0053

0.0055
0.6155
-0.0220
-0.0332

0.0053
0.6128
-0.0220
-0.0330

0.0048
0.6132
-0.0218
-0.0330

0.0049
0.6169
-0.0218
-0.0330

0.0050
0.6164
-0.0220
-0.0339

0.0047
0.6158
-0.0215
-0.0337

0.0047
0.6154
-0.0217
-0.0337

0.0037
0.6147
-0.0220
-0.0335

0.0042
0.6148
-0.0218
-0.0327

0.0034
0.6135
-0.0223
-0.0323

0.0036
0.6141
-0.0222
-0.0332

0.0036
0.6134
-0.0222
-0.0335

0.0035
0.6136
-0.0219
-0.0324

0.0030
0.6130
-0.0230
-0.0328

0.0030
0.6144
-0.0235
-0.0336

0.0025
0.6153
-0.0239
-0.0332

0.0024
0.6151
-0.0229
-0.0322

0.0015
0.6158
-0.0224
-0.0329

0.0008
0.6162
-0.0222
-0.0337

0.0009
0.6175
-0.0220
-0.0340

-0.1961
0.7798
-0.1161
-0.0977

-0.1955
0.7799
-0.1158
-0.0984

-0.1952
0.7782
-0.1167
-0.0981

-0.1955
0.7784
-0.1166
-0.0982

-0.1968
0.7799
-0.1163
-0.0983

-0.1970
0.7813
-0.1159
-0.0980

-0.1964
0.7807
-0.1153
-0.0978

-0.1964
0.7813
-0.1152
-0.0973

-0.1960
0.7815
-0.1150
-0.0981

-0.1962
0.7783
-0.1149
-0.0987

-0.1961
0.7801
-0.1156
-0.1000

-0.1950
0.7794
-0.1152
-0.0999

-0.1954
0.7816
-0.1151
-0.0997

-0.1962
0.7813
-0.1153
-0.1004

-0.1960
0.7817
-0.1155
-0.1002

-0.1960
0.7797
-0.1148
-0.1003

-0.1958
0.7803
-0.1136
-0.1012

-0.1968
0.7797
-0.1130
-0.1009

-0.1964
0.7786
-0.1131
-0.1008

-0.1969
0.7770
-0.1138
-0.1019

0.0144
-0.0571
-0.0340
0.6212

0.0144
-0.0576
-0.0337
0.6211

0.0138
-0.0579
-0.0338
0.6219

0.0135
-0.0578
-0.0336
0.6237

0.0140
-0.0579
-0.0338
0.6223

0.0138
-0.0569
-0.0340
0.6205

0.0133
-0.0566
-0.0340
0.6197

0.0134
-0.0570
-0.0335
0.6190

0.0140
-0.0571
-0.0335
0.6177

0.0146
-0.0572
-0.0334
0.6181

0.0142
-0.0578
-0.0338
0.6177

0.0154
-0.0577
-0.0337
0.6164

0.0154
-0.0579
-0.0339
0.6164

0.0152
-0.0576
-0.0325
0.6167

0.0144
-0.0574
-0.0320
0.6163

0.0150
-0.0572
-0.0317
0.6172

0.0151
-0.0582
-0.0325
0.6174

0.0148
-0.0583
-0.0317
0.6170

0.0150
-0.0581
-0.0314
0.6171

0.0146
-0.0582
-0.0311
0.6171

0.4014
0.2775
0.3222
1.1960

0.4019
0.2776
0.3233
1.1930

0.4017
0.2779
0.3239
1.1935

0.4021
0.2774
0.3222
1.1949

0.4014
0.2769
0.3226
1.1932

0.4010
0.2771
0.3224
1.1944

0.4011
0.2765
0.3213
1.1937

0.4008
0.2764
0.3203
1.1945

0.4013
0.2763
0.3195
1.1953

0.4018
0.2765
0.3199
1.1930

0.4022
0.2764
0.3199
1.1946

0.4021
0.2765
0.3196
1.1924

0.4025
0.2768
0.3179
1.1921

0.4025
0.2769
0.3185
1.1910

0.4026
0.2769
0.3190
1.1893

0.4029
0.2762
0.3199
1.1894

0.4027
0.2772
0.3194
1.1907

0.4023
0.2761
0.3195
1.1900

0.4020
0.2752
0.3195
1.1890

0.4021
0.2763
0.3196
1.1862

0.0546
0.0989
0.1529
0.8675

0.0551
0.0990
0.1532
0.8685

0.0545
0.0994
0.1534
0.8674

0.0535
0.0999
0.1536
0.8654

0.0538
0.1005
0.1534
0.8669

0.0539
0.1007
0.1536
0.8659

0.0540
0.1007
0.1544
0.8643

0.0542
0.0999
0.1541
0.8662

0.0539
0.0990
0.1543
0.8682

0.0538
0.0987
0.1543
0.8680

0.0531
0.0975
0.1544
0.8682

0.0519
0.0973
0.1547
0.8675

0.0523
0.0971
0.1539
0.8658

0.0526
0.0969
0.1544
0.8658

0.0523
0.0979
0.1542
0.8657

0.0519
0.0970
0.1535
0.8663

0.0524
0.0985
0.1534
0.8646

0.0530
0.0999
0.1521
0.8630

0.0537
0.1001
0.1524
0.8635

0.0527
0.0991
0.1528
0.8642

0.1190
0.0822
0.8355
0.2082

0.1192
0.0821
0.8360
0.2085

0.1190
0.0815
0.8368
0.2085

0.1194
0.0816
0.8374
0.2089

0.1194
0.0817
0.8354
0.2098

0.1194
0.0818
0.8358
0.2094

0.1196
0.0822
0.8367
0.2087

0.1201
0.0824
0.8346
0.2081

0.1200
0.0826
0.8343
0.2085

0.1205
0.0820
0.8337
0.2083

0.1201
0.0823
0.8350
0.2079

0.1211
0.0821
0.8356
0.2065

0.1206
0.0813
0.8347
0.2066

0.1192
0.0809
0.8358
0.2063

0.1205
0.0813
0.8363
0.2058

0.1200
0.0809
0.8361
0.2050

0.1203
0.0807
0.8366
0.2054

0.1196
0.0809
0.8380
0.2056

0.1193
0.0801
0.8367
0.2052

0.1190
0.0795
0.8368
0.2054

0.1896
0.1962
1.1118
0.2445

0.1899
0.1969
1.1124
0.2451

0.1904
0.1964
1.1132
0.2448

0.1895
0.1976
1.1126
0.2440

0.1887
0.1983
1.1139
0.2435

0.1890
0.1982
1.1123
0.2432

0.1890
0.1985
1.1125
0.2432

0.1893
0.1984
1.1140
0.2431

0.1887
0.1981
1.1149
0.2427

0.1885
0.1980
1.1135
0.2431

0.1884
0.1984
1.1126
0.2429

0.1886
0.1987
1.1115
0.2431

0.1887
0.1993
1.1113
0.2428

0.1895
0.1984
1.1090
0.2432

0.1890
0.1976
1.1077
0.2433

0.1890
0.1968
1.1075
0.2433

0.1892
0.1971
1.1089
0.2437

0.1883
0.1971
1.1091
0.2435

0.1892
0.1967
1.1083
0.2439

0.1879
0.1968
1.1085
0.2436

-0.1136
0.5725
-0.0818
-0.1680

-0.1137
0.5741
-0.0818
-0.1679

-0.1141
0.5733
-0.0825
-0.1683

-0.1139
0.5730
-0.0828
-0.1681

-0.1136
0.5716
-0.0825
-0.1684

-0.1128
0.5735
-0.0819
-0.1682

-0.1132
0.5738
-0.0819
-0.1677

-0.1136
0.5724
-0.0819
-0.1686

-0.1131
0.5719
-0.0818
-0.1687

-0.1131
0.5712
-0.0825
-0.1688

-0.1129
0.5700
-0.0826
-0.1688

-0.1129
0.5706
-0.0825
-0.1686

-0.1121
0.5717
-0.0820
-0.1685

-0.1121
0.5751
-0.0824
-0.1681

-0.1117
0.5759
-0.0819
-0.1684

-0.1110
0.5771
-0.0819
-0.1691

-0.1113
0.5757
-0.0821
-0.1693

-0.1116
0.5749
-0.0822
-0.1694

-0.1115
0.5727
-0.0823
-0.1695

-0.1117
0.5719
-0.0818
-0.1697

-0.1329
0.1471
-0.1306
-0.0576

-0.1329
0.1457
-0.1297
-0.0577

-0.1335
0.1445
-0.1290
-0.0575

-0.1341
0.1450
-0.1298
-0.0584

-0.1347
0.1467
-0.1294
-0.0580

-0.1350
0.1482
-0.1297
-0.0580

-0.1345
0.1487
-0.1293
-0.0579

-0.1345
0.1505
-0.1293
-0.0574

-0.1342
0.1501
-0.1291
-0.0568

-0.1344
0.1491
-0.1285
-0.0566

-0.1343
0.1506
-0.1293
-0.0563

-0.1337
0.1511
-0.1295
-0.0553

-0.1346
0.1501
-0.1299
-0.0550

-0.1347
0.1504
1.0701
-0.0548

-0.1277
0.1693
1.0676
-0.0410

-0.1187
0.1899
1.0693
-0.0374

-0.1144
0.2072
1.0683
-0.0279

-0.1100
0.2250
1.0662
-0.0206

-0.1004
0.2357
1.0640
-0.0133

-0.1830
0.6017
-0.2477
-0.2451

-0.1827
0.6017
-0.2470
-0.2453

-0.1817
0.6004
-0.2463
-0.2455

-0.1819
0.6015
-0.2470
-0.2454

-0.1817
0.6032
-0.2477
-0.2463

-0.1820
0.6039
-0.2478
-0.2459

-0.1816
0.6038
-0.2474
-0.2443

-0.1813
0.6033
-0.2469
-0.2447

-0.1813
0.6040
-0.2465
-0.2454

-0.1813
0.6050
-0.2459
-0.2458

-0.1809
0.6050
-0.2463
-0.2456

-0.1810
0.6045
-0.2472
-0.2465

-0.1816
0.6046
-0.2477
-0.2474

-0.1816
0.6045
-0.2457
-0.2463

-0.1822
0.6047
-0.2461
-0.2465

-0.1824
0.6050
-0.2460
-0.2460

-0.1829
0.6039
-0.2454
-0.2466

-0.1822
0.6042
-0.2464
-0.2461

-0.1822
0.6028
-0.2468
-0.2454

-0.1810
0.6046
-0.2477
-0.2451

-0.1207
0.7616
-0.0450
-0.0581

-0.1206
0.7634
-0.0450
-0.0575

-0.1205
0.7639
-0.0452
-0.0573

-0.1206
0.7628
-0.0443
-0.0571

-0.1212
0.7629
-0.0443
-0.0573

-0.1224
0.7623
-0.0441
-0.0568

-0.1224
0.7625
-0.0437
-0.0570

-0.1219
0.7624
-0.0435
-0.0568

-0.1210
0.7631
-0.0432
-0.0565

-0.1199
0.7631
-0.0426
-0.0565

-0.1201
0.7635
-0.0426
-0.0564

-0.1196
0.7637
-0.0422
-0.0562

-0.1197
0.7648
-0.0423
-0.0562

-0.1206
0.7634
-0.0426
-0.0565

-0.1206
0.7636
-0.0424
-0.0567

-0.1199
0.7619
-0.0426
-0.0569

-0.1206
0.7613
-0.0427
-0.0567

-0.1216
0.7617
-0.0425
-0.0566

-0.1210
0.7611
-0.0424
-0.0565

-0.1202
0.7611
-0.0424
-0.0564

-0.2305
-0.0758
-0.2537
0.3111

-0.2292
-0.0768
-0.2538
0.3127

-0.2304
-0.0782
-0.2526
0.3132

-0.2302
-0.0762
-0.2520
0.3124

-0.2295
-0.0765
-0.2522
0.3099

-0.2291
-0.0767
-0.2516
0.3110

-0.2290
-0.0768
-0.2528
0.3094

-0.2297
-0.0777
-0.2519
0.3109

-0.2288
-0.0774
-0.2529
0.3096

-0.2296
-0.0769
-0.2533
0.3091

-0.2299
-0.0773
-0.2530
0.3121

-0.2309
-0.0769
-0.2527
0.3111

-0.2307
-0.0779
-0.2539
0.3112

-0.2287
-0.0776
-0.2549
0.3097

-0.2287
-0.0774
-0.2543
0.3101

-0.2280
-0.0772
-0.2552
0.3095

-0.2271
-0.0762
-0.2542
0.3104

-0.2280
-0.0773
-0.2543
0.3095

-0.2300
-0.0769
-0.2543
0.3094

-0.2312
-0.0783
-0.2534
0.3117

-0.0431
0.0018
-0.1174
0.9258

-0.0442
0.0021
-0.1165
0.9239

-0.0448
0.0026
-0.1157
0.9236

-0.0450
0.0031
-0.1161
0.9217

-0.0449
0.0023
-0.1165
0.9217

-0.0451
0.0025
-0.1157
0.9213

-0.0454
0.0031
-0.1164
0.9187

-0.0451
0.0030
-0.1161
0.9177

-0.0450
0.0032
-0.1160
0.9173

-0.0447
0.0032
-0.1160
0.9177

-0.0448
0.0032
-0.1155
0.9158

-0.0448
0.0038
-0.1159
0.9163

-0.0451
0.0034
-0.1166
0.9169

-0.0450
0.0033
-0.1169
0.9153

-0.0453
0.0031
-0.1167
0.9143

-0.0449
0.0035
-0.1169
0.9143

-0.0457
0.0040
-0.1165
0.9133

-0.0454
0.0040
-0.1165
0.9145

-0.0444
0.0029
-0.1161
0.9156

-0.0444
0.0022
-0.1157
0.9159

0.1008
0.1505
0.0654
1.0026

0.1011
0.1511
0.0652
1.0023

0.1005
0.1507
0.0659
1.0040

0.1004
0.1506
0.0655
1.0042

0.1011
0.1519
0.0658
1.0050

0.1013
0.1517
0.0647
1.0061

0.1009
0.1525
0.0649
1.0031

0.1006
0.1532
0.0646
1.0016

0.1008
0.1539
0.0645
1.0004

0.1011
0.1541
0.0640
1.0006

0.1009
0.1543
0.0643
1.0005

0.1014
0.1548
0.0646
1.0003

0.1011
0.1554
0.0645
0.9999

0.1013
0.1553
0.0637
1.0006

0.1014
0.1562
0.0640
1.0014

0.1015
0.1570
0.0646
1.0004

0.1014
0.1569
0.0650
1.0002

0.1016
0.1574
0.0654
0.9987

0.1015
0.1579
0.0650
0.9971

0.1019
0.1578
0.0654
0.9963

-0.0442
0.1514
-0.0432
1.2675

-0.0436
0.1530
-0.0426
1.2649

-0.0442
0.1526
-0.0428
1.2635

-0.0442
0.1527
-0.0428
1.2660

-0.0441
0.1529
-0.0432
1.2664

-0.0443
0.1532
-0.0432
1.2656

-0.0440
0.1529
-0.0434
1.2666

-0.0444
0.1535
-0.0438
1.2660

-0.0448
0.1541
-0.0432
1.2657

-0.0447
0.1534
-0.0433
1.2655

-0.0458
0.1534
-0.0433
1.2658

-0.0460
0.1533
-0.0431
1.2656

-0.0464
0.1530
-0.0429
1.2674

-0.0462
0.1540
-0.0436
1.2670

-0.0462
0.1524
-0.0440
1.2679

-0.0460
0.1524
-0.0435
1.2692

-0.0463
0.1517
-0.0439
1.2693

-0.0459
0.1507
-0.0441
1.2702

-0.0458
0.1501
-0.0444
1.2703

-0.0455
0.1500
-0.0437
1.2691

-0.0028
0.4734
0.5090
0.1577

-0.0028
0.4733
0.5090
0.1575

-0.0025
0.4737
0.5095
0.1568

-0.0023
0.4731
0.5082
0.1563

-0.0023
0.4733
0.5087
0.1563

-0.0027
0.4728
0.5073
0.1555

-0.0021
0.4722
0.5065
0.1564

-0.0015
0.4716
0.5048
0.1559

-0.0008
0.4709
0.5070
0.1558

-0.0009
0.4707
0.5074
0.1563

-0.0014
0.4708
0.5088
0.1568

-0.0015
0.4694
0.5097
0.1577

-0.0016
0.4684
0.5086
0.1578

-0.0019
0.4681
0.5092
0.1572

-0.0013
0.4677
0.5095
0.1566

-0.0009
0.4689
0.5094
0.1566

-0.0016
0.4691
0.5099
0.1566

-0.0020
0.4690
0.5096
0.1561

-0.0010
0.4683
0.5107
0.1562

-0.0018
0.4686
0.5104
0.1565

0.3613
0.5061
1.2362
0.2239

0.3611
0.5064
1.2364
0.2229

0.3608
0.5055
1.2359
0.2220

0.3600
0.5047
1.2366
0.2222

0.3606
0.5045
1.2369
0.2241

0.3604
0.5046
1.2352
0.2262

0.3599
0.5050
1.2349
0.2265

0.3599
0.5052
1.2331
0.2265

0.3610
0.5054
1.2318
0.2256

0.3609
0.5049
1.2303
0.2258

0.3607
0.5046
1.2284
0.2270

0.3601
0.5038
1.2269
0.2282

0.3602
0.5036
1.2254
0.2282

0.3596
0.5036
1.2248
0.2271

0.3582
0.5038
1.2248
0.2284

0.3580
0.5043
1.2256
0.2287

0.3585
0.5047
1.2243
0.2280

0.3593
0.5046
1.2246
0.2276

0.3586
0.5049
1.2244
0.2274

0.3583
0.5056
1.2225
0.2268

0.0628
0.9567
0.0720
0.0006

0.0626
0.9570
0.0724
-0.0005

0.0630
0.9558
0.0713
-0.0008

0.0633
0.9550
0.0720
-0.0006

0.0631
0.9541
0.0724
-0.0008

0.0639
0.9535
0.0728
-0.0008

0.0634
0.9538
0.0720
-0.0016

0.0631
0.9551
0.0721
-0.0016

0.0627
0.9570
0.0726
-0.0017

0.0633
0.9581
0.0730
-0.0016

0.0642
0.9581
0.0720
-0.0008

0.0640
0.9580
0.0708
-0.0006

0.0638
0.9584
0.0720
-0.0010

0.0642
0.9569
0.0720
-0.0007

0.0645
0.9570
0.0714
-0.0002

0.0645
0.9581
0.0699
-0.0012

0.0640
0.9581
0.0702
-0.0020

0.0630
0.9590
0.0705
-0.0025

0.0626
0.9569
0.0698
-0.0026

0.0628
0.9552
0.0701
-0.0018

0.0666
0.5205
0.0963
0.0528

0.0663
0.5222
0.0963
0.0532

0.0660
0.5214
0.0965
0.0525

0.0663
0.5242
0.0974
0.0534

0.0668
0.5255
0.0982
0.0534

0.0669
0.5253
0.0984
0.0539

0.0676
0.5249
0.0983
0.0538

0.0685
0.5256
0.0988
0.0536

0.0682
0.5274
0.0987
0.0542

0.0680
0.5264
0.0986
0.0548

0.0678
0.5254
0.0994
0.0550

0.0685
0.5242
0.0990
0.0537

0.0688
0.5254
0.0993
0.0547

0.0697
0.5273
0.0994
0.0546

0.0692
0.5267
0.0996
0.0542

0.0691
0.5265
0.1003
0.0547

0.0690
0.5280
0.1007
0.0554

0.0695
0.5276
0.1012
0.0556

0.0690
0.5266
0.1022
0.0559

0.0691
0.5266
0.1023
0.0563

0.1788
0.5702
0.9324
0.3608

0.1790
0.5706
0.9325
0.3610

0.1788
0.5714
0.9304
0.3607

0.1796
0.5714
0.9318
0.3606

0.1790
0.5718
0.9312
0.3603

0.1794
0.5706
0.9316
0.3604

0.1796
0.5702
0.9307
0.3607

0.1796
0.5700
0.9296
0.3610

0.1801
0.5705
0.9320
0.3619

0.1798
0.5720
0.9325
0.3614

0.1794
0.5715
0.9323
0.3614

0.1788
0.5705
0.9329
0.3608

0.1791
0.5710
0.9328
0.3596

0.1794
0.5702
0.9339
0.3595

0.1796
0.5711
0.9330
0.3597

0.1798
0.5715
0.9327
0.3594

0.1799
0.5727
0.9316
0.3599

0.1803
0.5730
0.9284
0.3597

0.1797
0.5730
0.9283
0.3592

0.1791
0.5725
0.9274
0.3594

-0.1613
0.4228
-0.0549
0.0362

-0.1613
0.4227
-0.0536
0.0363

-0.1611
0.4202
-0.0541
0.0358

-0.1615
0.4199
-0.0544
0.0359

-0.1617
0.4190
-0.0549
0.0358

-0.1615
0.4178
-0.0565
0.0354

-0.1611
0.4192
-0.0563
0.0357

-0.1614
0.4185
-0.0560
0.0355

-0.1615
0.4202
-0.0555
0.0355

-0.1615
0.4206
-0.0557
0.0355

-0.1616
0.4198
-0.0552
0.0359

-0.1618
0.4194
-0.0545
0.0366

-0.1620
0.4182
-0.0547
0.0366

-0.1621
0.4195
-0.0547
0.0367

-0.1618
0.4198
-0.0547
0.0373

-0.1619
0.4215
-0.0540
0.0369

-0.1619
0.4211
-0.0537
0.0371

-0.1618
0.4210
-0.0536
0.0374

-0.1618
0.4207
-0.0532
0.0372

-0.1619
0.4201
-0.0534
0.0375

-0.2034
0.2082
-0.1212
-0.0658

-0.2029
0.2092
-0.1212
-0.0658

-0.2038
0.2085
-0.1213
-0.0659

-0.2039
0.2078
-0.1215
-0.0655

-0.2035
0.2083
-0.1215
-0.0655

-0.2049
0.2078
-0.1212
-0.0639

-0.2065
0.2087
-0.1214
-0.0647

-0.2060
0.2099
-0.1223
-0.0662

-0.2059
0.2109
-0.1221
-0.0657

-0.2059
0.2107
-0.1216
-0.0659

-0.2067
0.2116
-0.1213
-0.0654

-0.2071
0.2129
-0.1215
-0.0652

-0.2074
0.2133
-0.1209
-0.0644

-0.2069
0.2144
-0.1206
-0.0644

-0.2070
0.2134
-0.1209
-0.0635

-0.2069
0.2145
-0.1208
-0.0637

-0.2074
0.2150
-0.1202
-0.0642

1.1031
0.2157
-0.1198
-0.0638

1.0981
0.2365
-0.1183
-0.0506

-0.2451
0.6396
-0.2379
-0.1728

-0.2463
0.6407
-0.2374
-0.1724

-0.2470
0.6417
-0.2382
-0.1736

-0.2467
0.6407
-0.2384
-0.1736

-0.2468
0.6428
-0.2386
-0.1731

-0.2463
0.6434
-0.2376
-0.1740

-0.2466
0.6432
-0.2383
-0.1740

-0.2471
0.6424
-0.2381
-0.1716

-0.2474
0.6430
-0.2384
-0.1696

-0.2465
0.6422
-0.2387
-0.1696

-0.2456
0.6412
-0.2378
-0.1698

-0.2457
0.6442
-0.2371
-0.1700

-0.2451
0.6449
-0.2375
-0.1698

-0.2444
0.6464
-0.2375
-0.1696

-0.2441
0.6471
-0.2373
-0.1708

-0.2438
0.6474
-0.2371
-0.1709

-0.2438
0.6470
-0.2371
-0.1708

-0.2433
0.6449
-0.2371
-0.1700

-0.2439
0.6474
-0.2363
-0.1704

-0.2438
0.6481
-0.2364
-0.1702

-0.1941
0.8434
-0.1004
-0.1823

-0.1942
0.8465
-0.1002
-0.1818

-0.1940
0.8458
-0.1002
-0.1821

-0.1932
0.8466
-0.1008
-0.1819

-0.1934
0.8459
-0.1007
-0.1820

-0.1929
0.8451
-0.1011
-0.1817

-0.1924
0.8457
-0.1006
-0.1817

-0.1924
0.8461
-0.1008
-0.1816

-0.1919
0.8463
-0.1017
-0.1821

-0.1915
0.8464
-0.1016
-0.1824

-0.1913
0.8468
-0.1018
-0.1830

-0.1909
0.8467
-0.1015
-0.1827

-0.1905
0.8457
-0.1014
-0.1823

-0.1907
0.8460
-0.1003
-0.1823

-0.1915
0.8459
-0.1006
-0.1824

-0.1924
0.8460
-0.1002
-0.1828

-0.1922
0.8447
-0.1001
-0.1826

-0.1928
0.8449
-0.0994
-0.1826

-0.1925
0.8460
-0.0997
-0.1827

-0.1926
0.8460
-0.0997
-0.1825

0.0715
0.3076
0.3466
-0.1039

0.0686
0.3069
0.3461
-0.1029

0.0690
0.3064
0.3488
-0.1026

0.0699
0.3063
0.3485
-0.1022

0.0694
0.3058
0.3473
-0.1026

0.0691
0.3058
0.3445
-0.1027

0.0661
0.3046
0.3472
-0.1020

0.0672
0.3043
0.3459
-0.1016

0.0686
0.3019
0.3437
-0.1025

0.0671
0.3028
0.3423
-0.1019

0.0679
0.3035
0.3441
-0.1014

0.0675
0.3023
0.3459
-0.1014

0.0679
0.3024
0.3466
-0.1011

0.0693
0.3028
0.3474
-0.1011

0.0673
0.3036
0.3468
-0.1000

0.0700
0.3038
0.3508
-0.1012

0.0717
0.3038
0.3498
-0.1010

0.0721
0.3033
0.3510
-0.1007

0.0725
0.3029
0.3502
-0.1002

0.0734
0.3043
0.3519
-0.0993

0.0034
0.4828
-0.1069
0.3128

0.0027
0.4826
-0.1071
0.3127

0.0028
0.4812
-0.1067
0.3133

0.0028
0.4820
-0.1064
0.3134

0.0026
0.4833
-0.1064
0.3139

0.0027
0.4833
-0.1067
0.3144

0.0028
0.4847
-0.1065
0.3140

0.0036
0.4836
-0.1066
0.3139

0.0032
0.4828
-0.1063
0.3137

0.0029
0.4813
-0.1066
0.3134

0.0030
0.4831
-0.1067
0.3131

0.0034
0.4847
-0.1063
0.3128

0.0038
0.4889
-0.1070
0.3130

0.0043
0.4889
-0.1065
0.3127

0.0044
0.4882
-0.1071
0.3129

0.0037
0.4871
-0.1073
0.3123

0.0035
0.4877
-0.1063
0.3129

0.0033
0.4880
-0.1063
0.3128

0.0032
0.4895
-0.1067
0.3129

0.0038
0.4899
-0.1070
0.3134

-0.0564
0.6779
0.0541
0.0785

-0.0558
0.6795
0.0537
0.0795

-0.0572
0.6788
0.0532
0.0797

-0.0575
0.6791
0.0530
0.0790

-0.0576
0.6778
0.0523
0.0790

-0.0581
0.6785
0.0527
0.0783

-0.0570
0.6784
0.0531
0.0777

-0.0571
0.6785
0.0531
0.0777

-0.0577
0.6797
0.0534
0.0771

-0.0574
0.6787
0.0534
0.0764

-0.0571
0.6793
0.0537
0.0764

-0.0571
0.6778
0.0539
0.0757

-0.0574
0.6775
0.0535
0.0752

-0.0571
0.6760
0.0530
0.0756

-0.0572
0.6755
0.0523
0.0763

-0.0575
0.6747
0.0530
0.0765

-0.0585
0.6738
0.0535
0.0764

-0.0585
0.6736
0.0541
0.0770

-0.0582
0.6746
0.0537
0.0774

-0.0582
0.6744
0.0535
0.0775

-0.1546
0.7583
-0.1204
-0.1353

-0.1543
0.7574
-0.1199
-0.1350

-0.1548
0.7556
-0.1191
-0.1358

-0.1548
0.7575
-0.1189
-0.1351

-0.1549
0.7569
-0.1195
-0.1347

-0.1547
0.7577
-0.1197
-0.1329

-0.1545
0.7549
-0.1192
-0.1331

-0.1542
0.7548
-0.1182
-0.1326

-0.1552
0.7547
-0.1191
-0.1334

-0.1546
0.7550
-0.1190
-0.1339

-0.1542
0.7547
-0.1196
-0.1342

-0.1541
0.7544
-0.1200
-0.1336

-0.1543
0.7554
-0.1197
-0.1340

-0.1547
0.7541
-0.1197
-0.1335

-0.1546
0.7546
-0.1196
-0.1332

-0.1543
0.7523
-0.1194
-0.1324

-0.1545
0.7526
-0.1192
-0.1323

-0.1548
0.7536
-0.1186
-0.1331

-0.1551
0.7545
-0.1189
-0.1329

-0.1554
0.7536
-0.1183
-0.1325

-0.0109
0.9807
0.1595
0.1555

-0.0109
0.9800
0.1592
0.1554

-0.0108
0.9791
0.1589
0.1551

-0.0111
0.9786
0.1586
0.1550

-0.0107
0.9788
0.1586
0.1550

-0.0106
0.9793
0.1584
0.1551

-0.0112
0.9797
0.1582
0.1554

-0.0114
0.9783
0.1588
0.1556

-0.0117
0.9784
0.1594
0.1557

-0.0114
0.9769
0.1594
0.1558

-0.0114
0.9763
0.1599
0.1562

-0.0106
0.9773
0.1594
0.1557

-0.0104
0.9774
0.1592
0.1548

-0.0104
0.9785
0.1596
0.1551

-0.0108
0.9774
0.1591
0.1555

-0.0111
0.9753
0.1594
0.1556

-0.0106
0.9753
0.1592
0.1558

-0.0115
0.9756
0.1589
0.1568

-0.0120
0.9761
0.1597
0.1569

-0.0117
0.9760
0.1595
0.1563

-0.1874
0.4758
-0.0035
-0.1674

-0.1874
0.4753
-0.0032
-0.1667

-0.1871
0.4775
-0.0028
-0.1667

-0.1874
0.4790
-0.0033
-0.1669

-0.1873
0.4780
-0.0038
-0.1657

-0.1871
0.4778
-0.0039
-0.1659

-0.1877
0.4796
-0.0041
-0.1666

-0.1877
0.4806
-0.0031
-0.1663

-0.1885
0.4822
-0.0026
-0.1667

-0.1884
0.4819
-0.0025
-0.1676

-0.1867
0.4844
-0.0024
-0.1669

-0.1873
0.4855
-0.0030
-0.1678

-0.1861
0.4875
-0.0030
-0.1683

-0.1863
0.4882
-0.0030
-0.1687

-0.1858
0.4878
-0.0023
-0.1699

-0.1866
0.4876
-0.0022
-0.1701

-0.1863
0.4868
-0.0019
-0.1701

-0.1857
0.4859
-0.0016
-0.1716

-0.1852
0.4867
-0.0015
-0.1713

-0.1847
0.4867
-0.0015
-0.1706

0.0945
0.0170
0.8895
0.2226

0.0955
0.0167
0.8885
0.2220

0.0954
0.0164
0.8881
0.2219

0.0952
0.0164
0.8881
0.2216

0.0956
0.0164
0.8893
0.2219

0.0953
0.0158
0.8913
0.2224

0.0959
0.0162
0.8924
0.2232

0.0958
0.0161
0.8930
0.2245

0.0960
0.0165
0.8906
0.2245

0.0962
0.0172
0.8884
0.2229

0.0964
0.0167
0.8885
0.2222

0.0961
0.0170
0.8890
0.2226

0.0963
0.0166
0.8888
0.2225

0.0967
0.0163
0.8893
0.2222

0.0968
0.0159
0.8885
0.2226

0.0971
0.0157
0.8870
0.2235

0.0966
0.0153
0.8879
0.2235

0.0971
0.0149
0.8885
0.2225

0.0978
0.0158
0.8871
0.2224

0.0976
0.0157
0.8863
0.2225

0.0213
0.5795
0.0365
-0.0634

0.0214
0.5790
0.0366
-0.0630

0.0225
0.5791
0.0369
-0.0630

0.0224
0.5798
0.0370
-0.0629

0.0221
0.5808
0.0370
-0.0627

0.0231
0.5827
0.0369
-0.0624

0.0234
0.5820
0.0371
-0.0616

0.0236
0.5833
0.0376
-0.0611

0.0238
0.5823
0.0376
-0.0611

0.0227
0.5828
0.0379
-0.0624

0.0239
0.5829
0.0378
-0.0625

0.0250
0.5830
0.0380
-0.0624

0.0250
0.5843
0.0385
-0.0624

0.0249
0.5862
0.0377
-0.0620

0.0244
0.5848
0.0382
-0.0621

0.0247
0.5865
0.0385
-0.0626

0.0248
0.5837
0.0369
-0.0622

0.0256
0.5841
0.0374
-0.0619

0.0247
0.5848
0.0367
-0.0620

0.0246
0.5837
0.0377
-0.0615

0.1203
0.2036
0.2297
0.7027

0.1198
0.2029
0.2302
0.7024

0.1202
0.2029
0.2300
0.7024

0.1199
0.2027
0.2296
0.7023

0.1200
0.2032
0.2295
0.7030

0.1204
0.2034
0.2299
0.7015

0.1208
0.2033
0.2302
0.7005

0.1214
0.2029
0.2305
0.7000

0.1199
0.2026
0.2306
0.6987

0.1196
0.2025
0.2314
0.7004

0.1191
0.2027
0.2312
0.7000

0.1192
0.2018
0.2310
0.6991

0.1188
0.2019
0.2313
0.6968

0.1190
0.2018
0.2324
0.6965

0.1196
0.2014
0.2333
0.6954

0.1187
0.2018
0.2303
0.6932

0.1187
0.2025
0.2287
0.6923

0.1182
0.2028
0.2284
0.6941

0.1184
0.2027
0.2282
0.6956

0.1186
0.2025
0.2288
0.6980

0.0245
0.0400
-0.1042
0.4707

0.0250
0.0396
-0.1040
0.4710

0.0255
0.0399
-0.1053
0.4700

0.0254
0.0396
-0.1050
0.4682

0.0257
0.0410
-0.1053
0.4676

0.0249
0.0409
-0.1053
0.4679

0.0249
0.0416
-0.1059
0.4693

0.0253
0.0422
-0.1059
0.4690

0.0243
0.0421
-0.1059
0.4694

0.0245
0.0427
-0.1057
0.4698

0.0232
0.0431
-0.1057
0.4691

0.0236
0.0429
-0.1051
0.4691

0.0239
0.0422
-0.1056
0.4676

0.0238
0.0425
-0.1058
0.4676

0.0237
0.0430
-0.1069
0.4675

0.0235
0.0433
-0.1071
0.4675

0.0230
0.0437
-0.1075
0.4688

0.0225
0.0432
-0.1090
0.4712

0.0219
0.0433
-0.1089
0.4706

0.0213
0.0443
-0.1087
0.4707

