0.0000 0.0000 0.0000 0.0000 0.4978
0.4734 1.0277 1.4578 1.9531 2.5220
0.4999 1.0350 1.4610 1.9343 2.2994
0.4419 0.9964 1.4665 1.9930 2.4408
0.5144 0.9577 1.3494 1.6913 2.2002
0.4229 0.8684 1.2924 1.6852 2.1185
0.3954 0.8015 1.2264 1.6819 2.0416
0.4024 0.8311 1.2129 1.6219 2.0101
0.4443 0.8657 1.2464 1.6356 2.0489
0.4208 0.7943 1.1828 1.5870 1.9787
0.3816 0.8035 1.1480 1.4954 1.8753
0.4056 0.8000 1.1572 1.5563 1.9082
0.3608 0.7471 1.1183 1.4827 1.8464
0.3948 0.8214 1.2162 1.6225 2.0002
0.3685 0.6779 1.0476 1.4193 1.7713
0.3740 0.7170 1.0644 1.4141 1.8098
0.3245 0.7064 1.0656 1.4256 1.7951
0.3656 0.7301 1.0816 1.4677 1.8258
0.3877 0.7271 1.0906 1.4394 1.8076
0.3584 0.7150 1.1070 1.4810 1.9344
0.3718 0.7304 1.0750 1.4282 1.8472
0.4424 0.9207 1.2673 1.6097 1.9778
0.3081 0.6678 1.0059 1.4500 1.7802
0.3133 0.6768 1.0010 1.3317 1.6671
0.3683 0.7391 1.0658 1.4148 1.7112
0.3434 0.6892 1.0613 1.4266 1.7658
0.3783 0.7221 1.0246 1.3237 1.6297
0.3480 0.6683 0.9947 1.4377 1.7662
0.3920 0.6783 0.9811 1.3357 1.6170
0.3608 0.6899 1.0384 1.3805 1.6568
0.3060 0.6406 1.0370 1.4588 1.7690
0.3492 0.7466 1.1262 1.4294 1.7772
0.3936 0.7430 1.0175 1.3260 1.6340
0.2830 0.6801 1.1072 1.4246 1.7036
0.3187 0.6689 1.0751 1.3769 1.7486
0.3358 0.6849 0.9893 1.3393 1.7419
0.3436 0.6337 0.9451 1.2755 1.5589
0.3075 0.5887 0.8769 1.1353 1.4748
0.3023 0.5603 0.8374 1.1332 1.4370
0.2978 0.6293 0.9863 1.2991 1.6432
0.3599 0.6646 0.9707 1.3830 1.7616
0.3236 0.6066 0.8948 1.2280 1.5550
0.2996 0.6033 0.8841 1.2264 1.5384
0.3469 0.6542 0.9618 1.2965 1.6103
0.3370 0.6616 0.9640 1.2324 1.5849
0.3238 0.6193 0.8782 1.2021 1.4968
0.3501 0.7283 0.9848 1.2587 1.6497
0.2692 0.5939 0.9630 1.2756 1.5417
0.3670 0.6190 0.9308 1.2547 1.5043
0.3468 0.7143 1.0125 1.3855 1.7327
0.2737 0.5352 0.8524 1.0974 1.3456
0.3213 0.6924 1.0325 1.3615 1.7955
0.2882 0.5903 0.8676 1.1642 1.4950
0.3608 0.6597 0.9345 1.3097 1.6445
0.2849 0.5631 0.8948 1.2578 1.5565
0.2652 0.5216 0.8174 1.0828 1.4341
0.2438 0.5152 0.8581 1.1231 1.4044
0.2900 0.5915 0.8469 1.1370 1.4888
0.2615 0.5512 0.8271 1.1541 1.4435
0.2790 0.5818 0.9122 1.2120 1.5493
0.2717 0.5280 0.8601 1.1239 1.4746
0.2958 0.7017 0.9969 1.2887 1.5871
0.3444 0.7766 1.1269 1.4411 1.7388
0.2849 0.4880 0.8283 1.0978 1.3924
0.2704 0.6080 0.8968 1.2459 1.5218
0.2536 0.5752 0.9097 1.2330 1.5053
0.2805 0.5974 0.8297 1.1307 1.4661
0.2655 0.6337 0.8734 1.2269 1.5203
0.2422 0.5174 0.7930 1.0404 1.3053
0.3447 0.6786 1.0238 1.2662 1.5241
0.3220 0.6121 0.9263 1.2303 1.5654
0.3257 0.5633 0.8106 1.0343 1.3702
0.3100 0.6613 0.9210 1.2481 1.5240
0.2869 0.5993 0.8599 1.2099 1.5041
0.3151 0.6048 0.8360 1.1751 1.4480
0.2546 0.5509 0.8247 1.1562 1.4217
0.3456 0.6789 0.9419 1.1807 1.5155
0.2820 0.6231 0.9364 1.1902 1.5002
0.3176 0.5835 0.9052 1.2436 1.5819
0.3170 0.6744 0.9131 1.1825 1.5163
0.2481 0.5287 0.8040 1.1162 1.5657
0.2662 0.6043 0.8908 1.1070 1.4349
0.2998 0.5674 0.8736 1.1649 1.4627
0.3035 0.7877 1.1672 1.4806 1.7786
0.2795 0.6246 0.9286 1.1951 1.5037
0.2676 0.5370 0.8494 1.1064 1.4399
0.2941 0.5200 0.8117 1.1292 1.4939
0.3348 0.6389 0.9418 1.3093 1.6666
0.3001 0.5988 0.8864 1.2194 1.5324
0.2795 0.5968 0.8550 1.1407 1.4601
0.3373 0.6590 1.0030 1.2352 1.5519
0.3183 0.6398 0.9499 1.2477 1.5047
0.3304 0.6146 0.8926 1.1997 1.4740
0.2653 0.5972 0.8941 1.2547 1.5080
0.2756 0.5618 0.8994 1.2212 1.5483
0.3078 0.6235 0.9504 1.2934 1.5948
0.2624 0.5283 0.8230 1.1502 1.3956
0.2876 0.5831 0.8594 1.1871 1.4967
0.3327 0.6819 1.0035 1.2216 1.5392
0.3286 0.6042 0.9808 1.3218 1.6480
