0.2612 0.3036 -0.8929 0.0981
0.6471 0.2274 -0.5492 0.0307
0.2983 -0.2665 -0.3163 -0.0195
0.4705 0.1410 -0.4722 -0.0623
0.4462 0.4866 -0.5909 0.0536
0.2250 0.2759 -0.8890 0.0888
0.5710 0.2055 -0.5418 0.0079
0.1834 -0.2693 -0.3043 -0.0363
0.3162 0.1402 -0.4620 -0.1009
0.2948 0.4236 -0.5717 0.0179
0.0094 0.2562 -0.8660 0.0495
0.3404 0.1629 -0.5310 -0.0363
0.0220 -0.3008 -0.3036 -0.0587
0.1348 0.0761 -0.4655 -0.1450
0.1626 0.3509 -0.5651 -0.0077
-0.1180 0.3048 -0.8821 0.0089
0.2190 0.1847 -0.5455 -0.0915
-0.0962 -0.2718 -0.3408 -0.0986
-0.0073 0.0777 -0.4718 -0.2061
0.0514 0.2756 -0.5611 -0.0668
-0.2741 0.2313 -0.8729 -0.0553
0.0631 0.0899 -0.5330 -0.1598
-0.2018 -0.3206 -0.3267 -0.1435
-0.1348 0.0009 -0.4648 -0.2435
-0.0430 0.1858 -0.5571 -0.0934
-0.4060 0.2137 -0.8715 -0.0903
-0.0583 0.0572 -0.5327 -0.1845
-0.2711 -0.3576 -0.3347 -0.1669
-0.1915 -0.0906 -0.4616 -0.2694
-0.0915 0.0594 -0.5448 -0.1375
-0.4230 0.1581 -0.8694 -0.1480
-0.0744 0.0042 -0.5310 -0.2508
-0.2920 -0.3788 -0.3360 -0.2414
-0.2263 -0.1221 -0.4611 -0.3352
-0.1363 -0.0484 -0.5401 -0.1731
-0.4762 0.1018 -0.8563 -0.1991
-0.1142 -0.0727 -0.5154 -0.2883
-0.3223 -0.4403 -0.3198 -0.2835
-0.2726 -0.1841 -0.4480 -0.3778
-0.1709 -0.1124 -0.5272 -0.2088
-0.5124 0.1007 -0.8396 -0.2338
-0.1725 -0.1519 -0.4986 -0.3135
-0.3750 -0.4761 -0.3043 -0.2909
-0.3294 -0.2412 -0.4347 -0.3948
-0.2105 -0.1940 -0.5253 -0.2325
-0.5818 0.0352 -0.8423 -0.2643
-0.2583 -0.2117 -0.4985 -0.3545
-0.4137 -0.5182 -0.3135 -0.3321
-0.4078 -0.3144 -0.4382 -0.4334
-0.2824 -0.2974 -0.5167 -0.2594
-0.6647 -0.0213 -0.8332 -0.2866
-0.3181 -0.3032 -0.4865 -0.3846
-0.4792 -0.5517 -0.3060 -0.3685
-0.4617 -0.3750 -0.4284 -0.4668
-0.3218 -0.3739 -0.5113 -0.2993
-0.6970 -0.0999 -0.8395 -0.3297
-0.3542 -0.3939 -0.4913 -0.4289
-0.5076 -0.6284 -0.3181 -0.3973
-0.5193 -0.4862 -0.4360 -0.4931
-0.3848 -0.4484 -0.5143 -0.3237
-0.7762 -0.1293 -0.8324 -0.3724
-0.4488 -0.4519 -0.4800 -0.4548
-0.5648 -0.6435 -0.3259 -0.4198
-0.5696 -0.4932 -0.4486 -0.5162
-0.4237 -0.4743 -0.5244 -0.3539
-0.8165 -0.1443 -0.8735 -0.4063
-0.4962 -0.4552 -0.5330 -0.5090
-0.5933 -0.6578 -0.3821 -0.4697
-0.6056 -0.5332 -0.4988 -0.5644
-0.4329 -0.5194 -0.5923 -0.3817
-0.8338 -0.1828 -0.9491 -0.4212
-0.5158 -0.4856 -0.5937 -0.5282
-0.6158 -0.6676 -0.4480 -0.5031
-0.6270 -0.5509 -0.5492 -0.6109
-0.4603 -0.5388 -0.6204 -0.4381
-0.8599 -0.1581 -0.9758 -0.4936
-0.5425 -0.4990 -0.6220 -0.5827
-0.6440 -0.6729 -0.4868 -0.5436
-0.6736 -0.5535 -0.5591 -0.6522
-0.4876 -0.5496 -0.6075 -0.4742
-0.8908 -0.1407 -0.9599 -0.5301
-0.5731 -0.4948 -0.6211 -0.6240
-0.6523 -0.6676 -0.5020 -0.5861
-0.6730 -0.5730 -0.5845 -0.7007
-0.4866 -0.5633 -0.6366 -0.5197
-0.9120 -0.1549 -1.0111 -0.5726
-0.5962 -0.5226 -0.6717 -0.6832
-0.6864 -0.6695 -0.5583 -0.6320
-0.7164 -0.5885 -0.6283 -0.7326
-0.5402 -0.6098 -0.6705 -0.5471
-0.9646 -0.1827 -1.0558 -0.6046
-0.6647 -0.5595 -0.7154 -0.6986
-0.7121 -0.7123 -0.6060 -0.6369
-0.7581 -0.6430 -0.6699 -0.7456
-0.5716 -0.6446 -0.6934 -0.5694
-1.0020 -0.2037 -1.0978 -0.6177
-0.6931 -0.6018 -0.7695 -0.6998
-0.7444 -0.7176 -0.6713 -0.6504
-0.7863 -0.6779 -0.7097 -0.7528
-0.5829 -0.6716 -0.7568 -0.5833
-0.9972 -0.2231 -1.1387 -0.6266
-0.6934 -0.6416 -0.7983 -0.7153
-0.7379 -0.7656 -0.7134 -0.6502
-0.8005 -0.7172 -0.7463 -0.7617
-0.6031 -0.7161 -0.7592 -0.5921
-1.0163 -0.2668 -1.1798 -0.6507
-0.7338 -0.7089 -0.8496 -0.7421
-0.7655 -0.7765 -0.7642 -0.6895
-0.8302 -0.7423 -0.7716 -0.7856
-0.6448 -0.7304 -0.7718 -0.6155
-1.0612 -0.2539 -1.1722 -0.6692
-0.7686 -0.6968 -0.8520 -0.7536
-0.7837 -0.7888 -0.7984 -0.6961
-0.8424 -0.7593 -0.7923 -0.7977
-0.6408 -0.7631 -0.7805 -0.6259
-1.0453 -0.2608 -1.1633 -0.6769
-0.7591 -0.7281 -0.8455 -0.7679
-0.7893 -0.7929 -0.7906 -0.7036
-0.8567 -0.7701 -0.7721 -0.8053
-0.6519 -0.7606 -0.7892 -0.6391
-1.0600 -0.2639 -1.1742 -0.6848
-0.7809 -0.7585 -0.8670 -0.7645
-0.7816 -0.8105 -0.8192 -0.7155
-0.8504 -0.7858 -0.7912 -0.8165
-0.6554 -0.7827 -0.8057 -0.6505
-1.0569 -0.2496 -1.2010 -0.6980
-0.7859 -0.7624 -0.8995 -0.7872
-0.7832 -0.8006 -0.8710 -0.7370
-0.8559 -0.8155 -0.8314 -0.8329
-0.6613 -0.7982 -0.8303 -0.6776
-1.0463 -0.2759 -1.2530 -0.7202
-0.7795 -0.8119 -0.9526 -0.8101
-0.7718 -0.8325 -0.9308 -0.7626
-0.8555 -0.8476 -0.8712 -0.8610
-0.6568 -0.8273 -0.8537 -0.6982
-1.0298 -0.3001 -1.2544 -0.7371
-0.7704 -0.8343 -0.9551 -0.8435
-0.7699 -0.8459 -0.9235 -0.7896
-0.8540 -0.8893 -0.8712 -0.8744
-0.6662 -0.8572 -0.8459 -0.7151
-1.0371 -0.3204 -1.2466 -0.7662
-0.7953 -0.8759 -0.9543 -0.8625
-0.7724 -0.8739 -0.9265 -0.8073
-0.8651 -0.9092 -0.8702 -0.9040
-0.6675 -0.8697 -0.8545 -0.7589
-1.0334 -0.3339 -1.2488 -0.8010
-0.7975 -0.9102 -0.9476 -0.9117
-0.7684 -0.8788 -0.9531 -0.8537
-0.8769 -0.9208 -0.8894 -0.9423
-0.6845 -0.8801 -0.8712 -0.7953
-1.0527 -0.3080 -1.2700 -0.8440
-0.8081 -0.9074 -0.9674 -0.9372
-0.7721 -0.8736 -0.9506 -0.9082
-0.9048 -0.9145 -0.8700 -0.9718
-0.7059 -0.8778 -0.8409 -0.8091
-1.0710 -0.3045 -1.2208 -0.8512
-0.8455 -0.9082 -0.9379 -0.9561
-0.8315 -0.8794 -0.9286 -0.9128
-0.9392 -0.9378 -0.8504 -0.9821
-0.7355 -0.9215 -0.8442 -0.8255
-1.0974 -0.3790 -1.2249 -0.8576
-0.8511 -1.0045 -0.9320 -0.9593
-0.8096 -0.9282 -0.9263 -0.9329
-0.9168 -1.0089 -0.8441 -0.9891
-0.7270 -0.9475 -0.8371 -0.8310
-1.0795 -0.3600 -1.2141 -0.8679
-0.8681 -0.9870 -0.9318 -0.9786
-0.8244 -0.9192 -0.9179 -0.9518
-0.9351 -1.0227 -0.8156 -1.0067
-0.7431 -0.9747 -0.8176 -0.8565
-1.0989 -0.4214 -1.1833 -0.8882
-0.9012 -1.0341 -0.8958 -0.9892
-0.8564 -0.9378 -0.9136 -0.9469
-0.9633 -1.0346 -0.7956 -1.0013
-0.7685 -0.9792 -0.8021 -0.8510
-1.0919 -0.3912 -1.1521 -0.8734
-0.9108 -1.0418 -0.8777 -0.9906
-0.8680 -0.9374 -0.9043 -0.9562
-0.9714 -1.0376 -0.7988 -1.0194
-0.7783 -0.9826 -0.8222 -0.8638
-1.1083 -0.4137 -1.1637 -0.8924
-0.9496 -1.0547 -0.8959 -0.9941
-0.8957 -0.9477 -0.9258 -0.9559
-0.9949 -1.0331 -0.8099 -1.0140
-0.7968 -0.9678 -0.8130 -0.8621
-1.1266 -0.3532 -1.1569 -0.8866
-0.9535 -1.0221 -0.8921 -0.9893
-0.9180 -0.9150 -0.9289 -0.9603
-1.0116 -0.9931 -0.7995 -1.0041
-0.8076 -0.9389 -0.8033 -0.8497
-1.1420 -0.3243 -1.1451 -0.8785
-0.9739 -1.0102 -0.8835 -0.9831
-0.9370 -0.8974 -0.9105 -0.9554
-1.0261 -0.9978 -0.7803 -0.9959
-0.8214 -0.9345 -0.7943 -0.8461
-1.1446 -0.2880 -1.1448 -0.8713
-0.9855 -0.9913 -0.8882 -0.9765
-0.9475 -0.8924 -0.9293 -0.9682
-1.0386 -0.9936 -0.8060 -1.0029
-0.8430 -0.9360 -0.8169 -0.8544
-1.1736 -0.3090 -1.1568 -0.8810
-1.0125 -1.0108 -0.8845 -0.9930
-0.9526 -0.9111 -0.9300 -0.9707
-1.0411 -1.0114 -0.8020 -1.0046
-0.8415 -0.9676 -0.8163 -0.8643
-1.1527 -0.3138 -1.1347 -0.8855
-1.0142 -1.0531 -0.9018 -0.9920
-0.9641 -0.9238 -0.9437 -0.9753
-1.0533 -1.0492 -0.8023 -1.0042
-0.8517 -0.9985 -0.8146 -0.8571
-1.1692 -0.3573 -1.1540 -0.8794
-1.0236 -1.1049 -0.9192 -0.9819
-0.9701 -0.9475 -0.9706 -0.9710
-1.0592 -1.0758 -0.8076 -0.9972
-0.8450 -0.9958 -0.8112 -0.8548
-1.1485 -0.3512 -1.1450 -0.8742
-1.0183 -1.0893 -0.9368 -0.9825
-0.9620 -0.9497 -1.0048 -0.9703
-1.0490 -1.0593 -0.8390 -0.9899
-0.8520 -0.9845 -0.8631 -0.8452
-1.1465 -0.3076 -1.1948 -0.8637
-1.0125 -1.0616 -0.9858 -0.9725
-0.9735 -0.9415 -1.0320 -0.9662
-1.0530 -1.0659 -0.8819 -0.9827
-0.8664 -0.9874 -0.8721 -0.8384
-1.1634 -0.3161 -1.2044 -0.8450
-1.0375 -1.0757 -1.0079 -0.9633
-0.9937 -0.9498 -1.0616 -0.9563
-1.0597 -1.0563 -0.9099 -0.9718
-0.8838 -0.9833 -0.8997 -0.8309
-1.1859 -0.2861 -1.2224 -0.8470
-1.0716 -1.0887 -1.0164 -0.9535
-1.0451 -0.9639 -1.0720 -0.9447
-1.1055 -1.0711 -0.9086 -0.9740
-0.9084 -0.9915 -0.8974 -0.8316
-1.1830 -0.3111 -1.2228 -0.8510
-1.0778 -1.0721 -1.0129 -0.9566
-1.0403 -0.9461 -1.0726 -0.9606
-1.0935 -1.0656 -0.9271 -0.9779
-0.9031 -0.9890 -0.9059 -0.8352
-1.1884 -0.2728 -1.2223 -0.8498
-1.0897 -1.0679 -1.0044 -0.9556
-1.0607 -0.9301 -1.0536 -0.9555
-1.1158 -1.0232 -0.8928 -0.9631
-0.9137 -0.9700 -0.8880 -0.8239
-1.1908 -0.2432 -1.1886 -0.8335
-1.1007 -1.0566 -1.0005 -0.9565
-1.0726 -0.9484 -1.0727 -0.9623
-1.1186 -1.0360 -0.8982 -0.9701
-0.9110 -0.9646 -0.8726 -0.8379
-1.1928 -0.2485 -1.1781 -0.8570
-1.1113 -1.0587 -0.9957 -0.9682
-1.0846 -0.9309 -1.0524 -0.9809
-1.1196 -1.0251 -0.8858 -0.9877
-0.9124 -0.9629 -0.8754 -0.8473
-1.1957 -0.2123 -1.1645 -0.8578
-1.1258 -1.0478 -0.9885 -0.9830
-1.0905 -0.9424 -1.0646 -0.9892
-1.1275 -1.0472 -0.8949 -0.9776
-0.9204 -0.9887 -0.9015 -0.8371
-1.1868 -0.2901 -1.2083 -0.8430
-1.1000 -1.1136 -1.0311 -0.9676
-1.0816 -0.9704 -1.0973 -0.9817
-1.1139 -1.0727 -0.9323 -0.9716
-0.9159 -0.9985 -0.9199 -0.8341
-1.1798 -0.2488 -1.1898 -0.8358
-1.1082 -1.1243 -1.0308 -0.9570
-1.0846 -0.9872 -1.1103 -0.9707
-1.1223 -1.0838 -0.9332 -0.9672
-0.9114 -1.0051 -0.9111 -0.8289
-1.1598 -0.2654 -1.2227 -0.8384
-1.0914 -1.1256 -1.0674 -0.9651
-1.0814 -0.9925 -1.1199 -0.9845
-1.1289 -1.0893 -0.9500 -0.9697
-0.9261 -1.0213 -0.9344 -0.8334
-1.1794 -0.2954 -1.2229 -0.8369
-1.1130 -1.1530 -1.0669 -0.9570
-1.0909 -1.0015 -1.1252 -0.9737
-1.1234 -1.0953 -0.9567 -0.9572
-0.9276 -1.0166 -0.9300 -0.8264
-1.1714 -0.2774 -1.2248 -0.8406
-1.1115 -1.1338 -1.0805 -0.9626
-1.0954 -0.9997 -1.1395 -0.9870
-1.1222 -1.0919 -0.9746 -0.9786
-0.9223 -1.0107 -0.9508 -0.8493
-1.1616 -0.2738 -1.2407 -0.8553
-1.1109 -1.1359 -1.0910 -0.9846
-1.0904 -1.0169 -1.1487 -1.0074
-1.1191 -1.1085 -0.9775 -0.9823
-0.9183 -1.0151 -0.9489 -0.8550
-1.1529 -0.2810 -1.2655 -0.8588
-1.0955 -1.1516 -1.1189 -0.9804
-1.0797 -1.0213 -1.1714 -1.0176
-1.1172 -1.0989 -0.9999 -0.9869
-0.9198 -1.0264 -0.9691 -0.8611
-1.1476 -0.2548 -1.2647 -0.8665
-1.1090 -1.1572 -1.1274 -0.9933
-1.0863 -1.0232 -1.1849 -1.0273
-1.1143 -1.1158 -1.0208 -0.9869
-0.9188 -1.0377 -0.9843 -0.8598
-1.1501 -0.2813 -1.2857 -0.8654
-1.1061 -1.1778 -1.1592 -1.0002
-1.0875 -1.0318 -1.1984 -1.0438
-1.1152 -1.1199 -1.0273 -1.0056
-0.9195 -1.0240 -0.9930 -0.8728
-1.1472 -0.2553 -1.2869 -0.8878
-1.1257 -1.1645 -1.1633 -1.0223
-1.1092 -1.0259 -1.2197 -1.0580
-1.1300 -1.0917 -1.0466 -1.0150
-0.9391 -1.0067 -1.0055 -0.8832
-1.1533 -0.2309 -1.3008 -0.8867
-1.1374 -1.1673 -1.1949 -1.0202
-1.1210 -1.0180 -1.2135 -1.0501
-1.1221 -1.0926 -1.0267 -1.0068
-0.9405 -1.0232 -0.9805 -0.8790
-1.1552 -0.2345 -1.2583 -0.8887
-1.1597 -1.1538 -1.1591 -1.0231
-1.1280 -1.0072 -1.2098 -1.0529
-1.1461 -1.0857 -1.0415 -1.0148
-0.9446 -1.0105 -0.9958 -0.8823
-1.1487 -0.2224 -1.2735 -0.8936
-1.1496 -1.1536 -1.1724 -1.0380
-1.1382 -1.0226 -1.2409 -1.0717
-1.1498 -1.0973 -1.0656 -1.0254
-0.9486 -1.0312 -1.0069 -0.9010
-1.1507 -0.2514 -1.2911 -0.9050
-1.1450 -1.1852 -1.1973 -1.0498
-1.1231 -1.0392 -1.2684 -1.0897
-1.1429 -1.1108 -1.0972 -1.0490
-0.9561 -1.0290 -1.0360 -0.9144
-1.1673 -0.2448 -1.3171 -0.9257
-1.1687 -1.1806 -1.2180 -1.0811
-1.1415 -1.0464 -1.2740 -1.1123
-1.1577 -1.1122 -1.0999 -1.0529
-0.9520 -1.0303 -1.0274 -0.9131
-1.1734 -0.2334 -1.3126 -0.9253
-1.1854 -1.1805 -1.2351 -1.0684
-1.1657 -1.0569 -1.2918 -1.1089
-1.1788 -1.1123 -1.1089 -1.0474
-0.9716 -1.0328 -1.0551 -0.9151
-1.1749 -0.2318 -1.3139 -0.9277
-1.1813 -1.1854 -1.2303 -1.0708
-1.1663 -1.0497 -1.2776 -1.1102
-1.1669 -1.0957 -1.1194 -1.0449
-0.9585 -1.0088 -1.0520 -0.9065
-1.1564 -0.2074 -1.3281 -0.9202
-1.1863 -1.1635 -1.2640 -1.0813
-1.1818 -1.0452 -1.3137 -1.1132
-1.1834 -1.0929 -1.1294 -1.0494
-0.9701 -1.0120 -1.0463 -0.9091
-1.1742 -0.2078 -1.3154 -0.9316
-1.1913 -1.1744 -1.2617 -1.0899
-1.1775 -1.0524 -1.3049 -1.1277
-1.1755 -1.0996 -1.1295 -1.0722
-0.9630 -1.0232 -1.0507 -0.9256
-1.1661 -0.2263 -1.3207 -0.9654
-1.1869 -1.1866 -1.2408 -1.1100
-1.1688 -1.0594 -1.2870 -1.1460
-1.1623 -1.0951 -1.0998 -1.0794
-0.9515 -1.0069 -1.0178 -0.9379
-1.1559 -0.2032 -1.2711 -0.9640
-1.1762 -1.1893 -1.2355 -1.1233
-1.1690 -1.0775 -1.2851 -1.1576
-1.1713 -1.1009 -1.1035 -1.1032
-0.9488 -1.0264 -1.0203 -0.9492
-1.1345 -0.2135 -1.2973 -0.9701
-1.1632 -1.2206 -1.2513 -1.1243
-1.1345 -1.0992 -1.3012 -1.1524
-1.1257 -1.1252 -1.1250 -1.0867
-0.9325 -1.0371 -1.0353 -0.9524
-1.1072 -0.2249 -1.3034 -0.9863
-1.1547 -1.2298 -1.2578 -1.1562
-1.1385 -1.1079 -1.3119 -1.1802
-1.1264 -1.1276 -1.1358 -1.1083
-0.9329 -1.0468 -1.0484 -0.9584
-1.1037 -0.2307 -1.3098 -0.9921
-1.1577 -1.2280 -1.2678 -1.1652
-1.1547 -1.1019 -1.3107 -1.1941
-1.1452 -1.1391 -1.1363 -1.1258
-0.9463 -1.0540 -1.0441 -0.9708
-1.1211 -0.2538 -1.3078 -0.9965
-1.1674 -1.2609 -1.2666 -1.1867
-1.1443 -1.1537 -1.3106 -1.2113
-1.1425 -1.1685 -1.1346 -1.1612
-0.9354 -1.0703 -1.0335 -1.0009
-1.1117 -0.2686 -1.3178 -1.0398
-1.1630 -1.2785 -1.2824 -1.2127
-1.1481 -1.1701 -1.3223 -1.2276
-1.1411 -1.1979 -1.1585 -1.1656
-0.9341 -1.0904 -1.0556 -0.9988
-1.1160 -0.3024 -1.3306 -1.0342
-1.1658 -1.3154 -1.2957 -1.2068
-1.1537 -1.1896 -1.3324 -1.2286
-1.1465 -1.2108 -1.1530 -1.1745
-0.9529 -1.1043 -1.0455 -1.0127
-1.1437 -0.3065 -1.3257 -1.0590
-1.1966 -1.3315 -1.3074 -1.2340
-1.1942 -1.2024 -1.3411 -1.2532
-1.1727 -1.2060 -1.1606 -1.2022
-0.9559 -1.1030 -1.0477 -1.0247
-1.1410 -0.3039 -1.3041 -1.0733
-1.1860 -1.3259 -1.2801 -1.2517
-1.1920 -1.1987 -1.3143 -1.2465
-1.1783 -1.1974 -1.1374 -1.1973
-0.9673 -1.1040 -1.0299 -1.0204
-1.1645 -0.3379 -1.2997 -1.0674
-1.2195 -1.3601 -1.2813 -1.2602
-1.2144 -1.2291 -1.3240 -1.2510
-1.1972 -1.2468 -1.1491 -1.2032
-0.9744 -1.1246 -1.0334 -1.0223
-1.1705 -0.3344 -1.3191 -1.0779
-1.2362 -1.3686 -1.2941 -1.2612
-1.2165 -1.2394 -1.3376 -1.2525
-1.2029 -1.2538 -1.1618 -1.2024
-0.9787 -1.1234 -1.0464 -1.0289
-1.1763 -0.3528 -1.3219 -1.0835
-1.2353 -1.3870 -1.3060 -1.2752
-1.2215 -1.2757 -1.3668 -1.2748
-1.2154 -1.2876 -1.1892 -1.2322
-0.9877 -1.1539 -1.0675 -1.0487
-1.1922 -0.3904 -1.3500 -1.1175
-1.2504 -1.4120 -1.3274 -1.3105
-1.2208 -1.3064 -1.3732 -1.3000
-1.2081 -1.3050 -1.1935 -1.2489
-0.9812 -1.1729 -1.0621 -1.0580
-1.1831 -0.4117 -1.3541 -1.1261
-1.2427 -1.4340 -1.3401 -1.3201
-1.2132 -1.3087 -1.3807 -1.3089
-1.1982 -1.2912 -1.1927 -1.2606
-0.9714 -1.1507 -1.0586 -1.0686
-1.1711 -0.3751 -1.3484 -1.1461
-1.2373 -1.4181 -1.3402 -1.3525
-1.2059 -1.3038 -1.3806 -1.3248
-1.1965 -1.2815 -1.2024 -1.2659
-0.9747 -1.1507 -1.0763 -1.0625
-1.1665 -0.3629 -1.3370 -1.1311
-1.2491 -1.4135 -1.3348 -1.3439
-1.2460 -1.3057 -1.3730 -1.3210
-1.2254 -1.2769 -1.1989 -1.2698
-0.9980 -1.1546 -1.0692 -1.0700
-1.2034 -0.3806 -1.3535 -1.1590
-1.2965 -1.4203 -1.3553 -1.3639
-1.2710 -1.3153 -1.4085 -1.3363
-1.2648 -1.2741 -1.2233 -1.2776
-1.0210 -1.1543 -1.0880 -1.0722
-1.2357 -0.3698 -1.3696 -1.1558
-1.3207 -1.4097 -1.3795 -1.3645
-1.2934 -1.3080 -1.4206 -1.3505
-1.2694 -1.2760 -1.2262 -1.2844
-1.0200 -1.1380 -1.0770 -1.0684
-1.2091 -0.3443 -1.3604 -1.1288
-1.3219 -1.4050 -1.3787 -1.3483
-1.2878 -1.3222 -1.4181 -1.3356
-1.2629 -1.2946 -1.2273 -1.2763
-1.0159 -1.1584 -1.0770 -1.0594
-1.2094 -0.3870 -1.3658 -1.1349
-1.3042 -1.4551 -1.3912 -1.3619
-1.2786 -1.3660 -1.4243 -1.3423
-1.2733 -1.3006 -1.2369 -1.2719
-1.0254 -1.1604 -1.0897 -1.0647
-1.2250 -0.3733 -1.3708 -1.1426
-1.3270 -1.4409 -1.3920 -1.3784
-1.3047 -1.3503 -1.4290 -1.3586
-1.2845 -1.2876 -1.2362 -1.2852
-1.0355 -1.1407 -1.0690 -1.0622
-1.2375 -0.3489 -1.3329 -1.1443
-1.3438 -1.4213 -1.3619 -1.3690
-1.3184 -1.3347 -1.4135 -1.3557
-1.2929 -1.2628 -1.2011 -1.2822
-1.0455 -1.1328 -1.0590 -1.0667
-1.2494 -0.3456 -1.3166 -1.1445
-1.3653 -1.4099 -1.3345 -1.3687
-1.3470 -1.3237 -1.3879 -1.3457
-1.3169 -1.2561 -1.1977 -1.2896
-1.0495 -1.1207 -1.0588 -1.0711
-1.2554 -0.3392 -1.3175 -1.1728
-1.3778 -1.4052 -1.3645 -1.4109
-1.3757 -1.3174 -1.4078 -1.3849
-1.3500 -1.2491 -1.2176 -1.3173
-1.0732 -1.1182 -1.0643 -1.0750
-1.2835 -0.3353 -1.3280 -1.1657
-1.4041 -1.4075 -1.3788 -1.4021
-1.3868 -1.3210 -1.4242 -1.3802
-1.3439 -1.2516 -1.2375 -1.3097
-1.0659 -1.1244 -1.0791 -1.0798
-1.2741 -0.3376 -1.3444 -1.1720
-1.3969 -1.4120 -1.4061 -1.4136
-1.3949 -1.3285 -1.4406 -1.3890
-1.3454 -1.2567 -1.2491 -1.3107
-1.0654 -1.1164 -1.0945 -1.0777
-1.2822 -0.3411 -1.3714 -1.1731
-1.4211 -1.4075 -1.4308 -1.4307
-1.4019 -1.3279 -1.4786 -1.3948
-1.3476 -1.2487 -1.2962 -1.3258
-1.0626 -1.1062 -1.1113 -1.0836
-1.2688 -0.3322 -1.3866 -1.1934
-1.4049 -1.4076 -1.4278 -1.4364
-1.4013 -1.3344 -1.4695 -1.4062
-1.3406 -1.2696 -1.2809 -1.3331
-1.0581 -1.1344 -1.1039 -1.0905
