0.0115 2.3346 0.8529 1.0910
-0.2784 1.4867 0.1585 1.7103
-0.5292 1.0067 -0.2700 0.9453
-0.1549 1.3882 0.3015 1.4523
0.9047 1.1886 0.4882 0.6835
0.0115 2.2845 0.8522 1.0573
-0.2783 1.4888 0.1571 1.6560
-0.5288 1.0694 -0.2716 0.8688
-0.1543 1.5141 0.2988 1.3385
0.9042 1.3063 0.4851 0.5577
0.0120 2.6722 0.8477 0.9225
-0.2770 1.6802 0.1544 1.5082
-0.5273 1.1267 -0.2734 0.7659
-0.1535 1.5695 0.2970 1.2631
0.9043 1.3320 0.4832 0.4859
0.0132 2.9256 0.8448 0.8308
-0.2764 1.9790 0.1511 1.4445
-0.5259 1.4435 -0.2760 0.6928
-0.1528 1.8957 0.2934 1.1755
0.9036 1.5341 0.4798 0.4341
0.0138 3.1075 0.8410 0.7724
-0.2762 1.8620 0.1486 1.3866
-0.5253 1.3256 -0.2780 0.6482
-0.1530 1.6661 0.2911 1.1397
0.9023 1.2134 0.4775 0.3942
0.0140 2.8998 0.8380 0.7053
-0.2749 1.7830 0.1466 1.3056
-0.5242 1.2486 -0.2796 0.5774
-0.1522 1.6828 0.2886 1.0654
0.9021 1.1993 0.4750 0.4242
0.0142 2.8299 0.8349 0.8019
-0.2748 1.7531 0.1437 1.3671
-0.5227 1.2438 -0.2813 0.6491
-0.1509 1.6890 0.2863 1.1271
0.9020 1.1528 0.4730 0.3962
0.0154 2.8768 0.8320 0.7562
-0.2743 1.5111 0.1415 1.3352
-0.5223 1.1084 -0.2839 0.6111
-0.1507 1.5690 0.2836 1.0862
0.9016 1.0603 0.4704 0.4251
0.0163 2.8480 0.8290 0.8216
-0.2727 1.4616 0.1398 1.3676
-0.5206 1.0454 -0.2852 0.6571
-0.1505 1.4976 0.2813 1.1323
0.9005 1.0089 0.4678 0.3844
0.0159 2.9899 0.8251 0.7852
-0.2729 1.7140 0.1361 1.3171
-0.5197 1.3144 -0.2875 0.6125
-0.1498 1.7603 0.2785 1.0989
0.9003 1.1817 0.4653 0.3670
0.0171 3.2535 0.8220 0.7630
-0.2728 1.6472 0.1338 1.2984
-0.5332 1.2733 -0.2896 0.5968
-0.1650 1.6372 0.2763 1.0826
0.8808 0.9551 0.4632 0.3532
0.0014 3.1817 0.8194 0.7329
-0.2876 1.5158 0.1320 1.2773
-0.5313 1.1513 -0.2904 0.5776
-0.1641 1.5115 0.2746 1.0629
0.8625 0.8118 0.4609 0.3362
-0.0127 3.0569 0.8166 0.7243
-0.3028 1.4686 0.1350 1.2700
-0.5437 1.0204 -0.2857 0.5708
-0.1778 1.3890 0.2771 1.1571
0.8630 0.7755 0.4631 0.4130
-0.0258 3.0283 0.8258 0.8515
-0.3158 1.3914 0.1389 1.3655
-0.5538 1.1318 -0.2807 0.6500
-0.2191 1.6987 0.2791 1.1370
0.8101 0.8950 0.4640 0.3958
-0.0552 3.5414 0.8209 0.8159
-0.3460 1.7512 0.1424 1.4374
-0.6042 1.4099 -0.2748 0.7323
-0.2462 1.9287 0.2822 1.2199
0.7770 1.1673 0.4665 0.4538
-0.0819 3.9162 0.8247 0.9323
-0.3728 1.9860 0.1397 1.4161
-0.6011 1.5949 -0.2769 0.7131
-0.2438 2.0495 0.2799 1.2003
0.7779 1.2199 0.4641 0.4379
-0.0800 4.1071 0.8209 0.9019
-0.3854 2.0050 0.1369 1.3764
-0.6111 1.5396 -0.2788 0.6786
-0.2550 1.9306 0.2867 1.1552
0.7631 1.0970 0.4695 0.4065
-0.0910 3.9917 0.8286 0.8730
-0.3827 1.9041 0.1442 1.3563
-0.6086 1.5541 -0.2692 0.6607
-0.2533 1.9242 0.2928 1.1465
0.7629 0.9906 0.5595 0.4001
-0.0898 3.8542 0.9739 0.8520
-0.3809 1.7659 0.2578 1.3245
-0.6185 1.4400 -0.1586 0.6323
-0.2649 1.9803 0.3937 1.1160
0.7482 1.0301 0.5565 0.3660
-0.1013 4.0877 0.9692 0.8218
-0.3931 1.7804 0.2542 1.3055
-0.6154 1.3599 -0.1612 0.6148
-0.2623 1.7458 0.3914 1.0984
0.7492 0.7804 0.5539 0.3584
-0.0992 3.8320 0.9655 0.9476
-0.3909 1.6085 0.2510 1.4002
-0.5046 1.2476 -0.1641 0.8040
-0.1494 1.6836 0.3870 1.2928
0.8399 0.6941 0.5497 0.5169
0.0496 3.7599 0.9598 1.0711
-0.2764 1.4892 0.2463 1.4927
-0.5048 1.1272 -0.1678 0.7950
-0.1497 1.5989 0.3834 1.2836
0.8389 0.6681 0.5462 0.5090
0.0349 3.9939 0.9552 1.0611
-0.2915 1.5095 0.2426 1.4829
-0.5159 1.1660 -0.1633 0.7851
-0.1630 1.7031 0.3850 1.2733
0.8221 0.6795 0.5476 0.4893
0.0367 3.8845 0.9581 1.0222
-0.2897 1.4432 0.2453 1.4432
-0.5143 1.2674 -0.1667 0.7502
-0.1615 1.7419 0.3815 1.2238
0.8225 0.8106 0.5439 0.4579
0.0375 4.2954 0.9525 0.9849
-0.2891 1.6058 0.2410 1.4075
-0.5137 1.4489 -0.1624 0.8171
-0.1755 1.8363 0.3833 1.3050
0.8038 0.7075 0.5450 0.5114
0.0227 4.2534 0.9546 1.0936
-0.3042 1.7154 0.2435 1.4862
-0.5382 1.4774 -0.1656 0.7949
-0.1885 1.9329 0.3795 1.2807
0.7706 0.8500 0.5416 0.5029
-0.0044 4.4777 0.9590 1.0677
-0.3456 1.7805 0.2567 1.4611
-0.5604 1.4462 -0.1482 0.7728
-0.2147 1.9919 0.3912 1.2583
0.7543 0.9283 0.5508 0.4837
-0.0179 4.6698 0.9627 1.0578
-0.3456 1.8534 0.3578 1.4519
-0.5596 1.6256 -0.0519 0.7551
-0.2139 2.0190 0.4904 1.2306
0.7529 0.7555 0.6308 0.4517
-0.0174 4.5719 1.2286 1.0182
-0.2306 1.7138 0.4562 1.4110
-0.4635 1.4967 0.0417 0.7285
-0.1165 1.9640 0.5860 1.2123
0.8261 0.7596 0.7081 0.4329
0.2621 4.8721 1.2200 0.9939
-0.1336 1.8142 0.4495 1.4937
-0.3557 1.5971 0.0360 0.7980
-0.0061 1.9833 0.5867 1.2830
0.9153 0.6778 0.7084 0.4894
0.2619 4.6562 1.2221 1.0812
-0.1336 1.6693 0.4518 1.4311
-0.3558 1.3679 0.0405 0.7528
-0.0065 1.9019 0.5814 1.2341
0.8958 0.6013 0.7034 0.4504
0.2455 4.8079 1.2147 1.0451
-0.1501 1.6340 0.4454 1.5122
-0.3696 1.5198 0.0346 0.8314
-0.0366 1.9443 0.5756 1.3048
0.8596 0.6009 0.6982 0.5150
0.2151 4.7028 1.2087 1.1570
-0.2424 1.5652 0.4404 1.4767
-0.4599 1.4666 0.0301 0.8003
-0.1355 1.8864 0.5704 1.2714
0.7556 0.5841 0.6929 0.4863
0.1131 4.9787 1.2081 1.1214
-0.2855 1.7567 0.4404 1.4548
-0.5075 1.6080 0.0410 0.7810
-0.1878 2.1036 0.5769 1.2624
0.6747 0.8090 0.6972 0.4786
0.0588 5.1763 1.2087 1.1110
-0.3406 1.9505 0.4417 1.4452
-0.5406 1.7727 0.0360 0.7592
-0.2119 2.1517 0.5715 1.2391
0.6598 0.7433 0.6925 0.4591
0.0462 5.2907 1.2018 1.0759
-0.3530 1.8392 0.4368 1.4113
-0.5233 1.6424 0.0317 0.7413
-0.1999 2.1073 0.5745 1.2217
0.6334 0.6832 0.6951 0.4448
0.0221 5.2443 1.1921 1.0678
-0.3800 1.7522 0.5294 1.4031
-0.5518 1.4974 0.1239 0.7338
-0.2491 1.9612 0.7561 1.2040
0.6034 0.5715 0.8367 0.4289
0.0110 5.1234 1.4491 1.0327
-0.3917 1.7681 0.6229 1.3694
-0.5608 1.6512 0.2124 0.7031
-0.2600 2.2482 0.7474 1.2842
0.5893 0.8102 0.8349 0.4937
-0.0002 5.5892 1.5636 1.1573
-0.2997 1.9647 0.7083 1.4637
-0.4824 1.7196 0.2978 0.7938
-0.1699 2.2247 0.8325 1.2749
0.6518 0.6980 0.8925 0.4860
0.1126 5.4937 1.5553 1.1477
-0.3392 1.8152 0.7009 1.4398
-0.4883 1.6383 0.2909 0.7721
-0.1819 2.1418 0.8252 1.2516
0.6312 0.6616 0.9644 0.4657
0.1011 5.6085 1.6736 1.1211
-0.3653 1.9117 0.7904 1.4287
-0.5210 1.6725 0.3767 0.7622
-0.2184 2.1843 0.9131 1.2416
0.5707 0.6758 0.9556 0.4577
0.0630 5.7390 1.6473 1.1109
-0.3900 1.9005 0.7720 1.4189
-0.5519 1.6432 0.3627 0.7534
-0.2528 2.1770 0.8957 1.2203
0.5282 0.6084 1.0136 0.4395
0.0280 5.7671 1.7711 1.0865
-0.4135 1.9327 0.8442 1.3958
-0.5603 1.7917 0.4336 0.7328
-0.2752 2.4080 0.9518 1.2114
0.5139 0.8646 0.9670 0.4321
0.0048 5.9778 1.7278 1.0768
-0.4367 2.0999 0.8178 1.3860
-0.5689 1.9654 0.4102 0.7121
-0.2738 2.4136 0.9416 1.2934
0.5229 0.7784 0.9644 0.4990
0.0346 6.0288 1.7233 1.3276
-0.3960 1.9308 0.8150 1.5741
-0.5391 1.7443 0.4013 0.9042
-0.2601 2.1989 0.9295 1.4861
0.5030 0.6124 0.9386 0.7350
0.0222 5.7953 1.6765 1.5780
-0.4194 1.8021 0.7702 1.7641
-0.5579 1.6804 0.3708 1.0846
-0.2816 2.1558 0.8825 1.5726
0.4759 0.4888 0.8961 0.7249
-0.0118 5.7819 1.6567 1.6931
-0.4546 1.8028 0.7504 1.8500
-0.5867 1.6627 0.4475 1.1664
-0.3022 2.1232 1.0676 1.7520
0.4499 0.5079 1.0459 0.8703
-0.0206 5.7530 1.8977 1.8038
-0.4636 1.7407 0.9172 1.9324
-0.6041 1.6517 0.5161 1.2453
-0.3216 2.0992 1.0425 1.7376
0.4385 0.4695 1.0186 0.8579
-0.0294 6.0237 1.8682 1.7862
-0.4843 1.7651 0.9070 1.9171
-0.6111 1.6853 0.4929 1.2312
-0.3304 2.1636 1.0217 1.7238
0.4264 0.5052 0.9949 0.8464
-0.0501 5.9276 1.8475 1.7726
-0.3773 1.7225 0.8860 1.9034
-0.5073 1.6231 0.4896 1.2171
-0.2365 2.1207 1.0168 1.7106
0.4793 0.4732 0.9902 0.8355
0.0795 5.9724 1.8404 1.7563
-0.3996 1.7042 0.8806 1.8889
-0.5258 1.6229 0.4721 1.2035
-0.2466 2.2421 0.9919 1.6967
0.4811 0.5034 0.9635 0.8236
0.0820 6.0490 1.7987 1.7414
-0.3970 1.6850 0.9056 1.8747
-0.5227 1.5810 0.5163 1.1901
-0.2437 2.0731 1.0352 1.6837
0.4814 0.4471 0.9607 0.8122
0.0714 6.1839 1.8669 1.7257
-0.4076 1.7108 0.8475 1.8602
-0.5317 1.6229 0.4569 1.1769
-0.2541 2.1079 0.9557 1.6697
0.4681 0.4269 0.9668 0.7765
0.0730 6.1473 1.9246 1.6670
-0.4052 1.6980 0.9079 1.8002
-0.5294 1.6148 0.5268 1.1244
-0.2522 2.1763 1.0256 1.6149
0.4693 0.4447 0.9397 0.7421
0.0625 6.2771 1.8664 1.6389
-0.4162 1.7343 0.8503 1.7733
-0.5483 1.6699 0.4774 1.1001
-0.2735 2.2271 0.9722 1.5901
0.4286 0.5086 0.8768 0.7312
0.0291 6.5061 1.8384 1.6237
-0.4499 1.9388 0.8238 1.7592
-0.5651 1.8726 0.4542 1.0867
-0.2928 2.5397 0.9607 1.5760
0.4181 0.6592 0.8679 0.7195
0.0332 6.7091 1.8258 1.6073
-0.4457 1.9082 0.7986 1.7441
-0.5819 1.8286 0.4202 1.0642
-0.3226 2.3859 0.9105 1.5535
0.3667 0.4895 0.8089 0.7005
-0.0207 6.4415 1.7728 1.5838
-0.5005 1.7160 0.7602 1.7202
-0.6079 1.6735 0.3996 1.0521
-0.3407 2.2110 0.9021 1.5404
0.3557 0.4567 0.8010 0.6891
-0.0182 6.5581 1.7472 1.5686
-0.4982 1.7933 0.7363 1.6830
-0.6051 1.7395 0.3787 1.0187
-0.3384 2.2461 0.8803 1.5069
0.3578 0.3919 0.8549 0.6602
-0.0137 6.5617 1.8488 1.5151
-0.4931 1.7060 0.8101 1.6261
-0.6006 1.6519 0.4505 0.9684
-0.3450 2.2543 0.9389 1.4540
0.3471 0.3745 0.7798 0.6154
-0.0222 6.4530 1.7967 1.4752
-0.5133 1.5323 0.7578 1.6150
-0.6164 1.4557 0.4063 0.9465
-0.3524 2.0066 0.9040 1.4305
0.3369 0.2467 0.7726 0.5948
-0.0299 6.5224 1.7719 1.4366
-0.5104 1.6739 0.7188 1.6749
-0.6143 1.5754 0.3486 1.0176
-0.3508 2.1219 0.8050 1.5040
0.3375 0.2862 0.6439 0.6540
-0.0392 6.5282 1.6321 1.5531
-0.5202 1.5420 0.5934 1.6636
-0.6218 1.5456 0.2538 1.1003
-0.3598 2.1256 0.7253 1.5889
0.3134 0.2251 0.5684 0.7111
-0.0478 6.5026 1.5974 1.6523
-0.5388 1.4879 0.5609 1.7348
-0.6364 1.4031 0.2376 1.0756
-0.3763 1.9212 0.7289 1.5636
0.3037 0.1030 0.5564 0.6881
-0.0543 6.3868 1.5885 1.6232
-0.5269 1.3550 0.5268 1.7055
-0.6259 1.4701 0.2107 1.0489
-0.3663 2.1633 0.6854 1.5355
0.3120 0.2329 0.5213 0.6769
-0.0441 6.7240 1.5539 1.5946
-0.2966 1.5464 0.5178 1.6775
-0.4069 1.5011 0.1829 1.0248
-0.1415 2.0585 0.6557 1.4987
0.4942 0.2298 0.4730 0.6450
0.2404 6.6126 1.5097 1.5678
-0.3083 1.4233 0.4750 1.6243
-0.4166 1.4815 0.1664 0.9774
-0.1639 2.1152 0.6375 1.4615
0.4529 0.2106 0.4592 0.5989
0.2174 6.6465 1.4864 1.5166
-0.3315 1.3504 0.4518 1.5995
-0.4360 1.4311 0.2418 0.9552
-0.1747 2.0139 0.7000 1.4265
0.4524 0.1249 0.5082 0.5785
0.2171 6.7472 1.5976 1.4771
-0.3314 1.5090 0.5344 1.6590
-0.4457 1.5517 0.2203 1.0150
-0.1853 2.0794 0.6865 1.4876
0.4390 0.1890 0.4878 0.6112
0.2062 6.8330 1.5767 1.5527
-0.3345 1.5382 0.5153 1.6071
-0.4378 1.5707 0.1937 0.9691
-0.1772 2.0991 0.6576 1.4519
0.4457 0.1505 0.4555 0.5916
0.2148 6.8198 1.5347 1.5399
-0.3331 1.4440 0.4734 1.5945
-0.4354 1.4182 0.1786 0.9566
-0.1757 2.0470 0.6402 1.4390
0.4465 0.1276 0.4232 0.5601
0.2164 6.8914 1.5153 1.4755
-0.3311 1.4252 0.4444 1.5304
-0.4336 1.4061 0.1440 0.8893
-0.1746 2.0211 0.5923 1.3585
0.4473 0.0313 0.3802 0.5012
0.2173 6.7935 1.4655 1.4033
-0.3305 1.4785 0.4046 1.4446
-0.4528 1.4931 0.1198 0.8160
-0.1958 2.1498 0.5821 1.2922
0.4204 0.1346 0.3550 0.4463
0.1954 6.8758 1.4543 1.3691
-0.3637 1.3571 0.3845 1.4230
-0.4704 1.4542 0.1116 0.8059
-0.2154 2.0069 0.5626 1.2821
0.3949 0.0277 0.3432 0.4116
0.1628 6.8536 1.4440 1.4630
-0.3853 1.2757 0.4723 1.4869
-0.4783 1.3016 0.1910 0.8479
-0.2248 1.8412 0.6433 1.3113
0.3824 -0.0566 0.4714 0.4333
0.1639 6.7973 1.6656 1.4020
-0.3836 1.1556 0.5503 1.4252
-0.4759 1.1742 0.2667 0.8157
-0.2230 1.7746 0.7198 1.2765
0.3813 -0.0962 0.4652 0.4123
0.1627 6.7855 1.6458 1.3758
-0.3851 1.2693 0.5192 1.3870
-0.3738 1.3177 0.2382 0.8738
-0.1185 1.8893 0.6894 1.3322
0.4655 -0.0847 0.4323 0.4569
0.3003 6.8999 1.6133 1.4476
-0.2798 1.2836 0.4891 1.4326
-0.3870 1.3248 0.2043 0.8198
-0.1340 2.0084 0.6410 1.2910
0.4507 -0.0117 0.3623 0.4004
0.2884 6.9937 1.5626 1.3808
-0.2919 1.3343 0.5393 1.3764
-0.4072 1.4569 0.2569 0.7800
-0.1562 2.0528 0.6911 1.2392
0.4096 0.0331 0.3853 0.3526
0.2536 7.0208 1.6396 1.3488
-0.2185 1.2466 0.4984 1.3445
-0.3128 1.2677 0.2327 0.7425
-0.0608 1.8935 0.6643 1.1998
0.4955 -0.0738 0.3546 0.3068
0.3940 6.8954 1.6079 1.3007
-0.2181 1.0971 0.4714 1.2843
-0.3123 1.1590 0.2104 0.6988
-0.0602 1.8019 0.6388 1.1519
0.4960 -0.1664 0.3291 0.2701
0.3943 6.8162 1.7106 1.2327
-0.2174 1.0156 0.5446 1.2028
-0.3119 1.1255 0.3523 0.6277
-0.0608 1.7376 0.7888 1.0888
0.4946 -0.2529 0.4344 0.2219
0.3812 6.7776 1.7901 1.1993
-0.2308 0.9564 0.5940 1.2695
-0.3328 1.0054 0.3182 0.6930
-0.0881 1.6302 0.8431 1.1550
0.4490 -0.2487 0.4857 0.2601
0.3523 6.8215 1.8800 1.2701
-0.2591 1.0157 0.6585 1.2355
-0.3469 1.0989 0.3975 0.6463
-0.0994 1.6801 0.9235 1.0938
0.4479 -0.2610 0.5225 0.1977
0.3516 6.8523 1.9631 1.1949
-0.2600 1.0339 0.7023 1.1594
-0.3473 1.0875 0.4337 0.5977
-0.0997 1.6470 0.8561 1.0539
0.4340 -0.3233 0.5485 0.1613
0.3401 6.7202 2.0326 1.1614
-0.2710 0.8673 0.7464 1.1130
-0.3695 0.9990 0.4892 0.5565
-0.1356 1.6460 0.9240 0.9888
0.4886 -0.3757 0.5266 0.1147
0.4499 6.7828 1.9966 1.1162
-0.1931 0.8787 0.7243 1.0714
-0.2793 0.9657 0.4597 0.4991
-0.0330 1.5183 0.8811 0.9509
0.4877 -0.3809 0.4770 0.0692
0.4371 6.7605 1.9635 1.0641
-0.1143 0.7247 0.6915 1.0272
-0.2017 0.8596 0.4412 0.4699
0.0449 1.4927 0.8722 0.9012
0.5416 -0.4517 0.4699 0.0232
0.5577 6.6954 1.9416 1.0022
-0.1155 0.7490 0.6716 0.9653
-0.2028 0.8895 0.4140 0.4274
0.0435 1.4409 0.8430 0.8676
0.5253 -0.5357 0.5070 -0.0100
0.5444 6.5470 2.0349 0.9621
-0.1288 0.5737 0.7279 0.9044
-0.2140 0.7194 0.4801 0.3631
0.0315 1.2746 0.9101 0.8074
0.5248 -0.6460 0.4842 -0.0545
0.5435 6.5765 2.0095 0.9224
-0.1290 0.5282 0.7159 0.8845
-0.2142 0.7000 0.4481 0.3575
0.0309 1.2769 0.8769 0.7900
0.5240 -0.6359 0.4502 -0.0792
0.5421 6.6698 1.9753 0.8906
-0.1299 0.6062 0.6825 0.8524
-0.2144 0.7767 0.4369 0.3181
0.0302 1.4171 0.8656 0.7502
0.5229 -0.5051 0.4404 -0.1123
0.5289 6.8177 1.9620 0.8498
-0.1423 0.6687 0.6722 0.8008
-0.2249 0.7851 0.4285 0.2830
-0.0050 1.3878 0.8468 0.7249
0.4660 -0.5885 0.3950 -0.1240
0.4802 6.7361 1.9094 0.8349
-0.1922 0.6120 0.6184 0.8938
-0.2668 0.7708 0.3828 0.3610
-0.0284 1.4112 0.7966 0.8042
0.4510 -0.5731 0.3615 -0.0607
0.4558 6.8075 1.8865 0.9421
-0.2279 0.6554 0.5984 0.8631
-0.2966 0.7566 0.3655 0.3346
-0.0725 1.3531 0.7752 0.7658
0.3972 -0.5647 0.3441 -0.0931
0.4217 6.7647 1.8629 0.8826
-0.1490 0.6049 0.5766 0.8024
-0.2300 0.7852 0.3275 0.2924
0.0046 1.4292 0.7473 0.7261
0.4503 -0.5237 0.3006 -0.1317
0.5175 6.8865 1.8219 0.8592
-0.1861 0.7133 0.5370 0.7913
-0.2608 0.8705 0.3025 0.2732
0.0691 1.4736 0.7199 0.7024
0.4895 -0.5222 0.2826 -0.1685
0.6349 6.9423 1.7889 0.8057
-0.0982 0.6206 0.4952 0.7370
-0.1661 0.7836 0.2663 0.2349
0.0675 1.4076 0.6807 0.6718
0.4880 -0.6146 0.2464 -0.1968
0.6330 6.9054 1.7582 0.7792
-0.0992 0.5952 0.4785 0.6899
-0.1671 0.7577 0.3427 0.1842
0.0666 1.3640 0.7497 0.6095
0.4730 -0.6581 0.2986 -0.2332
0.6201 6.7577 1.8442 0.7346
-0.1241 0.4242 0.5282 0.6652
-0.1876 0.5602 0.3115 0.1668
0.0436 1.1709 0.7162 0.6010
0.4579 -0.7843 0.2471 -0.2420
