-0.2911 -0.5388 -0.0671 -0.8525
-0.1009 -0.2174 -0.1068 -0.9924
0.1853 -0.4435 -0.2721 -1.0710
-0.2018 -0.2197 -0.1058 -0.7647
0.1510 0.2067 0.3981 -1.1504
-0.2918 -0.5285 -0.0648 -0.8494
-0.0978 -0.2033 -0.0966 -0.9859
0.1796 -0.4272 -0.2597 -1.0599
-0.2057 -0.1968 -0.0874 -0.7521
0.1511 0.2278 0.4192 -1.1335
-0.2974 -0.5020 -0.0267 -0.8302
-0.1042 -0.1824 -0.0516 -0.9685
0.1740 -0.4076 -0.2213 -1.0414
-0.2042 -0.1838 -0.0402 -0.7356
0.1528 0.2357 0.4227 -1.1150
-0.3023 -0.4872 -0.0126 -0.8106
-0.1028 -0.1793 -0.0374 -0.9492
0.1618 -0.4022 -0.2134 -1.0226
-0.2083 -0.1731 -0.0279 -0.7188
0.1523 0.2460 0.4410 -1.0979
-0.3026 -0.4614 0.0140 -0.7925
-0.1026 -0.1613 -0.0174 -0.9322
0.1554 -0.3850 -0.2053 -1.0059
-0.2140 -0.1636 -0.0253 -0.7028
0.1500 0.2567 0.4141 -1.0812
-0.3093 -0.4474 0.0214 -0.7742
-0.1116 -0.1511 -0.0109 -0.9148
0.1416 -0.3738 -0.2004 -0.9883
-0.2212 -0.1526 -0.0074 -0.6872
0.1423 0.2603 0.4158 -1.0641
-0.3207 -0.4426 0.0086 -0.7546
-0.1210 -0.1500 -0.0369 -0.8970
0.1339 -0.3732 -0.2209 -0.9607
-0.2209 -0.1560 -0.0406 -0.6624
0.1412 0.2571 0.3645 -1.0379
-0.3221 -0.4399 -0.0023 -0.7148
-0.1178 -0.1449 -0.0308 -0.8500
0.1322 -0.3680 -0.2164 -0.9214
-0.2236 -0.1448 -0.0303 -0.6301
0.1399 0.2684 0.3581 -1.0070
-0.3249 -0.4205 0.0112 -0.6890
-0.1214 -0.1301 -0.0102 -0.8346
0.1314 -0.3562 -0.1864 -0.8957
-0.2222 -0.1343 0.0102 -0.6077
0.1408 0.2760 0.4026 -0.9845
-0.3241 -0.4129 0.0496 -0.6617
-0.1238 -0.1238 0.0132 -0.8097
0.1250 -0.3476 -0.1834 -0.8723
-0.2242 -0.1263 0.0228 -0.5842
0.1391 0.2816 0.3957 -0.9609
-0.3294 -0.4006 0.0574 -0.6382
-0.1246 -0.1162 0.0232 -0.7845
0.1231 -0.3440 -0.1651 -0.8592
-0.2266 -0.1199 0.0270 -0.5612
0.1368 0.2925 0.3877 -0.9305
-0.3367 -0.3791 0.0536 -0.6055
-0.1248 -0.1028 0.0240 -0.7492
0.1191 -0.3293 -0.1692 -0.8283
-0.2288 -0.1091 0.0301 -0.5383
0.1367 0.2989 0.3810 -0.9177
-0.3429 -0.3673 0.0415 -0.5914
-0.1314 -0.0956 0.0129 -0.7354
0.1095 -0.3219 -0.1813 -0.8152
-0.2338 -0.1059 0.0037 -0.5269
0.1310 0.2959 0.3384 -0.8963
-0.3524 -0.3572 0.0290 -0.5600
-0.1360 -0.0933 -0.0053 -0.7043
0.1035 -0.3166 -0.1880 -0.7882
-0.2381 -0.1011 0.0078 -0.4979
0.1291 0.3008 0.3410 -0.8704
-0.3571 -0.3546 0.0357 -0.5304
-0.1368 -0.0950 -0.0009 -0.6663
0.1000 -0.3159 -0.1864 -0.7517
-0.2401 -0.1006 0.0053 -0.4615
0.1280 0.2998 0.3282 -0.8439
-0.3615 -0.3518 0.0283 -0.5005
-0.1408 -0.0911 -0.0130 -0.6456
0.0911 -0.3099 -0.1880 -0.7258
-0.2430 -0.0963 0.0055 -0.4351
0.1267 0.3031 0.3244 -0.8183
-0.3646 -0.3413 0.0313 -0.4817
-0.1400 -0.0897 -0.0083 -0.6266
0.0873 -0.3072 -0.1887 -0.7147
-0.2432 -0.0959 0.0008 -0.4255
0.1262 0.3049 0.3083 -0.8008
-0.3667 -0.3318 0.0250 -0.4628
-0.1399 -0.0848 -0.0117 -0.5997
0.0887 -0.2986 -0.1817 -0.6923
-0.2419 -0.0897 0.0169 -0.3941
0.1245 0.3098 0.3203 -0.7767
-0.3674 -0.3281 0.0474 -0.4385
-0.1427 -0.0795 0.0118 -0.5821
0.0821 -0.2943 -0.1704 -0.6760
-0.2454 -0.0855 0.0271 -0.3859
0.1224 0.3102 0.3078 -0.7658
-0.3695 -0.3230 0.0487 -0.4279
-0.1421 -0.0763 0.0102 -0.5726
0.0827 -0.2921 -0.1776 -0.6670
-0.2446 -0.0866 0.0081 -0.3776
0.1244 0.3101 0.2828 -0.7552
-0.3722 -0.3221 0.0255 -0.4175
-0.1464 -0.0781 -0.0082 -0.5624
0.0752 -0.2901 -0.1816 -0.6568
-0.2483 -0.0840 0.0112 -0.3681
0.1186 0.3160 0.2817 -0.7451
-0.3722 -0.3119 0.0512 -0.4072
-0.1442 -0.0731 0.0151 -0.5463
0.0767 -0.2860 -0.1733 -0.6433
-0.2467 -0.0818 0.0227 -0.3536
0.1203 0.3103 0.2747 -0.7281
-0.3740 -0.3140 0.0456 -0.3902
-0.1434 -0.0741 0.0082 -0.5375
0.0753 -0.2853 -0.1736 -0.6275
-0.2473 -0.0804 0.0224 -0.3336
0.1215 0.3111 0.2688 -0.7086
-0.3752 -0.3104 0.0454 -0.3682
-0.1422 -0.0751 0.0133 -0.5152
0.0731 -0.2836 -0.1664 -0.6128
-0.2459 -0.0842 0.0193 -0.3188
0.1200 0.3053 0.2649 -0.6874
-0.3754 -0.3153 0.0485 -0.3458
-0.1423 -0.0770 0.0105 -0.4932
0.0711 -0.2858 -0.1691 -0.5942
-0.2465 -0.0865 0.0214 -0.3045
0.1217 0.3005 0.2618 -0.6772
-0.3765 -0.3041 0.0476 -0.3389
-0.1414 -0.0766 0.0104 -0.4852
0.0707 -0.2809 -0.1661 -0.5874
-0.2457 -0.0819 0.0285 -0.2980
0.1217 0.3071 0.2526 -0.6693
-0.3755 -0.2992 0.0518 -0.3307
-0.1382 -0.0752 0.0173 -0.4772
0.0712 -0.2829 -0.1675 -0.5729
-0.2437 -0.0849 0.0266 -0.2848
0.1239 0.2950 0.2392 -0.6535
-0.3751 -0.2984 0.0489 -0.3165
-0.1375 -0.0826 0.0137 -0.4626
0.0706 -0.2835 -0.1633 -0.5589
-0.2425 -0.0877 0.0271 -0.2726
0.1252 0.2918 0.2424 -0.6402
-0.3734 -0.2979 0.0565 -0.3021
-0.1347 -0.0810 0.0195 -0.4498
0.0713 -0.2819 -0.1612 -0.5516
-0.2417 -0.0884 0.0285 -0.2651
0.1271 0.2879 0.2425 -0.6312
-0.3722 -0.2983 0.0614 -0.2872
-0.1353 -0.0840 0.0208 -0.4308
0.0684 -0.2833 -0.1621 -0.5331
-0.2396 -0.0930 0.0395 -0.2482
0.1297 0.2738 0.2450 -0.6011
-0.3701 -0.3052 0.0698 -0.2632
-0.1311 -0.0930 0.0302 -0.4130
0.0698 -0.2865 -0.1517 -0.5164
-0.2386 -0.0949 0.0468 -0.2275
0.1309 0.2709 0.2449 -0.5895
-0.3675 -0.3079 0.0787 -0.2508
-0.1288 -0.0970 0.0385 -0.4007
0.0715 -0.2887 -0.1435 -0.5064
-0.2357 -0.0983 0.0541 -0.2170
0.1321 0.2692 0.2503 -0.5784
-0.3667 -0.3051 0.0847 -0.2392
-0.1273 -0.0938 0.0506 -0.3899
0.0707 -0.2862 -0.1394 -0.4943
-0.2334 -0.0954 0.0627 -0.2121
0.1336 0.2723 0.2545 -0.5724
-0.3623 -0.3005 0.0989 -0.2327
-0.1248 -0.0919 0.0531 -0.3841
0.0725 -0.2862 -0.1348 -0.4888
-0.2307 -0.0992 0.0674 -0.2061
0.1363 0.2643 0.2517 -0.5571
-0.3605 -0.3052 0.0943 -0.2175
-0.1221 -0.0979 0.0533 -0.3680
0.0735 -0.2873 -0.1335 -0.4757
-0.2287 -0.0988 0.0648 -0.1924
0.1381 0.2618 0.2491 -0.5467
-0.3567 -0.3074 0.0973 -0.2064
-0.1196 -0.1042 0.0539 -0.3562
0.0736 -0.2906 -0.1310 -0.4653
-0.2257 -0.1030 0.0682 -0.1818
0.1406 0.2608 0.2463 -0.5399
-0.3541 -0.3021 0.0980 -0.1964
-0.1147 -0.1054 0.0589 -0.3462
0.0771 -0.2906 -0.1290 -0.4574
-0.2232 -0.1070 0.0654 -0.1728
0.1404 0.2517 0.2382 -0.5290
-0.3533 -0.3082 0.0964 -0.1891
-0.1156 -0.1086 0.0524 -0.3358
0.0752 -0.2921 -0.1344 -0.4483
-0.2240 -0.1098 0.0602 -0.1635
0.1426 0.2455 0.2324 -0.5181
-0.3490 -0.3083 0.0959 -0.1788
-0.1081 -0.1085 0.0440 -0.3301
0.0791 -0.2859 -0.1348 -0.4401
-0.2182 -0.1059 0.0594 -0.1548
0.1467 0.2474 0.2303 -0.5061
-0.3463 -0.2983 0.1002 -0.1670
-0.1078 -0.1038 0.0503 -0.3167
0.0785 -0.2874 -0.1329 -0.4315
-0.2172 -0.1168 0.0589 -0.1449
0.1484 0.2309 0.2251 -0.4935
-0.3458 -0.3076 0.0971 -0.1590
-0.1074 -0.1156 0.0461 -0.3092
0.0771 -0.2925 -0.1325 -0.4225
-0.2187 -0.1167 0.0604 -0.1367
0.1457 0.2288 0.2178 -0.4849
-0.3470 -0.3071 0.0971 -0.1507
-0.1081 -0.1240 0.0448 -0.2999
0.0762 -0.2954 -0.1328 -0.4172
-0.2161 -0.1215 0.0596 -0.1320
0.1486 0.2149 0.2150 -0.4768
-0.3431 -0.3170 0.0967 -0.1396
-0.1046 -0.1316 0.0445 -0.2902
0.0767 -0.2998 -0.1339 -0.4090
-0.2134 -0.1287 0.0597 -0.1230
0.1503 0.2104 0.2170 -0.4647
-0.3399 -0.3145 0.0987 -0.1347
-0.1022 -0.1307 0.0471 -0.2851
0.0778 -0.3022 -0.1334 -0.4038
-0.2124 -0.1329 0.0568 -0.1179
0.1520 0.2005 0.2107 -0.4578
-0.3366 -0.3215 0.0951 -0.1286
-0.0986 -0.1381 0.0409 -0.2791
0.0779 -0.3026 -0.1355 -0.3988
-0.2109 -0.1318 0.0552 -0.1137
0.1516 0.1990 0.2049 -0.4522
-0.3366 -0.3174 0.0899 -0.1246
-0.0995 -0.1394 0.0384 -0.2743
0.0773 -0.3014 -0.1405 -0.3946
-0.2113 -0.1364 0.0478 -0.1088
0.1516 0.1947 0.1974 -0.4463
-0.3359 -0.3167 0.0896 -0.1200
-0.0998 -0.1355 0.0400 -0.2702
0.0760 -0.2960 -0.1384 -0.3905
-0.2100 -0.1339 0.0503 -0.1023
0.1524 0.1965 0.1968 -0.4395
-0.3340 -0.3142 0.0893 -0.1138
-0.0987 -0.1349 0.0400 -0.2594
0.0761 -0.2942 -0.1355 -0.3818
-0.2085 -0.1339 0.0568 -0.0929
0.1534 0.1945 0.1961 -0.4274
-0.3332 -0.3154 0.0889 -0.1018
-0.0974 -0.1378 0.0333 -0.2494
0.0768 -0.2970 -0.1401 -0.3736
-0.2082 -0.1396 0.0491 -0.0859
0.1529 0.1863 0.1832 -0.4165
-0.3326 -0.3176 0.0849 -0.0969
-0.0964 -0.1410 0.0324 -0.2440
0.0753 -0.2961 -0.1399 -0.3685
-0.2075 -0.1362 0.0501 -0.0823
0.1535 0.1894 0.1840 -0.4127
-0.3312 -0.3138 0.0861 -0.0908
-0.0958 -0.1394 0.0307 -0.2375
0.0751 -0.2943 -0.1410 -0.3632
-0.2063 -0.1371 0.0491 -0.0765
0.1541 0.1847 0.1780 -0.4032
-0.3305 -0.3162 0.0872 -0.0869
-0.0977 -0.1429 0.0338 -0.2315
0.0726 -0.2977 -0.1390 -0.3573
-0.2070 -0.1417 0.0487 -0.0682
0.1519 0.1758 0.1739 -0.3932
-0.3295 -0.3191 0.0865 -0.0785
-0.0950 -0.1485 0.0344 -0.2235
0.0740 -0.3003 -0.1357 -0.3507
-0.2054 -0.1472 0.0515 -0.0637
0.1535 0.1686 0.1754 -0.3872
-0.3275 -0.3223 0.0871 -0.0743
-0.0932 -0.1555 0.0335 -0.2162
0.0751 -0.3034 -0.1370 -0.3452
-0.2035 -0.1511 0.0520 -0.0578
0.1552 0.1622 0.1771 -0.3801
-0.3257 -0.3188 0.0921 -0.0694
-0.0918 -0.1518 0.0417 -0.2104
0.0744 -0.3012 -0.1337 -0.3399
-0.2033 -0.1488 0.0535 -0.0526
0.1550 0.1669 0.1743 -0.3751
-0.3237 -0.3142 0.0913 -0.0648
-0.0905 -0.1527 0.0354 -0.2076
0.0749 -0.2981 -0.1367 -0.3375
-0.2019 -0.1473 0.0520 -0.0503
0.1554 0.1640 0.1672 -0.3709
-0.3234 -0.3157 0.0864 -0.0612
-0.0874 -0.1541 0.0319 -0.2041
0.0758 -0.2971 -0.1375 -0.3340
-0.1977 -0.1490 0.0500 -0.0435
0.1586 0.1613 0.1683 -0.3619
-0.3174 -0.3146 0.0889 -0.0550
-0.0846 -0.1516 0.0377 -0.1971
0.0771 -0.2975 -0.1334 -0.3277
-0.1951 -0.1499 0.0510 -0.0408
0.1608 0.1563 0.1642 -0.3555
-0.3158 -0.3152 0.0869 -0.0498
-0.0830 -0.1537 0.0376 -0.1914
0.0772 -0.2951 -0.1302 -0.3233
-0.1939 -0.1449 0.0585 -0.0368
0.1605 0.1621 0.1682 -0.3532
-0.3139 -0.3082 0.0912 -0.0483
-0.0818 -0.1496 0.0384 -0.1897
0.0762 -0.2894 -0.1302 -0.3210
-0.1932 -0.1451 0.0576 -0.0342
0.1611 0.1602 0.1684 -0.3476
-0.3123 -0.3073 0.0952 -0.0433
-0.0816 -0.1468 0.0469 -0.1841
0.0758 -0.2865 -0.1215 -0.3161
-0.1921 -0.1429 0.0673 -0.0297
0.1618 0.1618 0.1756 -0.3445
-0.3104 -0.3079 0.1003 -0.0375
-0.0801 -0.1491 0.0488 -0.1761
0.0758 -0.2885 -0.1217 -0.3076
-0.1906 -0.1452 0.0637 -0.0226
0.1626 0.1548 0.1690 -0.3364
-0.3090 -0.3090 0.0950 -0.0327
-0.0789 -0.1514 0.0459 -0.1726
0.0748 -0.2879 -0.1233 -0.3040
-0.1900 -0.1472 0.0634 -0.0193
0.1632 0.1530 0.1660 -0.3327
-0.3079 -0.3066 0.0961 -0.0302
-0.0778 -0.1512 0.0455 -0.1700
0.0765 -0.2873 -0.1217 -0.2999
-0.1862 -0.1459 0.0658 -0.0157
0.1657 0.1528 0.1657 -0.3268
-0.3043 -0.3048 0.0949 -0.0265
-0.0744 -0.1514 0.0440 -0.1661
0.0776 -0.2878 -0.1246 -0.2982
-0.1850 -0.1489 0.0617 -0.0123
0.1664 0.1489 0.1624 -0.3221
-0.3033 -0.3053 0.0950 -0.0224
-0.0739 -0.1510 0.0458 -0.1620
0.0762 -0.2851 -0.1221 -0.2940
-0.1854 -0.1458 0.0628 -0.0099
0.1665 0.1516 0.1606 -0.3191
-0.3020 -0.3038 0.0919 -0.0191
-0.0732 -0.1499 0.0441 -0.1581
0.0760 -0.2847 -0.1245 -0.2891
-0.1847 -0.1470 0.0607 -0.0045
0.1670 0.1492 0.1572 -0.3126
-0.3022 -0.3024 0.0904 -0.0148
-0.0739 -0.1513 0.0401 -0.1515
0.0733 -0.2854 -0.1263 -0.2847
-0.1863 -0.1475 0.0592 -0.0010
0.1627 0.1478 0.1549 -0.3079
-0.3021 -0.3031 0.0925 -0.0106
-0.0755 -0.1502 0.0441 -0.1490
0.0725 -0.2835 -0.1238 -0.2822
-0.1869 -0.1465 0.0587 0.0005
0.1599 0.1472 0.1462 -0.3050
-0.3023 -0.3004 0.0861 -0.0088
-0.0759 -0.1485 0.0388 -0.1472
0.0713 -0.2815 -0.1264 -0.2801
-0.1878 -0.1481 0.0563 0.0025
0.1588 0.1442 0.1457 -0.3015
-0.3019 -0.3012 0.0885 -0.0061
-0.0751 -0.1510 0.0405 -0.1442
0.0712 -0.2838 -0.1282 -0.2768
-0.1873 -0.1473 0.0563 0.0047
0.1585 0.1442 0.1404 -0.2983
-0.3025 -0.2997 0.0866 -0.0027
-0.0739 -0.1485 0.0389 -0.1412
0.0712 -0.2808 -0.1271 -0.2742
-0.1864 -0.1440 0.0580 0.0058
0.1572 0.1472 0.1400 -0.2963
-0.3008 -0.2932 0.0876 -0.0015
-0.0761 -0.1428 0.0396 -0.1394
0.0670 -0.2755 -0.1289 -0.2713
-0.1901 -0.1407 0.0549 0.0090
0.1506 0.1472 0.1341 -0.2918
-0.3035 -0.2940 0.0826 0.0039
-0.0782 -0.1444 0.0347 -0.1339
0.0647 -0.2751 -0.1311 -0.2656
-0.1908 -0.1400 0.0525 0.0115
0.1478 0.1495 0.1317 -0.2891
-0.3024 -0.2913 0.0804 0.0057
-0.0775 -0.1401 0.0356 -0.1314
0.0648 -0.2703 -0.1308 -0.2619
-0.1904 -0.1365 0.0537 0.0164
0.1459 0.1522 0.1288 -0.2837
-0.3021 -0.2877 0.0795 0.0089
-0.0790 -0.1361 0.0354 -0.1264
0.0622 -0.2668 -0.1310 -0.2578
-0.1923 -0.1332 0.0521 0.0185
0.1449 0.1544 0.1265 -0.2812
-0.3017 -0.2864 0.0776 0.0110
-0.0787 -0.1367 0.0347 -0.1231
0.0621 -0.2663 -0.1303 -0.2549
-0.1910 -0.1349 0.0544 0.0207
0.1427 0.1498 0.1285 -0.2774
-0.3001 -0.2875 0.0804 0.0126
-0.0790 -0.1373 0.0386 -0.1207
0.0612 -0.2650 -0.1277 -0.2522
-0.1910 -0.1341 0.0582 0.0219
0.1446 0.1490 0.1313 -0.2751
-0.2980 -0.2895 0.0814 0.0147
-0.0783 -0.1405 0.0413 -0.1177
0.0621 -0.2685 -0.1274 -0.2494
-0.1891 -0.1400 0.0564 0.0244
0.1455 0.1384 0.1303 -0.2692
-0.2947 -0.2905 0.0826 0.0181
-0.0762 -0.1400 0.0426 -0.1139
0.0620 -0.2636 -0.1254 -0.2448
-0.1884 -0.1348 0.0606 0.0268
0.1467 0.1424 0.1321 -0.2686
-0.2920 -0.2878 0.0818 0.0185
-0.0748 -0.1380 0.0431 -0.1108
0.0618 -0.2592 -0.1250 -0.2423
-0.1886 -0.1305 0.0612 0.0289
0.1455 0.1451 0.1280 -0.2652
-0.2902 -0.2824 0.0812 0.0198
-0.0740 -0.1364 0.0426 -0.1089
0.0648 -0.2596 -0.1248 -0.2401
-0.1832 -0.1302 0.0608 0.0300
0.1512 0.1427 0.1270 -0.2627
-0.2825 -0.2815 0.0822 0.0203
-0.0686 -0.1334 0.0459 -0.1077
0.0658 -0.2523 -0.1216 -0.2388
-0.1815 -0.1287 0.0632 0.0312
0.1492 0.1429 0.1279 -0.2608
-0.2820 -0.2802 0.0824 0.0220
-0.0676 -0.1346 0.0455 -0.1051
0.0661 -0.2519 -0.1215 -0.2361
-0.1792 -0.1288 0.0633 0.0324
0.1510 0.1405 0.1247 -0.2586
-0.2788 -0.2792 0.0826 0.0228
-0.0658 -0.1354 0.0455 -0.1015
0.0669 -0.2535 -0.1229 -0.2327
-0.1773 -0.1318 0.0621 0.0369
0.1529 0.1314 0.1233 -0.2500
-0.2761 -0.2825 0.0811 0.0275
-0.0638 -0.1392 0.0459 -0.0978
0.0677 -0.2533 -0.1220 -0.2290
-0.1752 -0.1319 0.0643 0.0390
0.1544 0.1332 0.1252 -0.2483
-0.2739 -0.2794 0.0830 0.0291
-0.0641 -0.1355 0.0478 -0.0946
0.0667 -0.2473 -0.1203 -0.2260
-0.1755 -0.1254 0.0678 0.0411
0.1534 0.1353 0.1260 -0.2451
-0.2725 -0.2751 0.0835 0.0299
-0.0650 -0.1301 0.0499 -0.0924
0.0648 -0.2420 -0.1193 -0.2240
-0.1784 -0.1236 0.0658 0.0423
0.1498 0.1367 0.1229 -0.2439
-0.2726 -0.2732 0.0826 0.0306
-0.0665 -0.1277 0.0503 -0.0907
0.0645 -0.2398 -0.1189 -0.2218
-0.1771 -0.1194 0.0682 0.0438
0.1511 0.1392 0.1219 -0.2425
-0.2703 -0.2694 0.0813 0.0318
-0.0652 -0.1240 0.0497 -0.0888
0.0651 -0.2350 -0.1204 -0.2202
-0.1751 -0.1187 0.0656 0.0449
0.1522 0.1387 0.1175 -0.2409
-0.2684 -0.2679 0.0781 0.0328
-0.0668 -0.1249 0.0462 -0.0866
0.0625 -0.2343 -0.1215 -0.2182
-0.1755 -0.1185 0.0633 0.0457
0.1471 0.1398 0.1148 -0.2393
-0.2670 -0.2654 0.0778 0.0332
-0.0626 -0.1223 0.0468 -0.0854
0.0657 -0.2301 -0.1196 -0.2168
-0.1723 -0.1147 0.0651 0.0462
0.1501 0.1416 0.1151 -0.2388
-0.2639 -0.2620 0.0784 0.0328
-0.0622 -0.1195 0.0494 -0.0850
0.0655 -0.2277 -0.1180 -0.2150
-0.1721 -0.1112 0.0684 0.0470
0.1496 0.1432 0.1173 -0.2380
-0.2610 -0.2583 0.0794 0.0326
-0.0608 -0.1165 0.0516 -0.0846
0.0661 -0.2222 -0.1156 -0.2139
-0.1697 -0.1081 0.0699 0.0476
0.1510 0.1450 0.1160 -0.2372
-0.2566 -0.2569 0.0784 0.0334
-0.0578 -0.1164 0.0500 -0.0830
0.0675 -0.2216 -0.1158 -0.2121
-0.1668 -0.1090 0.0680 0.0488
0.1521 0.1412 0.1145 -0.2342
-0.2554 -0.2570 0.0768 0.0353
-0.0583 -0.1168 0.0488 -0.0806
0.0672 -0.2202 -0.1160 -0.2107
-0.1658 -0.1078 0.0676 0.0501
0.1484 0.1430 0.1138 -0.2330
-0.2545 -0.2535 0.0762 0.0352
-0.0585 -0.1156 0.0494 -0.0803
0.0657 -0.2166 -0.1155 -0.2099
-0.1673 -0.1047 0.0680 0.0502
0.1438 0.1444 0.1122 -0.2322
-0.2548 -0.2488 0.0753 0.0351
-0.0601 -0.1126 0.0479 -0.0799
0.0636 -0.2111 -0.1160 -0.2089
-0.1692 -0.1017 0.0680 0.0506
0.1383 0.1430 0.1110 -0.2285
-0.2555 -0.2463 0.0743 0.0364
-0.0622 -0.1112 0.0481 -0.0781
0.0634 -0.2106 -0.1150 -0.2074
-0.1684 -0.1019 0.0679 0.0522
0.1366 0.1429 0.1117 -0.2277
-0.2535 -0.2450 0.0745 0.0363
-0.0625 -0.1093 0.0479 -0.0778
0.0632 -0.2084 -0.1141 -0.2066
-0.1690 -0.1002 0.0685 0.0527
0.1354 0.1421 0.1094 -0.2262
