391.6662
265.0330
179.3632
529.1943
721.3732
674.7706
872.5543
834.9717
518.0360
114.2214
211.7209
295.0002
381.1213
428.2248
219.3824
39.9116
98.4853
62.1734
192.3269
396.5112
150.8077
320.6902
478.9136
287.5436
427.8410
200.0144
261.6826
317.8525
348.6291
77.6880
219.2431
405.3416
753.9406
813.0850
767.3329
523.4958
155.3765
90.0708
387.4323
614.8545
316.2032
334.5304
90.7161
299.5498
652.0394
770.8712
798.4015
443.6680
252.3239
174.8762
270.0346
74.7467
156.0690
349.5913
251.4562
464.7057
421.6903
170.7759
432.3411
591.6618
371.5004
166.5899
287.0582
767.0293
671.8946
644.7660
782.1677
649.7522
273.9944
215.4070
189.6256
27.3947
47.1846
71.9380
455.9336
848.0706
435.0869
117.5744
224.1658
625.0785
311.9326
107.6384
110.7369
313.3225
848.5516
622.6952
376.9814
233.9296
365.2601
58.2325
312.1206
927.1996
879.9424
954.5291
782.1817
741.0193
556.1477
393.0830
605.2137
243.7311
220.3156
474.6606
477.3002
278.5180
571.5847
603.1661
125.5068
118.2675
136.9167
288.9393
188.5497
111.7647
95.8034
163.3645
235.8983
266.0301
344.6909
82.3254
299.7872
488.4443
286.1528
498.9605
392.3175
265.0732
162.6308
233.3742
359.5186
534.1921
214.0544
278.2836
192.6250
425.4941
628.4358
356.4083
195.9670
466.7268
278.9907
140.5286
113.2184
331.7124
593.8781
495.7142
373.4992
680.5006
412.8038
138.2798
136.3354
148.1521
152.4242
245.4618
128.1522
269.6565
70.8780
229.8827
186.4056
214.7424
328.8048
385.2083
842.0033
639.8242
287.1812
280.9340
489.1729
82.1071
191.6872
578.0785
532.8535
312.5749
301.9501
266.4410
203.1107
268.4918
680.1981
532.9357
209.1011
344.4474
446.8095
433.6100
536.2417
234.2058
152.4734
168.7018
119.7900
492.1745
578.0837
378.7281
453.6989
333.4549
423.5850
51.0142
74.4364
120.6193
251.2123
358.4273
874.5710
806.6382
488.5814
235.2494
384.6724
247.9772
483.3506
481.0100
481.2090
527.7532
781.4474
764.6578
584.0235
439.1359
179.0618
439.6269
695.8082
579.6529
709.1851
599.5032
406.8172
346.9321
106.6096
278.2816
374.9946
47.6277
150.7866
365.1283
416.4502
93.6214
145.4177
80.3936
168.8757
335.8726
238.4287
216.3348
185.9490
266.9701
217.2662
244.1990
499.0344
225.8773
486.9855
320.5713
518.1991
574.9090
435.8593
228.7870
187.6610
491.1929
455.3112
120.1382
171.6673
402.2909
586.6257
688.3874
625.0802
339.6466
424.6462
781.8764
548.2260
184.3586
312.5053
106.6751
200.6885
323.3983
548.3576
531.7446
662.2703
270.7264
504.4904
479.8336
575.0894
405.2883
773.4569
721.1104
508.6775
173.2882
252.7300
503.7972
823.1390
398.4417
186.6407
279.3173
632.7312
857.2296
733.1555
391.3338
66.9369
155.9853
195.4488
167.3567
152.2562
67.3575
90.1456
85.3396
188.1246
210.4858
99.0947
115.9816
191.6472
171.2398
289.6790
75.6178
226.4843
359.4615
118.6065
510.3090
816.1373
662.9795
583.8065
439.9952
297.5245
548.3215
377.7041
286.6274
339.2828
340.8483
451.2602
515.4235
403.3627
210.2258
259.5155
502.5605
224.2358
179.2938
154.6578
228.8420
37.5046
126.5841
298.9469
439.0115
700.3163
553.2628
41.0833
70.5357
261.3824
576.7577
435.4366
429.4151
164.5550
148.7291
188.6632
83.3058
131.9171
180.1505
269.0240
108.4074
260.6013
227.3092
245.5735
177.4315
463.6557
400.3975
188.0112
209.1941
283.6056
479.2856
290.8493
904.4533
557.8348
233.0143
650.2080
584.3486
210.0200
235.2580
252.1616
287.7228
239.0697
180.9616
393.6793
258.3062
524.6366
719.2105
370.1814
181.8270
268.1943
243.4683
462.1098
136.3706
86.2748
106.3017
87.7072
185.4517
207.2444
166.8095
439.9880
534.7412
180.7732
327.1481
418.8097
552.1666
295.6375
139.9016
418.9977
487.4057
176.0229
272.5299
337.6244
292.9818
457.2073
578.4587
173.6061
262.0271
212.2977
647.8722
433.9393
83.0806
104.4653
257.3690
421.3617
121.5571
135.3769
300.0112
771.9830
570.9131
395.1396
601.3605
748.6087
629.2846
624.0471
206.9510
100.6880
249.6256
434.1823
184.4412
413.1677
305.5140
528.3216
458.1251
554.9076
91.7326
134.4850
217.7948
117.1574
79.0278
185.1469
484.3198
589.8697
572.5217
655.3835
323.1825
256.4303
196.4681
398.1810
647.6652
232.0136
411.2144
856.6442
554.9051
178.9456
115.7243
101.6592
96.4689
143.8912
320.9604
526.2819
439.6362
456.7612
365.7389
447.9734
271.3424
366.5306
516.3833
800.4511
568.7677
135.9786
232.1038
374.4360
194.3951
144.2217
208.9327
219.2317
561.6384
654.4185
885.6548
707.9028
230.1032
101.9977
208.1539
488.6187
413.7676
169.3837
324.1328
344.7542
552.8076
348.4625
399.7428
472.5314
97.8857
168.5211
433.6901
182.3460
271.9208
418.2426
451.5001
362.4691
364.8257
47.0682
106.4687
229.0437
419.5666
307.3512
820.5350
844.0319
482.9544
229.1560
101.3868
100.4593
429.2595
682.9262
501.0097
550.3844
197.8263
248.6819
194.4827
248.9699
30.6340
81.2753
216.3199
243.1133
276.4483
403.6142
352.1019
195.4516
508.2991
535.3539
407.6960
503.2098
387.3478
416.1362
161.0547
456.6617
409.5983
85.4362
137.7474
111.7775
199.8044
475.3934
168.9052
100.0853
352.8516
778.4431
532.7811
86.0284
99.0693
170.9024
251.6166
354.3425
333.8664
96.0632
211.8081
403.3707
189.9028
220.4629
281.1344
424.2477
581.0351
325.4422
244.1417
468.2727
461.4842
267.8297
368.5828
285.3008
769.6531
603.6846
62.0431
99.0837
188.4425
285.0956
130.6530
562.1431
895.2113
645.2506
492.0390
163.9083
155.8015
205.1887
342.3448
583.9310
257.4117
269.8180
201.4493
443.2873
560.3783
118.0352
76.6078
232.1023
489.6667
330.1015
126.2326
85.3492
84.7309
148.7478
215.7418
131.7344
138.5566
146.1003
113.5455
179.8373
478.1921
841.4965
695.2388
454.0806
650.8672
931.3865
860.2064
667.7068
507.9146
216.2437
279.7421
416.3589
269.6085
131.7488
544.1277
823.6107
531.2546
393.6138
541.7230
428.0090
296.1045
181.7024
217.6261
150.8563
98.1575
129.6659
274.4110
569.5036
684.7470
544.1771
109.3173
381.6278
495.2755
503.1554
135.7533
276.2501
195.5097
158.4159
203.4940
361.6346
419.3779
466.3714
378.2733
149.5000
153.7773
89.5829
156.8736
282.6157
340.7968
311.5577
440.2233
417.9246
731.4352
470.0946
352.1998
40.3497
73.3697
297.7059
542.4168
115.7507
128.1345
347.0929
462.7052
332.0585
193.2017
289.3017
483.9756
120.7873
185.2686
447.1044
198.9736
83.7471
196.4420
396.6302
193.4982
648.0880
641.1706
377.0636
263.6664
117.6015
121.7619
85.4073
302.3256
446.4448
72.9494
113.7253
231.4657
517.7552
417.4502
209.4775
240.7272
188.6533
51.5513
109.5545
305.7672
762.1190
742.9006
576.2241
362.8353
131.0810
97.6227
69.2375
154.5642
446.5404
450.7077
156.0684
126.1837
91.9984
176.1007
426.9211
298.0632
431.6720
549.5195
271.6904
422.4524
184.9032
624.9053
889.9729
594.3374
263.5533
116.4152
106.2193
69.8646
126.2497
290.7834
697.9584
705.8232
643.7633
449.6959
404.8418
429.4579
249.0557
254.5949
279.9597
183.4768
388.8390
342.8743
416.5533
482.6135
393.3689
77.5502
210.1538
636.5251
440.1298
104.2776
315.4920
601.5520
531.7392
398.4771
173.2536
254.8743
100.6063
244.6089
286.2920
267.5125
363.5862
77.5837
128.9619
162.5198
515.2006
638.4243
378.1607
342.7721
91.7571
155.0124
221.6859
57.5332
125.7910
297.5342
473.3051
147.7278
132.3130
261.4881
348.1833
70.7820
91.9999
321.8498
922.4347
973.2086
809.9614
403.8044
120.4132
367.9390
235.3722
319.3303
566.5529
668.2710
567.3793
427.2878
627.4810
567.3206
81.2940
210.8595
788.7146
619.6493
127.0222
268.8128
319.4400
524.2798
155.8498
493.1428
547.4873
184.6374
232.9727
282.1534
232.7593
401.4603
284.7211
325.9758
493.7299
163.3263
256.9290
308.4241
60.5542
207.8715
462.7707
520.6734
714.6021
438.1227
224.2723
101.7424
289.7388
541.6165
317.3927
276.2587
278.7650
503.7510
360.4495
458.0192
139.4668
260.2975
603.2947
500.4303
58.3229
148.8110
315.3277
413.5492
272.8189
163.3122
322.7845
778.0476
543.3040
142.7088
215.4432
119.2527
156.4290
263.1546
311.9958
134.9134
236.9278
235.6716
131.0654
185.8040
128.3870
192.2214
662.3909
917.0387
531.7734
318.7775
95.6238
118.4721
152.9921
247.0480
397.4078
380.7677
61.3409
284.6108
565.7179
762.8305
610.1721
407.0595
299.4527
276.3786
69.8042
75.8313
278.3587
566.7698
369.7537
708.0714
597.5703
549.1611
305.0471
692.1268
668.8450
602.0241
160.8607
67.0194
112.6492
256.7643
460.4748
287.7706
508.7907
120.2571
180.5536
422.4654
741.5997
815.3739
580.5637
120.7889
509.8553
727.2981
376.3346
101.9469
195.0775
196.3429
111.6365
189.5133
176.8733
254.6268
391.6657
66.9009
280.3042
370.1299
505.9818
610.0807
320.3854
270.4185
520.7249
510.8521
148.4898
511.9727
621.1449
324.6321
280.9630
486.7759
215.8947
162.4994
161.3918
108.5543
239.9337
188.5999
199.5235
373.9515
260.4008
393.6134
597.1537
307.6807
206.4102
179.5003
130.0766
68.3513
145.8839
119.7245
132.5062
123.1233
139.9389
251.5445
459.8986
634.5299
319.6804
365.5973
865.4313
902.6474
645.9138
591.1610
586.9318
217.5804
130.6895
688.7446
667.1264
392.4299
170.1749
388.5307
321.4248
171.8831
86.6822
166.6825
160.7877
184.7819
609.3034
662.6104
411.3811
301.9269
652.2009
650.6076
547.8431
299.2423
595.3489
429.9408
62.5719
290.6355
703.3077
517.7232
314.6786
318.3713
531.4580
305.5780
368.3420
403.9139
501.3263
81.2801
268.4488
326.1305
93.6279
56.0615
98.9159
255.6383
143.6038
376.1218
565.1332
139.4198
113.1411
200.0312
451.1114
324.9580
415.6756
121.6038
529.2900
806.7018
748.2395
673.7733
230.8214
259.2175
676.2058
536.2355
87.2496
132.9083
178.7516
225.1929
308.4934
591.7650
533.5318
579.7675
446.5337
511.9535
576.4390
207.3977
150.8732
248.0033
602.2034
468.5907
185.0126
446.3087
122.8197
224.3107
322.3745
307.8586
515.5698
116.1287
189.0957
89.1528
226.9572
778.6467
776.3110
518.1191
299.0581
845.1142
865.9491
653.7306
576.9490
471.5188
411.2447
469.2616
767.1810
525.2933
117.5676
172.3997
262.8465
81.9414
97.3475
120.8155
188.1809
343.1910
194.8430
506.6993
396.4882
121.2236
551.4814
696.1817
146.0073
70.6445
194.0425
375.2997
337.3392
391.8689
92.3969
161.0029
97.3792
79.7653
293.0523
529.9630
445.6111
313.1604
642.2892
590.4148
458.0505
199.7208
502.8041
405.8321
264.6771
534.2257
793.0258
626.2563
202.4208
346.2969
177.7143
229.4329
126.5177
87.7430
425.6552
619.3870
243.5953
482.0580
768.7963
568.1145
248.1016
147.2961
171.9848
175.1477
244.3322
177.1655
265.5318
327.7237
362.8535
468.7657
80.9129
213.5029
545.3660
405.5697
242.1659
486.9300
558.2755
361.2352
38.9004
111.8658
136.3072
180.8011
504.1262
701.4440
332.7275
274.3387
735.4806
545.1777
376.0192
418.9021
89.8892
93.5864
233.6408
566.5643
884.1832
789.3245
768.5934
521.7490
165.5178
113.5778
223.9086
435.4968
530.4209
226.8822
314.7480
384.4085
324.2145
201.3200
270.4919
176.1055
153.8179
227.9282
310.1450
407.6214
174.8279
286.3311
617.2960
542.7515
462.5997
196.0171
202.0302
314.3844
454.7225
157.7900
78.7864
292.7948
608.4328
340.8663
433.2228
509.6132
65.6264
121.5226
209.2930
122.5185
217.4711
161.6602
73.7183
70.9803
196.0512
395.3604
100.1783
178.5158
379.8769
654.1757
470.1036
196.1841
59.1361
235.3912
707.7903
555.4351
166.8748
407.1542
285.1555
108.0654
141.8809
237.1291
172.1945
372.2858
41.5095
139.9099
485.9264
243.5173
98.5533
160.0202
290.0182
250.7854
532.9480
447.8235
168.2753
177.3423
185.7914
374.6471
356.1904
612.8741
781.2186
954.5992
590.0767
146.8851
322.1402
432.6442
117.7729
158.3664
248.6217
116.8825
110.3773
77.6127
241.5055
300.2947
159.4653
261.3027
582.2681
473.3329
381.0953
659.5490
628.4680
364.2854
158.4572
240.1045
392.7101
511.0864
287.7748
420.0973
107.5735
144.0239
280.1558
312.0508
353.0382
508.6821
506.0510
559.8046
291.6875
685.1609
273.5328
202.7296
226.2393
312.7530
435.2378
136.1825
285.6427
592.3602
795.4100
578.4863
29.2200
59.1754
94.2860
82.7196
189.6895
166.3522
358.0308
439.1302
289.4825
314.3432
420.3648
184.5852
416.3332
589.7183
781.3290
533.0469
143.5353
408.8223
770.6770
543.1094
263.5955
464.5479
158.0643
128.3327
293.9288
102.3712
285.9122
285.1189
286.1845
222.5508
90.7130
27.3989
67.0223
138.5763
221.9155
610.7590
636.8229
95.9561
152.0406
453.6545
764.2260
684.4501
509.4307
329.7879
645.7810
497.8877
131.4163
255.2953
448.7232
303.5972
330.5648
358.1703
280.9132
125.1025
117.8639
76.8718
236.9699
105.8802
209.9107
116.9349
178.8095
170.6109
52.0390
84.3240
112.5549
131.2298
167.7505
210.1613
545.4926
620.0064
350.0078
544.3466
110.2055
223.9949
451.8491
898.6098
593.1517
518.5577
320.6447
128.2443
341.7540
607.2463
459.3619
291.0103
336.6826
224.9693
164.0611
147.6391
229.6220
123.6498
142.7929
343.3661
719.4216
503.6115
71.2594
139.7084
206.1316
147.9792
72.6336
66.0246
190.0991
212.1574
330.9861
35.1300
153.3477
169.5644
280.0760
247.1070
340.1059
557.8325
340.2483
590.9400
225.2615
201.9793
339.3025
200.0192
218.9864
456.2044
147.7999
604.5141
859.1808
516.6861
104.6258
258.0532
140.5244
153.4612
382.0047
923.1089
791.1139
453.9265
350.2670
663.4002
391.7451
121.1523
162.4866
194.6001
320.6739
222.1251
465.4322
406.0546
100.2600
148.3840
49.6474
161.0824
107.5983
229.7201
173.0178
91.1398
424.2660
783.4546
574.9172
408.5418
488.5228
715.0588
715.2913
514.9118
183.0176
370.9521
689.7744
540.3932
158.3540
120.5986
92.1608
232.3476
271.6381
288.2528
107.8719
122.7369
176.2135
187.6345
186.2536
270.6677
244.4037
149.7292
253.7394
485.4831
77.2628
191.7002
86.3412
242.7726
544.6153
521.7004
521.5780
304.1263
397.7254
560.1696
335.1402
92.5900
94.9847
293.3648
604.8126
467.5330
597.6357
220.5862
311.1622
710.3694
474.7533
73.6377
324.0198
468.2058
292.7578
889.7886
1045.1311
985.2941
836.1618
718.0132
513.2272
193.6728
538.8111
615.9188
305.6821
68.3438
155.1491
290.3992
300.5116
881.8075
813.6055
862.7154
718.7869
681.9345
506.5946
304.6456
538.5345
442.2849
356.5961
410.4390
443.5529
264.3089
38.2437
102.6356
111.5428
120.2684
351.2135
608.1091
208.2047
115.6748
167.5060
153.6211
466.0266
640.0636
180.9027
158.8420
666.0640
731.6062
492.4373
649.2276
905.2981
797.7611
677.9189
577.3973
307.5216
213.4279
189.9807
278.0849
456.2901
726.3322
605.4936
412.0461
440.3051
175.1384
346.9316
341.1962
93.9671
207.3498
205.6263
229.3096
364.0810
540.2984
429.7279
276.9964
353.6633
399.0722
240.4264
342.2311
432.2929
476.8659
528.8003
394.6062
121.7245
95.4693
298.1659
279.7502
143.7308
133.4235
112.1179
190.2964
214.7817
551.4122
845.2937
669.6449
666.7616
914.1550
1045.8470
771.4415
596.1841
570.0376
516.8083
394.7595
462.1202
153.4847
93.8274
235.0425
473.3053
479.6162
639.4773
100.7851
215.2307
488.5006
159.3617
188.7278
283.3172
339.0642
487.0347
154.3912
118.0052
115.1854
70.9851
73.4894
202.8591
123.9677
462.6677
755.0976
485.7471
49.8581
230.3820
544.6749
487.5958
453.4962
721.4080
630.5991
532.1613
226.7733
95.4228
343.0793
505.2260
317.2430
354.3572
493.2544
189.2160
187.3615
404.2748
212.1456
89.4226
173.6584
667.1597
981.4548
774.9319
289.2574
146.5382
256.5708
65.6376
63.8883
300.5284
510.5076
235.5064
638.5068
600.1060
682.2637
499.4226
452.3621
769.9129
466.0652
224.3711
270.2096
675.9620
715.4353
675.4202
591.7054
209.3191
134.5717
144.2741
247.5502
227.3059
148.4681
199.9082
349.6780
475.5468
346.0039
429.5530
752.6800
456.3782
119.6065
186.4257
194.3688
194.8269
367.2395
408.4404
197.4779
335.7980
480.4442
60.8239
432.2793
953.8344
625.9833
73.5619
242.4890
568.8940
630.4397
834.7439
639.9197
737.8156
832.9844
881.2974
855.2688
615.3501
487.0066
785.2641
810.6060
810.3939
846.3322
596.8780
401.0954
691.0931
459.2256
211.3636
202.7079
84.2081
530.3820
915.3951
469.0579
297.8577
633.5360
612.4172
549.7030
80.2035
254.5340
540.0087
166.8151
328.1958
141.1315
132.5983
138.7773
437.6195
495.7062
100.5373
527.1599
615.5034
528.6016
296.1116
108.3068
66.4451
244.2489
223.2256
63.9434
105.9653
195.6218
263.5663
232.7974
139.9501
76.4111
224.2254
244.4209
265.3798
178.8353
182.6555
228.1484
497.4919
226.4837
146.4628
229.7900
70.7315
233.3240
338.8788
569.5255
559.0972
220.3389
434.6724
593.4821
580.9699
412.5043
254.0400
224.9538
116.7014
163.8213
226.2290
388.3525
337.2065
363.8564
793.9877
825.2007
840.5131
612.4659
846.9671
674.6288
188.4107
284.8011
354.3096
308.5625
551.0554
145.4522
247.0924
244.0581
560.3515
585.1011
606.6342
186.3932
169.9062
517.2324
1031.9494
678.3357
595.0646
413.9130
362.0396
555.6397
413.5724
246.1765
374.0458
478.1220
231.3689
72.6433
223.9090
742.3031
752.6807
505.1567
607.5514
470.3719
125.1356
204.4936
422.2502
566.5999
107.6510
342.5771
598.0410
127.8796
271.4620
291.3637
173.4845
779.4014
735.1482
576.8524
506.0634
158.5788
91.6286
115.6939
116.0209
399.8524
879.6160
750.0158
598.3663
539.3049
609.5215
340.8756
224.9876
458.7410
44.0130
83.8416
350.2257
572.2065
110.6228
255.5580
351.1410
377.3223
340.7391
288.5222
322.5904
304.5123
632.4809
492.5407
66.3917
172.1208
314.2857
534.8410
548.9274
521.0727
312.4719
312.0281
376.6222
637.8732
436.2220
636.8601
378.8009
257.2799
147.6628
280.8186
339.8779
301.8288
414.5780
184.6463
124.9712
164.0904
408.3121
569.3884
393.7761
121.2942
204.6604
284.0629
70.6920
180.1997
472.1615
450.7717
110.5493
219.8147
804.8989
734.9986
567.6645
534.4925
143.3038
171.9327
203.0131
109.9684
308.1096
227.5460
211.7656
479.8102
552.2578
380.0737
163.3324
110.7891
432.9342
575.3825
197.1881
524.4344
194.1320
369.5789
113.7207
163.0096
231.4994
367.8209
266.4479
335.1227
126.9644
342.1024
554.4819
315.0084
94.3895
101.2181
131.4476
455.4705
536.1120
227.8429
51.6065
365.1168
1019.7006
655.8250
494.3596
375.9225
371.6150
748.5279
397.0467
73.0965
104.2451
455.4945
934.9553
611.6655
53.5009
168.4953
250.7999
113.8449
188.4611
123.8817
114.8252
85.1113
151.7621
266.2955
316.7079
380.3210
133.4043
305.1498
375.6513
96.1796
206.8432
400.1230
174.1805
514.5950
461.7058
265.2405
807.5719
840.7897
866.6219
509.0144
246.3245
292.2430
187.0626
136.9183
101.6922
293.2149
589.3601
623.0326
538.2312
507.1705
666.9778
500.9352
466.3553
94.0551
395.3472
567.2282
240.9588
80.2262
175.0039
375.2780
722.1876
603.5540
354.8853
695.8445
489.2701
263.7717
533.5561
943.6118
605.5031
358.2516
555.3432
781.4876
667.9741
503.0713
521.0495
554.6273
374.5495
142.1772
368.7368
333.3796
104.3309
223.0631
390.0318
144.5933
589.9277
546.7116
182.9679
130.2641
222.0421
208.1321
510.5072
326.4865
391.2392
265.2848
359.8480
442.7326
380.6987
797.6612
776.9637
668.6537
476.5107
260.0513
671.2730
485.4090
266.8047
97.7792
96.2410
149.7765
98.9535
111.3204
60.2236
165.0265
239.7377
293.7631
144.8983
528.6435
669.1888
404.4770
434.8687
915.9932
640.6719
220.9967
264.4077
275.3204
550.4922
334.0510
318.8402
145.7304
585.7413
592.3428
86.0467
107.9383
175.6184
283.9619
489.7629
227.4667
329.4262
510.1307
560.4368
419.9198
163.5722
189.0123
180.3680
169.1331
352.0918
41.7096
121.5947
555.4111
776.3591
582.3886
288.9179
152.4313
193.9780
262.0546
433.5860
834.8780
506.5807
150.1550
196.0714
118.4796
94.1994
105.2464
156.5679
107.0277
123.5095
260.0259
494.4375
105.0409
351.0267
405.5824
159.5851
481.5913
687.3335
588.6764
412.8539
547.1115
431.4656
510.6583
576.6950
552.7323
359.2940
86.4106
260.1381
582.5187
211.5633
201.9638
288.8924
266.2922
498.3886
133.8610
469.0674
634.6565
444.0173
572.9641
433.9154
374.2289
631.6341
556.6872
801.6956
1045.3489
1007.6497
623.6006
241.5956
302.2203
116.2743
362.4869
759.2841
463.6581
122.9217
308.0297
493.5779
827.0096
752.5048
700.0800
311.1781
528.4005
407.1025
267.7831
191.1158
313.7655
517.9228
209.2785
179.1250
149.1952
234.4818
153.1058
111.8717
261.2526
419.4315
147.5321
558.9356
570.3428
338.1983
665.2016
466.2483
266.0228
221.0203
251.4869
222.8675
311.2876
483.0828
837.7733
649.8642
499.6417
561.6274
614.3072
598.9277
477.6775
593.2295
221.5996
260.1855
238.5795
211.4281
300.5069
148.6726
448.1927
377.4007
207.6400
371.1183
203.0843
664.6157
823.5719
632.5066
576.4654
441.9017
505.0128
201.2366
310.6940
770.7301
801.0616
704.4574
578.8053
555.0361
403.5959
109.4007
73.4889
183.6299
307.3455
284.0357
187.5119
246.3327
82.4345
58.8785
94.1131
71.2492
107.8286
135.8391
199.0422
529.5163
255.7265
467.4323
706.5365
287.4257
461.8331
114.7390
128.2005
324.4410
504.9610
741.4222
579.8955
206.1239
240.7614
428.6137
567.1554
73.1584
183.6896
317.5650
266.1428
137.2148
378.8233
742.3596
415.1543
291.5525
55.0616
147.0296
267.7238
447.9922
731.8901
760.5429
852.1501
581.0689
443.4727
563.3809
174.2120
322.0037
532.1725
493.7053
140.7195
193.4300
416.2170
433.5564
300.8238
67.9533
166.4988
189.8349
111.8756
83.8866
50.8022
252.4362
625.4833
511.4704
305.3251
408.6898
96.6894
322.2738
718.5271
612.5778
206.1373
413.7019
119.8675
168.5923
281.5577
272.4439
164.3810
157.1335
130.2732
274.6706
333.9745
817.6465
660.7774
381.7987
380.7373
631.0711
242.3390
487.5514
186.3045
357.6461
393.6705
205.4513
223.6625
221.8344
194.1957
229.0451
549.6072
637.5859
419.6072
223.6378
448.4946
603.8224
110.5407
113.9511
169.1722
200.9296
250.1692
417.6613
332.9318
634.6987
550.0100
754.3862
157.1751
136.5806
155.0733
175.3142
323.5059
485.4149
41.4979
172.2671
405.3191
206.1794
116.5028
116.5951
111.9489
110.8470
265.0221
524.4846
404.2733
536.7633
64.2095
247.0614
475.5102
298.5968
394.8624
179.9669
443.8877
564.5676
194.6698
290.8706
416.9234
598.6292
489.9218
119.3026
438.4590
450.8873
157.6400
223.3075
715.7021
831.1544
523.7431
393.2266
483.5262
261.2570
752.6756
627.0491
473.6182
193.7120
52.1937
125.2287
297.0944
451.8083
496.7648
228.5876
613.6321
418.0526
122.3807
148.9819
525.9842
511.2703
74.4350
210.6563
248.7667
586.7274
686.8369
516.7624
96.5852
382.9921
531.9239
219.6566
119.6372
252.1449
442.5512
75.2862
226.2188
552.7930
412.1220
127.9966
146.1309
232.9598
412.3952
638.8262
587.8743
400.4808
205.2429
518.8572
196.7081
303.9047
152.7591
101.8832
59.2406
84.2137
89.4530
235.5199
428.7576
267.3410
132.7722
207.0521
267.8736
502.8130
73.9744
216.2587
443.0263
245.2437
850.8290
774.0234
631.1218
703.5185
752.7201
534.9916
76.2933
383.5883
449.7361
224.8729
289.8077
849.6535
544.4544
96.3160
82.5434
85.5239
238.3605
199.6599
250.7484
311.3755
444.0115
122.7387
137.7833
261.6192
550.8438
505.5731
57.3944
372.5155
850.9138
630.0800
300.9017
144.8912
414.6561
665.8063
854.8886
753.6756
782.0503
814.6232
518.5915
147.5898
324.7548
354.1185
67.9875
214.4149
620.8850
619.4714
770.2512
578.5752
240.3805
293.2420
119.3864
229.4369
419.2886
917.7473
813.6195
989.1610
653.7879
165.2646
318.8345
65.6696
69.0288
131.0193
457.9850
565.0764
590.0125
867.6570
592.7472
274.9565
282.9773
224.8551
772.7547
881.8408
681.1348
507.1574
612.8871
258.0575
528.5975
970.5472
612.7299
248.5733
469.6977
765.4946
266.7981
186.8528
619.3658
739.7680
503.2050
456.8514
811.2553
739.8720
627.7578
242.8303
263.8866
169.5778
393.3821
400.9550
467.3855
272.7117
396.2598
530.3100
411.0205
318.1688
544.6185
239.6064
51.9836
126.7354
191.0602
360.9216
207.0310
532.0430
446.5036
192.7738
442.8293
204.7835
489.0146
118.9863
294.0029
619.3200
807.3145
523.7901
118.5770
255.1590
441.5649
94.6965
170.6406
410.3056
487.7404
181.1359
170.3495
94.6882
151.9529
367.4951
139.9732
87.9515
59.2012
62.5505
138.1106
260.1269
185.7754
208.2566
421.6114
50.9438
124.2237
493.2659
783.3903
581.7257
633.4670
808.3295
902.7942
861.0738
839.9209
898.0266
564.4910
305.5886
616.8268
121.7183
237.8215
426.6236
193.5288
617.3171
579.7844
486.2003
589.3213
151.0959
365.5691
566.1029
575.5058
168.1464
84.5352
109.3292
278.2565
513.5604
378.0909
522.4403
392.1961
771.2882
660.6305
631.6034
273.1650
812.8545
852.4836
609.0689
443.3467
460.4396
380.7863
361.5634
166.4628
264.3588
243.1027
321.0782
406.8316
694.9709
580.0480
354.3343
556.1992
626.9390
442.3645
668.0585
388.1962
482.6320
608.9261
132.9744
218.8863
111.8054
91.9435
160.4994
205.5526
265.7417
159.9725
305.1950
126.8613
166.0379
351.3023
109.9351
175.6512
70.4020
136.2585
110.0745
196.9566
250.7880
272.9076
417.5418
423.8831
489.9194
344.8320
313.1511
500.7861
95.8813
329.4562
507.0530
199.0310
282.3544
557.9317
201.3914
198.0090
451.9059
428.8261
204.2837
316.1970
467.9839
542.2659
165.9498
323.9056
382.2560
540.1240
633.0055
684.9819
591.9118
630.9490
732.5563
610.5176
478.7602
537.7132
182.7047
185.1637
105.8365
144.0309
229.7415
207.4134
412.5850
471.1836
907.0518
725.1980
375.6037
344.7223
514.9653
534.1342
494.4111
632.9688
268.1506
263.6658
463.4154
412.4482
400.7454
739.1609
452.7340
103.3399
239.7581
214.3091
349.1246
381.4143
276.6368
623.6859
807.3639
457.7428
62.9532
100.9544
124.6079
133.8650
247.1315
96.4748
308.7664
703.9497
568.7635
557.8094
657.2329
686.2334
450.0338
369.5521
869.7468
805.1133
553.3320
321.6788
746.0050
752.3050
493.1938
316.7502
361.6049
764.1071
392.7214
198.4274
460.4923
402.6465
498.6754
260.7844
140.8276
323.3183
251.5857
245.4199
424.7317
248.5234
274.8134
303.3152
98.7350
138.9930
65.4080
348.0010
751.2298
606.1259
519.0023
523.3611
297.8582
360.4335
340.3290
237.0683
128.6302
463.5101
341.7097
370.9509
519.2302
333.5035
599.0799
125.1019
274.2177
246.1629
304.5087
444.6771
357.8851
564.0990
114.0416
189.1572
302.8399
426.1710
413.3592
635.1288
722.0698
465.7855
219.3532
191.7768
106.9184
376.9504
527.4075
303.5588
521.4658
342.2781
542.1806
611.4270
286.0482
452.6465
81.3658
73.9568
60.8461
205.3722
322.7963
772.1368
827.0030
809.4484
702.5054
539.1643
433.5865
119.3607
378.2011
221.7078
261.3166
471.7146
405.1570
711.2235
146.2480
172.3866
389.5856
515.8770
126.4603
348.0455
473.8043
530.8159
201.1189
176.9627
190.1467
144.1586
342.3572
526.4758
146.2019
276.9064
530.3364
759.0852
543.0770
260.3538
419.0780
540.4426
288.7047
384.1400
218.5549
435.1792
308.2520
721.1379
725.1500
605.1757
277.2575
153.7438
98.8233
196.3923
334.5445
611.3568
647.4926
600.1248
263.1987
683.0368
590.5586
794.3617
967.5517
891.9523
685.7681
420.2255
65.5804
79.6651
137.3038
127.4872
141.9141
274.3025
762.7910
644.2098
550.7265
143.0068
187.8098
113.7710
156.9353
617.0233
1108.3299
621.9907
182.6166
143.7081
272.0685
351.5293
594.8676
513.2209
199.6673
125.7711
434.3793
715.3299
503.2831
319.2792
332.2480
513.5942
283.4400
753.4383
521.0387
171.7452
456.2480
356.0777
349.1879
248.6591
162.0379
108.1188
394.3734
301.8056
208.5327
524.5555
421.4871
584.8234
309.7660
260.5291
396.1573
219.9577
152.7448
454.0666
645.4547
506.6422
385.7654
740.4453
571.0112
626.5891
514.8543
314.8441
309.8685
188.5043
126.5070
127.9109
445.3456
865.4480
808.8586
606.3917
259.5702
272.8059
73.8911
321.1825
602.7960
147.1759
70.8821
174.1350
200.0007
124.9647
246.5609
221.1844
447.3965
617.0823
185.6001
404.4840
324.2069
174.6710
271.3658
165.2756
165.8377
174.2006
241.8729
410.6349
586.7576
638.4574
884.1213
736.1560
385.5893
195.5021
785.6788
821.9032
458.2623
145.8840
400.4651
341.7389
96.0880
266.2773
474.5502
418.4607
273.3318
558.9445
571.8752
290.9028
297.1924
582.6427
455.3187
202.5917
159.8581
307.0867
279.8986
152.1646
338.8442
456.6631
231.8050
246.2405
362.6337
313.7227
292.2455
489.4869
160.9957
155.2873
135.9593
191.1511
144.2812
482.4867
583.1280
427.4127
437.0073
284.3045
307.7580
725.4665
811.0879
685.5762
897.2751
839.9504
615.7984
265.4926
340.5584
129.5433
158.9237
373.9217
270.3183
391.1624
740.1752
830.5937
787.1393
803.3058
596.2362
559.1146
629.2877
565.7241
134.5919
134.5749
252.9138
217.2010
282.4931
688.0123
641.0691
590.1057
319.5627
568.5271
450.5259
186.7101
400.3454
84.7015
230.1200
182.0721
412.5083
559.9575
570.3848
168.4973
196.7081
240.2358
392.8300
322.8403
977.0139
796.6899
677.5860
753.7322
552.3019
83.0579
143.0751
399.1404
609.0067
423.6229
240.8878
141.5006
76.7416
76.6910
262.4260
373.7161
153.1623
248.1641
56.7641
125.1734
332.3440
588.8778
326.0084
592.4931
201.0996
320.8920
662.8351
694.7641
625.4440
500.6343
708.5676
520.4983
643.9745
362.2597
79.6746
132.3705
328.9956
587.8252
276.0699
124.3469
304.7677
258.1375
78.6900
225.8099
471.1665
676.2958
401.8943
208.1683
459.1780
282.4607
592.8717
332.5330
584.3356
214.9947
379.7986
221.1179
487.0392
318.3748
199.0014
190.9640
385.7433
106.3054
56.0297
82.0024
266.6490
327.2536
701.0336
686.8536
503.8963
401.7326
456.5104
78.6511
102.2931
101.1260
251.4951
719.2271
951.9246
889.7305
704.8034
524.3896
352.8384
459.5367
804.8925
818.8634
568.4900
81.5214
54.7451
126.6784
415.3091
642.0393
144.3251
81.9086
155.0696
567.9662
864.4066
854.2282
690.7595
774.8412
709.7869
467.3382
430.3995
590.1293
254.3534
336.8636
407.2004
511.6887
269.3326
191.7995
81.4431
89.0628
129.7158
198.0355
90.5280
276.4330
822.6964
689.7125
302.5565
212.3202
413.6631
494.4968
191.3462
329.3373
348.0165
561.4699
97.1016
123.5091
302.3404
215.7813
113.4291
126.7905
347.1483
604.9660
430.7665
219.2225
450.8342
721.5891
554.8576
166.6421
210.5012
108.0362
175.2630
99.8287
84.2285
61.2295
162.4202
377.7521
583.8198
357.1913
538.6611
296.1694
81.9431
119.7323
223.5997
512.4613
484.2442
979.2820
979.9641
703.6381
500.2051
562.2554
896.7504
492.5378
220.1651
779.2377
834.6230
557.8061
104.5688
103.0197
118.4722
164.4143
150.7969
176.3606
281.9834
186.1310
494.3740
735.6394
309.0684
47.7149
62.2151
75.3476
343.5460
752.7769
591.4895
337.0846
112.7384
90.4597
105.8133
204.2692
348.1900
425.0925
462.5846
553.9428
392.6622
220.8032
308.5766
533.4772
326.9623
154.3438
638.4858
712.9559
149.9138
194.0374
317.3771
419.4503
663.6109
380.1344
47.4662
119.1129
318.3853
367.8754
498.0787
371.9085
452.6814
145.7438
367.6046
864.5931
1027.3922
781.9335
688.8883
601.6097
500.8846
721.6990
729.4228
690.2673
823.8060
525.7695
186.0040
508.7011
481.4156
528.7021
835.6664
453.2022
102.5912
189.0138
202.9962
96.0730
254.0180
147.8332
543.9617
654.3327
144.7435
165.6394
356.6948
261.6468
127.8789
224.5233
586.8445
240.2069
215.4310
642.2054
538.1702
327.1226
107.0211
184.6324
484.4356
323.6861
144.1998
277.9066
461.9824
575.8119
601.5366
525.8686
348.9439
193.7053
530.9686
501.3521
61.9412
128.6043
186.0226
187.7812
58.1931
209.8778
344.2615
536.3279
351.2055
411.1480
668.1174
340.4206
247.7425
285.3812
570.4318
367.0700
149.2218
119.7369
304.0211
851.9498
701.1888
389.3117
430.7329
832.0547
891.9117
629.7973
251.5375
652.7071
366.9123
103.2145
227.0765
167.4388
96.0535
341.9778
261.3420
248.1775
566.2084
473.0129
208.0963
394.3920
195.1131
243.9573
140.8844
167.4205
346.3021
155.9019
165.1616
132.5611
211.6679
357.8423
559.0068
446.3354
309.3093
167.2606
357.0232
521.4670
490.2911
470.6807
258.6064
126.5257
86.6176
65.8904
146.0013
346.4196
284.4142
299.1403
765.1876
878.3268
944.0317
975.1915
740.4909
373.0593
289.4991
418.2639
185.8380
170.7041
198.2114
69.3403
91.9748
207.0660
518.4374
150.2725
346.8247
222.6362
576.3650
827.2844
408.0368
323.7379
454.1188
158.8312
136.6112
142.6812
89.3071
517.5656
809.8611
571.8544
216.3580
373.2941
360.8150
653.1826
135.5350
147.8131
173.5491
151.4019
321.0746
293.9675
666.3780
676.8291
1032.0831
1004.0536
849.3945
765.2891
672.9988
489.6738
374.3598
682.9695
859.0966
890.5765
688.3793
565.0275
194.0573
137.8878
331.4463
945.7895
861.7424
675.5317
592.1828
587.7444
781.3321
834.4766
483.9712
196.9813
468.6569
429.3831
493.8302
384.3077
354.7640
595.0647
543.6993
197.0134
352.8773
322.0585
950.5486
782.2173
804.2843
542.9019
157.4925
190.4667
179.7400
482.8942
535.8257
85.3517
257.4398
345.8533
716.2851
673.3929
498.9577
238.8128
493.8864
249.9168
166.8401
340.3597
572.8699
332.3892
199.5053
274.9137
564.5157
730.2431
459.8365
198.1729
379.9515
324.8059
715.2315
395.7669
66.6662
371.9726
508.6271
80.9784
239.3507
340.6661
824.1622
652.1744
147.5702
150.1942
308.1962
489.8880
70.2707
155.5473
444.1491
473.6785
167.4650
113.7632
197.7978
408.0897
897.1049
559.9252
454.5727
411.0546
65.0963
242.7844
400.7823
366.2319
469.5254
194.1037
277.9498
614.7219
269.5237
149.1053
187.3732
212.7699
543.5615
557.1223
341.5642
420.1583
408.4006
791.0675
612.0577
317.0259
278.1765
431.9312
342.8406
667.9764
422.2156
511.1784
326.8742
663.7333
684.1125
632.8470
164.4937
293.3360
534.4573
100.4583
155.4117
419.3169
514.5061
76.8779
175.9517
286.1535
453.5468
689.5296
568.9333
246.3090
187.9150
398.1739
600.1594
563.4557
387.3786
430.7871
193.6953
249.1872
592.6966
543.6649
211.5397
271.5623
410.5921
356.3917
618.7125
412.8565
266.4335
126.6872
247.3820
393.5149
348.6392
440.7347
507.9945
161.8942
167.6644
323.1084
385.7579
192.5550
579.9886
698.1573
372.5798
492.4728
501.5211
57.3885
111.5730
166.9439
282.8807
489.0022
213.0147
102.9203
274.9245
331.2677
333.9809
328.1502
319.6569
725.9433
805.2254
910.9969
926.1677
788.2353
462.3301
287.9522
459.1721
230.1565
526.2376
461.0980
506.4160
565.0662
74.1999
122.2208
210.5648
326.5946
225.5243
265.6537
537.2703
34.4810
90.4503
331.6670
647.5735
378.5087
525.8094
596.1552
288.3165
289.5534
562.8113
960.4298
871.5400
722.3906
810.3677
771.1917
505.5642
120.8962
221.0466
919.5009
668.5606
168.1244
259.5928
280.8412
77.1676
84.3983
364.3987
489.6939
357.4198
610.3300
378.4587
116.5562
192.7404
500.7896
849.2772
570.3608
280.5572
233.3133
215.8099
336.1372
921.9484
930.6831
692.6726
646.8513
476.4130
462.9440
335.5590
661.1230
774.4060
677.7305
472.4445
250.9289
382.0378
157.0798
241.7667
308.4517
789.5370
738.1308
600.1946
667.4884
563.9794
486.1829
591.2488
273.8726
421.1676
345.6315
600.3764
381.8273
161.8450
387.1876
619.5308
189.3113
117.9158
208.1949
265.9712
206.4726
431.7267
748.5369
650.1954
157.8434
203.6998
634.6875
799.9755
483.7379
115.6198
142.4259
307.6551
760.9404
636.9737
329.8579
128.9583
174.5186
141.4609
320.9170
214.3083
295.5856
767.6135
840.7287
556.9321
391.0345
892.3089
569.9339
114.3160
170.5958
470.4568
561.0312
503.0758
226.8486
115.1690
236.3988
709.7344
817.3080
643.2555
168.2819
158.6146
110.7019
456.4407
775.5167
363.3826
727.3283
585.3220
399.7889
234.5116
70.4867
277.9866
452.6772
225.2224
468.2807
699.7817
659.1701
162.5503
173.5021
420.4460
535.6348
366.6261
92.9295
66.4020
61.3980
487.6620
679.8068
262.3100
160.0526
248.4822
215.4861
171.7756
344.8526
224.1059
157.2048
449.3392
760.0564
400.8781
105.1501
282.7145
593.1352
664.8258
422.1650
95.0933
193.2069
429.0077
416.4043
75.7554
165.7178
287.8970
179.3083
362.2122
176.4134
464.3422
553.5073
460.5618
907.3360
943.5357
1016.2609
739.0250
331.8237
116.3128
93.3806
183.4989
666.8645
921.7363
730.1937
416.0364
251.6193
451.8580
178.5122
269.6491
703.7046
543.0075
323.3030
342.2890
809.9600
527.2442
328.2366
594.4175
280.5058
187.7362
207.6409
222.6399
212.9023
499.0449
514.6852
195.2588
313.1216
675.9908
579.5847
288.1875
86.5812
112.3311
136.3349
355.0646
421.8017
67.6815
166.7581
684.7998
681.8827
545.1613
844.7109
860.7591
550.0317
392.6183
467.2023
241.9912
184.0797
326.5414
347.3099
823.8429
513.0334
41.9894
138.0437
401.0063
324.0921
441.9157
203.0591
103.1821
311.9490
602.8264
209.3802
205.8320
189.9200
302.5129
488.3813
156.1394
134.3696
192.6475
144.9976
377.4819
430.3095
112.1694
213.5658
273.5835
59.9725
72.3623
40.6497
131.3983
142.3045
350.1900
523.2372
274.4517
719.5761
923.4352
695.1374
165.5087
268.4787
154.8330
125.4323
62.0196
112.7420
339.4172
726.9460
614.9099
296.1205
223.2835
555.8816
460.9707
94.2469
137.9464
369.5384
285.2879
444.1465
529.8592
484.0448
322.3399
106.4832
279.2886
678.6612
785.6201
453.8563
239.2320
500.8626
539.7147
119.4605
116.5865
281.1008
323.3713
807.3681
907.9875
649.0480
325.8781
699.3707
792.8498
886.5852
578.1284
376.9174
409.3432
163.3743
439.4798
874.9849
1091.4615
1065.9558
793.5655
487.1776
155.1778
338.3018
566.2003
529.9838
96.3657
160.0457
411.8073
841.0434
538.9032
257.8228
785.2314
895.7817
573.2172
297.3124
356.2218
144.7328
268.3606
553.2470
213.3937
178.4166
351.0886
205.6195
81.9969
318.0182
596.1767
219.6934
67.7299
274.4153
539.6730
241.4107
244.0431
398.3976
415.2407
105.0925
92.9598
360.1178
782.1212
710.2412
521.7853
833.9635
630.6639
607.5164
591.6955
217.3722
246.3810
368.0526
115.1979
524.7909
718.7861
283.6942
348.1721
502.4175
197.1618
774.9438
574.3963
307.8716
689.6464
800.7383
497.4055
138.8827
147.0603
101.0105
107.9179
315.0141
459.1290
128.1696
185.5529
643.4901
676.0747
726.9763
696.6377
514.7084
221.5313
146.2466
253.1061
673.9821
646.3518
716.1601
764.0395
761.9710
949.0954
907.9230
659.5452
508.2535
377.9581
445.9859
543.5029
575.4026
900.9593
792.3095
548.6505
237.6946
615.5985
555.8093
441.2082
445.9172
681.1545
730.2137
461.8663
74.8296
182.2150
213.4975
309.5187
85.1092
79.7923
80.0591
231.8863
426.5616
240.9669
295.0375
366.8044
43.5697
287.7155
770.6946
527.3677
146.0981
373.7920
361.6495
548.8619
981.9635
896.0762
905.5276
842.7639
420.6161
129.2643
109.9748
93.1163
233.9847
663.8415
634.1287
544.3089
539.9326
479.4812
124.8785
379.5589
834.3091
685.6368
497.5804
161.8997
547.2655
385.0882
219.1996
319.7493
239.0722
170.6562
476.7159
543.6243
693.6921
657.8554
646.2326
456.4361
212.2530
669.8410
562.7114
195.1082
113.3700
204.1306
434.0915
117.6969
318.7785
481.9849
268.6408
442.3568
506.0298
153.8714
302.2284
163.6077
328.1360
125.7261
253.3782
617.2338
476.0908
424.2723
575.5495
191.9668
32.2503
210.0169
449.8260
405.5163
92.4942
140.2527
564.2011
571.1796
94.4884
65.0630
55.9196
187.4367
775.1567
873.1030
768.0632
619.4919
260.4952
368.1313
638.3556
768.2218
553.0383
281.2591
311.8202
101.7259
280.7480
302.2578
260.1443
407.4164
570.7341
358.5837
172.7259
269.2258
412.9556
40.2032
181.2113
265.8037
377.7774
455.1914
448.2725
282.5252
80.5353
101.6011
440.4810
496.0407
516.2954
189.1732
327.1847
382.7715
392.3339
375.6450
544.1792
247.0749
632.7284
487.2592
140.0608
289.4891
569.9697
382.0369
367.0313
473.2180
328.5894
408.8311
844.0600
809.6372
734.6451
728.0159
500.8103
180.8347
424.5634
724.8155
740.5940
413.9040
295.4242
470.1019
375.2398
622.7969
489.8773
814.4314
602.7331
415.1316
1039.7586
568.2665
301.4459
889.3752
815.5276
640.4708
418.9680
552.4687
138.2101
278.2170
495.8310
99.9984
231.8873
782.2549
828.5690
649.0748
474.3301
492.3406
429.0637
793.7534
651.1337
360.8828
295.4492
367.4249
521.9065
523.2877
438.3778
260.0443
164.2822
217.8465
209.1201
148.7737
282.8269
146.7837
671.8569
1116.8199
914.8236
773.3677
464.8701
236.0788
285.0941
311.8474
621.2661
614.3978
849.5620
709.2123
473.8942
456.0976
361.1420
587.2513
298.8529
440.4045
538.3579
335.5186
233.0323
70.0342
234.0929
696.5715
676.8510
648.0883
645.9179
784.8215
832.7126
738.6916
529.4544
433.0636
871.1551
818.3342
763.7099
800.8751
1044.4684
902.4376
695.1703
707.5331
686.2044
487.6057
504.4432
260.9408
413.3679
103.5871
131.8068
595.5973
889.4587
1060.7658
896.0171
501.5732
174.5062
422.4078
612.6391
465.8022
71.1660
166.5991
71.2509
241.3776
320.9637
169.3967
257.0800
121.2119
465.9388
713.9000
831.2759
617.8955
290.8433
665.6657
433.2120
386.1746
332.4390
374.9096
582.0845
196.1002
93.3663
66.7449
270.6942
504.2631
467.5323
242.2910
446.6330
387.6626
536.4369
528.3790
522.6539
803.1240
506.3300
115.3059
206.6968
283.6628
348.0756
238.1488
393.5923
802.7068
528.0766
75.6741
342.4051
582.5860
223.9238
117.9858
582.7869
557.2563
150.0673
162.4231
233.5195
489.2587
395.7263
142.6214
375.4414
633.7067
251.2900
401.7779
712.7944
401.5539
799.4900
667.1077
414.6275
788.6639
401.4327
209.1419
353.2080
190.8256
370.2190
830.6030
750.8093
387.7027
180.4115
175.3434
167.8585
391.2292
546.9392
615.9849
354.1824
662.6132
567.4845
204.7967
184.2131
250.1289
206.1595
118.0804
194.3062
431.8733
389.7055
252.7128
546.5140
212.6822
189.2499
412.8748
774.6645
797.6701
558.7094
157.1778
279.5213
237.9589
434.5146
284.0531
437.1079
82.3411
129.7583
73.2475
70.8461
141.4864
329.0593
579.9290
689.9856
525.7836
763.1023
538.6640
503.5208
94.2392
276.8232
297.1894
262.4390
603.6612
426.9506
366.1805
291.6336
678.7552
682.0359
788.8081
635.6578
537.2226
289.2045
190.5821
199.5397
74.5248
125.8861
260.4764
229.7157
199.8558
542.6420
830.7643
844.9987
590.9859
222.1376
225.1939
392.3107
629.0688
575.7972
194.2182
498.6351
777.3347
639.4464
477.5617
81.0753
153.1162
76.1017
163.8783
296.2683
219.7728
220.8673
593.5939
658.1239
661.2813
904.5090
545.2067
76.5145
418.0004
898.4673
856.7165
891.3945
801.3818
832.4020
593.2119
224.0417
306.1928
724.4801
864.1355
828.0442
707.8211
348.9001
466.1618
393.9912
164.7472
153.9405
320.5841
530.6350
71.2314
88.4223
393.7774
824.3131
455.8928
215.5351
698.9446
614.1900
96.8333
324.7624
542.2230
197.1830
313.2863
229.4723
345.6787
219.5314
501.9534
555.2324
296.7955
739.2257
592.7654
151.5993
44.1015
122.3977
161.0308
389.8919
959.7585
838.9986
769.3555
524.5740
110.0773
104.3385
118.3842
197.7949
521.4225
631.3187
393.9348
716.3903
657.6546
219.3333
201.3781
843.1198
999.4908
949.7056
828.7629
737.3672
488.6551
80.0022
491.7090
875.0515
888.6229
812.9541
667.1878
506.8554
608.1728
421.3002
120.7574
320.2254
497.2585
155.2348
181.5896
218.7308
174.1361
257.7569
243.5113
446.3867
498.7120
314.8658
489.3189
134.6285
138.1872
155.7963
128.2473
122.2520
216.4436
479.1649
553.8790
316.2039
488.4967
419.0540
143.2193
198.0462
435.8177
428.8377
148.2537
179.9032
393.9436
553.9360
197.5691
100.2879
308.4377
174.6417
63.8872
70.5507
279.0183
709.1679
563.1735
553.3622
480.8408
139.2399
401.8864
138.2912
111.8619
106.4557
185.1971
372.5956
404.6858
592.9782
362.3153
543.2668
935.8160
773.6857
461.1700
342.8144
52.9022
110.1306
259.9482
736.3607
671.3214
254.6634
282.7411
385.4240
566.0921
154.3584
117.9864
207.2677
201.3847
301.0344
306.2815
542.2986
302.9599
346.5236
118.3959
410.5088
348.5770
252.4559
225.2747
234.9720
652.7266
658.1742
405.7685
412.6321
869.9309
714.4644
552.5800
134.0726
193.4592
129.0813
182.6049
238.1573
684.5765
578.6708
86.3794
156.0947
29.7497
74.7992
75.9107
154.0431
574.8634
566.6307
225.5418
99.5610
139.6921
105.9695
115.2320
198.6919
479.2298
303.1800
44.0452
111.0043
234.2050
231.9652
75.0128
318.2105
743.2078
822.4145
654.0463
435.3440
795.2189
910.5749
914.3897
846.1466
764.1772
496.7402
312.3034
531.0091
229.3268
414.0904
196.7155
503.0135
342.2597
563.8308
327.0218
156.3762
194.3212
107.5110
285.5065
271.5208
100.5966
195.8445
466.1615
410.5920
570.1854
344.3727
280.6116
502.2657
435.2675
316.5045
222.9176
382.1371
535.7829
144.5660
178.0308
225.6687
270.5552
598.7822
345.4716
589.7241
843.8563
577.1148
202.4343
161.3192
343.5425
517.6659
313.1979
395.9036
308.7418
261.6359
310.0593
261.5775
589.6441
624.4094
606.4491
404.1406
78.3141
234.5144
86.2333
86.2574
279.3355
549.4220
412.7858
318.2637
372.7044
342.3977
587.4544
168.5410
292.3520
258.1042
116.9012
330.6944
416.4544
114.5650
96.4450
153.8701
273.9809
585.6732
207.7410
55.0807
129.0600
276.7970
100.6339
500.0750
674.7796
423.2458
270.3149
476.8962
124.7940
247.8295
92.5058
86.6730
321.0597
633.3339
337.4863
366.2973
71.7989
142.7030
193.2172
125.8201
172.2831
547.8693
738.9844
775.8876
450.9711
159.2785
113.6432
426.4900
770.4072
719.8647
869.7594
655.5205
396.3942
101.4064
179.3916
285.8994
115.4243
390.6811
1014.4944
778.9187
750.5248
708.0752
672.2905
518.2763
294.1321
236.2116
386.3967
252.1826
531.8239
374.3041
275.2467
505.0165
591.4686
283.7285
169.7570
257.0683
778.6109
791.9764
810.7594
755.0353
907.9804
749.6429
512.6936
175.4648
517.0206
515.2496
213.1455
581.7990
807.9328
557.6629
79.9086
361.6991
598.5382
424.7248
875.5845
698.9832
480.8902
609.9449
326.1045
191.1243
439.4294
183.0467
83.7796
342.6470
516.0549
133.0181
77.8565
108.3553
86.2401
285.2150
456.1948
167.2612
306.6134
529.9923
280.7620
461.1050
38.6679
59.7843
162.1885
281.8528
375.1230
204.1354
384.0230
255.9992
266.2926
500.5420
587.0937
207.6471
66.5869
92.2974
342.5407
533.7394
160.8875
186.5758
175.2533
405.3272
853.8490
433.3419
336.7403
779.8077
597.8240
236.2008
144.8198
192.4563
453.9618
751.0330
432.6994
236.5780
542.0604
414.0140
310.3984
509.3645
186.6070
316.9191
730.2699
747.2583
727.0292
694.5812
350.3365
208.0547
286.7889
136.4207
293.1746
790.0657
879.9315
556.3557
401.4829
743.2086
575.1982
79.3816
131.8370
239.1643
435.7118
390.3645
597.7764
400.0214
497.3627
307.6371
580.2695
547.5771
223.5940
382.1798
173.2806
525.6532
816.8118
794.8237
710.5221
691.0826
630.5998
393.8992
531.6259
541.6478
205.7364
612.6256
423.9220
197.8990
315.2530
64.8033
155.0549
152.2058
105.5919
294.7000
727.8036
759.8455
434.1678
227.3453
144.2532
103.5429
328.5193
332.2623
372.8914
367.4627
555.3707
715.9903
603.3817
706.9755
718.9075
846.4730
1087.1480
867.5555
627.8565
528.5069
348.7271
508.2506
316.2339
356.2856
107.9146
348.8945
420.4599
186.9363
249.1390
359.1049
214.7071
213.4756
126.4440
167.5445
190.7368
78.2667
311.6575
668.4568
496.6953
498.6518
466.4472
406.0631
499.9753
409.5505
415.9307
652.8764
173.1996
254.0641
385.8547
259.8970
378.0268
385.5977
556.8457
365.2769
210.3971
425.9191
530.7163
109.1598
146.6209
148.2679
286.0642
712.4726
511.6531
378.6593
455.9381
174.4712
198.3516
129.8435
453.0204
823.5860
574.8841
190.4373
157.7783
329.3780
558.9714
257.6422
181.4988
178.4051
41.0093
167.8560
443.3864
748.2152
581.0129
358.6452
106.7432
308.3585
507.5269
199.9676
449.2611
96.1908
308.1354
984.7596
663.8895
295.9939
347.6209
85.1274
64.3963
291.1782
577.2293
483.6492
784.6563
763.1746
818.6278
622.3219
366.5340
53.6880
277.5056
384.7456
173.7706
104.9191
340.6934
874.0350
885.8839
782.6759
505.9743
84.4674
178.4698
400.7266
104.0680
269.2320
556.0084
256.3652
131.1426
473.0624
624.6650
515.9232
364.2191
648.6779
1018.1151
960.8876
678.3288
343.9808
191.9724
376.7034
303.9621
349.9749
411.4258
269.6592
739.4545
594.7957
688.8703
467.8092
103.6334
190.1488
97.9604
373.3541
796.5286
608.1199
443.3005
45.4970
75.8930
139.4951
272.6068
540.0564
824.4770
782.4176
532.1058
263.4541
516.1964
315.1931
223.2250
269.5495
277.6658
263.6445
125.6722
201.7925
291.6019
284.0988
212.9850
396.6362
119.7912
154.6908
261.2405
390.1582
647.0604
425.2460
288.2702
200.2270
60.8025
124.7729
128.6674
365.3570
751.0002
621.0218
713.4837
982.7384
1061.0607
1026.8409
520.4430
234.7506
578.7974
779.6790
620.4545
202.4022
80.1089
306.8597
690.7210
624.5811
354.5976
210.0386
452.9489
376.8482
552.2523
373.1011
541.5681
242.3041
428.0845
485.3425
107.7116
241.9016
518.8179
541.7268
562.1821
130.9396
104.9985
172.4256
440.5139
227.8348
241.9020
352.2739
201.4637
211.8496
573.3697
552.9696
153.2738
77.5799
403.1128
917.9427
579.0657
97.3964
286.2563
461.1251
108.3570
246.6050
276.3058
701.5818
611.8409
241.9225
164.4746
269.8059
752.9319
556.1101
370.0111
696.3829
718.4126
607.2921
346.7388
75.3751
47.0604
73.2568
287.4953
455.5605
402.7439
390.2898
311.1679
403.2910
135.9655
100.5675
119.4468
195.0048
579.1640
778.1308
426.9413
147.4084
197.2636
609.9974
934.8037
845.7207
600.7978
414.0158
114.2235
116.8426
220.3821
315.9003
498.0387
135.7036
357.6265
478.6755
527.1758
780.9272
940.5695
686.0127
441.8043
367.7372
673.6040
370.4506
285.5618
330.3363
675.1888
637.4319
68.4199
240.2383
484.4775
282.8596
440.1146
217.9662
559.8786
527.1066
354.0281
899.7338
995.6875
779.7796
732.4333
834.6007
553.4583
102.3810
193.3477
184.9061
103.1034
97.7257
79.9522
209.9102
544.8457
538.3370
333.7543
509.8509
385.9689
574.0708
634.6805
791.1258
495.0995
483.4559
397.6264
295.3575
115.7216
262.0401
119.7169
98.7900
181.9163
179.2524
393.1215
482.5758
177.9519
426.6900
79.8263
101.3057
269.3041
349.7676
455.3586
574.0841
438.1640
716.9767
357.2802
325.5036
529.2446
209.7546
231.6119
110.1003
184.3725
168.3449
191.0544
194.7843
418.5468
775.2666
590.1128
343.9497
96.7690
269.5535
515.6568
983.9874
946.0309
675.6627
350.3819
310.0463
538.8872
156.9380
187.5582
169.0079
76.3161
189.6393
470.9418
752.4297
624.9596
562.9546
480.6962
387.5759
469.5197
70.1712
317.8278
481.2953
107.0103
146.0358
139.7608
269.4877
209.8235
230.3382
478.0641
266.8780
259.6472
358.4650
246.2260
79.8735
248.5503
368.4608
289.3697
472.0443
189.6481
149.6334
104.7941
184.0567
56.5005
218.7277
602.4033
724.0835
898.3813
893.1342
608.1953
304.7452
166.7525
256.9841
373.4262
489.2683
396.0584
552.1594
493.6123
650.6321
519.8888
709.1131
765.9910
582.0562
295.4386
468.2207
683.7819
726.4584
552.8646
129.3906
272.1686
460.3467
299.0877
469.4362
443.1019
735.6583
579.1872
302.6436
245.4906
356.9771
367.1406
654.0845
362.2695
227.0390
350.2270
86.6874
100.0440
269.0572
400.0298
237.1718
352.8780
650.6842
255.3072
202.7881
150.9186
269.5965
296.7351
890.9724
786.7199
825.6499
783.3699
803.4494
791.0952
418.1627
323.5141
263.8247
174.3212
241.8953
193.7589
242.6336
340.0885
560.5058
374.1955
736.7479
595.5116
357.6817
452.3198
670.8734
618.1287
409.4874
478.4126
811.9500
763.5389
530.1042
270.7660
475.5016
512.3505
250.4365
271.1883
547.4008
536.8944
938.7865
954.0210
714.1282
317.0428
128.6340
163.0409
374.8499
455.5848
207.4303
378.3603
648.4653
514.8690
222.5525
264.1802
553.9701
149.6508
282.6940
396.7441
975.4553
994.6344
767.8629
537.0951
153.2721
213.7336
136.9761
233.4606
482.8116
893.7673
708.9759
404.7708
820.3882
999.3417
1119.3962
712.3175
479.8172
363.1992
409.5725
445.2539
190.5363
356.9543
446.1810
1010.2153
960.7580
739.2490
997.3821
1140.8854
986.7622
630.4715
90.1227
318.5220
511.2835
239.6088
338.0599
807.9166
573.9635
317.3392
339.4715
483.3493
206.2589
540.6425
492.6144
351.1320
719.8866
513.4856
710.9723
852.8641
936.5290
701.3266
254.7712
270.4855
443.7340
342.0158
463.8715
606.4768
348.6172
495.0988
724.3375
531.8349
164.4539
635.9612
808.2052
752.5182
516.5764
195.3801
145.8823
103.5768
102.7416
81.4821
286.2359
794.1874
614.1645
319.7471
563.3520
643.4870
794.5664
449.9761
259.9354
538.3651
464.2948
777.3955
397.0954
194.8740
298.9272
110.7867
190.0193
279.6063
433.4455
694.3755
593.2173
134.7562
166.5039
476.0006
530.1655
206.7769
499.0276
463.4657
969.4528
649.7667
413.6409
700.2668
692.6880
379.5357
302.1719
382.4678
508.3339
306.5034
664.2385
391.4850
308.8226
545.7617
251.4909
554.3357
888.3668
640.3063
488.8309
150.3192
178.2331
110.9996
167.4470
323.3054
268.5602
311.9721
742.8961
479.9489
206.6171
498.0718
686.4811
397.9548
158.0523
206.2138
91.5768
188.9003
397.7172
501.5622
580.2412
581.0600
710.0949
956.8853
1059.3461
1002.4390
578.7367
394.9293
445.2548
186.3142
138.0984
230.6502
289.7162
98.7950
287.3191
525.1462
248.5463
260.7171
111.4937
264.0675
169.3781
111.4940
270.2376
103.2074
282.7924
761.2886
588.0301
115.4425
318.2274
572.4751
121.8032
452.9040
862.3622
602.0788
267.1926
258.1233
139.9168
291.4539
163.1267
114.9958
509.2550
713.3986
289.1287
209.4304
250.7870
231.1250
623.2032
818.1651
799.8361
505.1819
119.8412
354.6498
564.1849
610.6219
765.4334
741.7467
899.3631
920.5631
599.7864
154.4331
65.5045
197.7614
708.8232
556.4152
128.5609
121.4223
140.8074
144.1409
82.2360
398.0426
692.1661
368.9588
166.1082
161.9107
92.0589
80.9745
66.5388
124.9724
571.3980
894.2082
785.2823
528.7126
266.8788
343.7520
86.1500
98.7937
235.5969
609.7762
717.0518
137.6153
252.0248
520.6770
257.6323
383.5275
930.6316
1032.4886
624.9379
312.2653
810.5754
496.1598
559.0525
612.0218
615.5377
798.1610
941.1588
854.5119
503.6832
174.0838
123.4519
368.9214
692.4806
434.3053
163.5068
312.8091
324.9088
280.7883
507.8359
725.7410
766.7369
442.0435
139.0938
277.2942
263.3070
279.4130
348.6346
270.9548
281.0153
651.4141
640.4434
254.0251
387.5569
501.5026
186.1749
631.1220
643.2521
432.0644
464.0538
292.3891
82.2954
163.7480
477.8526
280.0331
490.5019
944.9731
629.3519
114.4594
341.2487
603.2114
124.7166
254.8385
475.5955
380.3894
119.1655
372.9986
770.3926
517.5812
290.1487
448.5051
205.0223
526.3605
488.0063
78.9422
113.2665
413.0807
510.4034
195.9354
328.3820
82.6842
377.4316
553.4261
53.9822
93.9098
185.9512
491.3297
600.3143
232.6245
749.4986
617.8670
66.5552
245.6807
673.8390
782.3604
634.1850
88.2579
56.0033
35.6138
193.0168
230.4107
225.9007
375.1957
350.1785
111.1760
58.0393
169.7287
399.4359
56.0407
163.4913
638.9863
751.3306
453.4305
146.4663
438.8241
623.1711
197.2266
358.2457
253.4896
154.6434
218.8298
787.2850
632.7491
151.4624
259.1011
529.2246
202.3539
216.8964
607.5544
652.1171
132.7247
257.9113
503.3448
385.3570
624.7425
206.9794
462.4652
505.6817
226.5851
501.9250
837.9864
851.1665
558.9340
298.2599
786.0491
794.8496
419.2655
122.0190
486.7233
654.1431
378.4209
477.7684
237.4336
478.1656
224.3085
92.9702
205.7694
486.0232
220.5836
140.3875
546.5110
458.1994
160.0891
156.7270
51.9491
70.2181
198.5640
191.9283
91.1902
237.9536
304.6152
906.1817
934.3372
686.5517
351.5214
182.0283
539.1204
477.9200
293.0276
677.1639
470.2038
429.2983
422.2785
501.3652
861.2434
592.2484
190.1041
342.0914
512.9477
84.6350
241.5064
443.0366
197.1858
693.9369
776.9562
603.4614
363.1502
97.1778
117.8393
117.1001
272.5429
795.5993
701.4125
512.4103
465.2027
495.4594
185.7532
273.6496
56.5591
170.4054
235.2200
63.0190
286.1821
605.0745
354.0437
624.1135
729.5947
518.9275
311.6077
90.8836
241.8667
354.5300
82.2956
281.0631
255.2190
165.5123
97.0100
262.4300
1076.8460
1177.4581
1051.8871
530.1035
101.3539
380.5112
677.4831
484.2050
366.4166
52.6604
190.1014
368.9729
510.8754
593.6093
519.4876
495.5932
416.7006
185.8801
214.5154
311.8124
465.5861
394.2797
272.7039
116.4887
245.1353
451.8144
906.6084
750.2946
359.3413
170.3748
212.3878
287.8167
518.0518
525.1245
915.7073
935.5898
626.4356
356.7221
665.1651
423.7206
308.3970
120.7688
424.3644
468.4031
201.5101
251.5483
179.8368
203.1564
405.7978
494.7192
305.9108
548.3575
385.0026
622.7075
333.0462
411.3815
557.5254
116.5639
88.9361
234.1686
391.3769
218.2419
351.0745
458.1852
813.2142
521.0296
183.8469
355.0259
248.5145
69.1757
148.6882
384.7267
384.8592
319.9613
536.3527
401.8039
102.6410
143.0591
346.6175
678.6099
260.8345
75.8664
78.5173
188.4742
291.3986
237.4539
386.7366
189.8314
378.0161
741.7942
495.8857
218.6213
236.7373
81.3628
120.1588
234.4035
155.1172
274.6014
577.8939
536.8682
634.9139
761.5948
295.4361
285.6780
819.0489
1041.2008
826.1165
867.9943
1009.9153
1119.8063
942.1101
600.6321
172.7630
197.1536
383.7900
185.4010
79.5229
81.1729
477.1438
622.5865
139.1624
511.5411
846.5177
586.9073
259.3562
601.6595
429.0365
304.8405
524.8856
203.6361
368.9105
94.2877
269.5884
776.4872
927.6144
1029.0996
757.7900
496.6993
371.0663
721.6494
732.1310
888.4025
814.9775
718.2990
1094.8128
1015.5807
562.1337
156.5335
297.9973
243.7975
314.0125
770.8696
586.6415
112.5628
257.9781
155.9048
108.3687
74.2561
143.3121
204.1816
154.0108
123.4623
86.5567
287.2478
784.8709
606.7212
137.8419
230.9175
155.7350
147.5912
226.0241
533.7821
801.9861
822.9906
746.0912
472.3352
315.2761
356.4488
291.4101
564.6339
300.1110
268.7256
576.0563
853.7592
383.3165
196.5030
502.1273
373.9427
114.2166
120.4050
130.2495
334.5513
687.8548
501.1089
213.0582
354.0739
185.7995
649.3811
595.5783
85.7952
222.7363
326.1576
447.4063
628.7556
567.0591
370.6368
66.8885
331.7286
810.1064
640.3591
406.0783
513.6623
141.2887
180.7832
249.8514
700.6291
951.4045
766.5006
539.7066
386.6292
659.9324
536.0876
46.2429
68.7545
227.6644
432.8216
406.8766
327.1538
510.9886
56.4479
222.0772
230.8321
408.3921
794.2675
514.6898
228.4162
282.9963
152.3900
171.0941
543.1465
752.8745
237.4622
140.3505
163.6638
196.5291
291.3552
920.9793
946.7004
777.5832
362.0579
33.4565
104.5814
105.6249
59.6916
49.6700
124.9493
175.2026
390.6031
423.6845
312.5947
68.2285
49.6466
81.7548
127.9368
94.6530
121.2680
43.8359
70.8820
243.5242
313.3332
132.5398
350.1886
789.2622
555.7196
349.5479
100.5051
280.4164
600.8623
756.3220
548.0306
77.2810
270.0360
582.8093
652.0938
539.8708
131.3929
363.8027
551.7213
82.9742
160.5398
257.0162
312.1896
202.6557
166.6233
292.4509
605.2789
328.6004
314.5300
233.3581
258.8232
246.9682
531.9826
27.0607
149.0783
462.1527
402.8512
512.1909
366.1932
199.5161
94.7265
132.6724
365.4944
99.5746
199.5461
567.7620
600.7014
471.3771
774.2684
510.2627
153.9073
588.6588
730.7367
421.9874
187.2270
100.5016
236.9279
251.0820
200.5615
60.6248
78.1392
237.6092
554.6734
676.0223
608.5709
370.6147
238.3437
353.8002
435.8260
596.9553
165.5709
219.5545
349.0311
363.2845
489.0427
380.1603
692.7320
292.1825
230.6002
363.0364
299.3313
235.5006
430.5093
372.9789
245.3919
285.2311
144.0878
692.5414
725.2683
620.0428
483.7223
624.4001
191.9430
260.1372
431.8192
195.4579
424.6096
140.8009
289.7931
354.4023
638.1405
502.2166
539.9231
347.7810
528.0092
507.1206
417.0844
144.6316
649.1143
566.4869
138.7227
407.4924
778.2643
821.4231
712.5618
493.7989
81.4759
124.3833
293.9609
560.4106
39.3939
90.4454
191.0491
252.0584
142.2302
89.5952
283.9292
520.1451
821.3701
604.4340
526.1185
758.5122
608.0463
527.4575
78.6847
144.0537
277.7233
375.3951
124.2290
152.5616
153.9435
155.3401
156.7548
409.0059
258.1252
387.1545
158.0207
254.1880
383.3215
166.1930
324.0231
973.1774
1011.2343
731.9210
1010.9503
793.0262
681.8581
647.4413
513.3514
508.0793
252.2172
254.9604
414.2295
737.6847
381.4585
206.5542
109.0617
511.8964
706.1378
640.0132
595.7997
610.7961
918.7024
653.3515
529.9727
552.4682
110.8403
364.3297
549.6977
336.6827
350.0410
869.9320
696.4226
809.1920
652.3407
401.5267
537.8562
413.1125
404.0316
215.5524
80.7928
326.8842
404.6802
235.4894
186.1901
354.4449
414.7356
400.6080
290.1171
301.5529
470.6560
168.9938
129.1321
207.4997
191.9885
235.2033
181.8533
391.1170
443.5499
289.5880
84.3407
150.6132
234.3015
259.7165
640.2037
711.0398
468.0019
687.1994
375.0125
154.5842
102.6430
296.2379
763.6001
460.5676
138.5589
167.2170
161.2639
421.8946
861.4331
789.3253
527.8263
406.6098
122.5714
72.7114
443.2114
734.4793
455.6774
365.5176
449.9348
180.1217
493.5349
261.1395
449.4220
599.4397
253.4137
708.7890
918.3118
909.1590
970.7504
677.9748
488.5909
629.0879
313.6150
428.8550
52.0286
31.7436
273.4658
449.9698
115.8610
241.2598
124.3226
455.9215
541.8767
374.9775
647.7306
615.1366
766.9592
862.3001
588.6586
396.7660
514.3247
78.0744
442.9190
963.6479
642.0533
398.9979
877.4311
922.7287
687.7887
432.3542
779.3465
697.7993
711.1316
884.9135
827.2766
884.2016
745.6361
452.3565
347.4495
248.2233
138.2688
585.1313
710.6452
381.1255
337.7177
705.8518
999.9062
611.6135
289.1073
477.4219
856.4981
928.6532
1046.4389
951.0251
835.6476
556.1922
84.7277
541.7428
953.8477
775.4417
487.6468
66.4180
96.3412
189.6442
227.2707
589.3762
1012.4485
984.8591
649.9311
484.8267
324.1100
240.7697
255.7359
465.0909
728.5284
691.6965
409.2952
168.0361
688.2954
998.8738
620.8993
253.4713
251.0972
371.1795
236.3032
31.5679
112.9020
131.7563
294.0886
517.4466
100.4170
104.2686
336.1649
925.5037
823.4761
582.2190
275.2875
159.7808
425.7201
695.3113
543.4805
459.1003
198.9623
216.0412
94.2390
53.6280
292.3623
425.4120
69.3760
164.8358
252.0845
274.3316
288.7873
676.7488
388.3629
622.4670
431.3101
240.1918
550.0191
402.6173
157.0064
63.1841
159.7894
401.8352
386.0627
101.2480
355.2131
588.6279
626.6389
759.6257
856.7592
593.1769
86.9947
217.8460
135.6242
131.7471
337.7542
916.8696
707.2482
417.4046
135.2344
245.0302
289.5889
347.2867
513.2323
57.4456
83.1471
274.8960
447.3386
342.6312
383.8581
556.6300
633.4961
737.0061
661.1927
475.3622
804.6508
666.5621
442.5815
174.4577
431.6628
276.9607
209.7472
147.5038
165.9573
186.8925
378.0175
499.8856
693.4327
604.6594
836.4117
436.8433
145.9618
492.6260
533.4083
377.1733
645.7896
380.4273
479.5766
269.4096
364.7917
123.6925
205.9316
506.5292
390.9436
70.2901
84.6406
174.0373
319.1056
420.4387
411.6209
763.5516
674.4154
375.8693
78.8002
180.9669
219.8966
205.4853
415.3445
182.9976
142.0281
309.2749
378.8647
824.4640
751.0532
605.9335
381.7400
95.0238
92.2261
96.2694
256.8564
675.1679
618.5549
472.9805
104.3411
169.3678
440.0203
375.2972
569.6875
330.2737
105.4462
330.4918
506.6045
128.8005
423.5638
553.2194
389.1933
547.8847
508.9972
269.6842
121.3020
303.2649
468.1533
565.9872
596.2504
568.4073
254.8254
452.4178
504.6301
86.5539
217.3596
361.4823
151.2498
173.0282
287.4047
593.6101
673.9760
544.5821
675.4093
623.8628
494.5241
177.7206
542.0627
469.4878
264.3088
504.8173
1095.4282
939.8490
927.8702
655.3448
427.6057
698.1894
752.7986
838.9082
662.3949
480.0697
428.0324
539.4591
550.2730
164.6542
208.0822
361.3958
940.8170
715.6162
557.0925
231.4459
276.8011
892.9305
866.5647
553.1947
555.4855
494.3581
546.2010
45.0668
101.3967
341.0724
616.2650
484.8322
735.8025
353.3159
107.6452
403.1593
561.4252
417.7432
178.9519
393.4713
173.9941
131.4074
127.4783
254.4014
534.2993
358.9263
339.6380
82.3740
211.9671
442.5877
563.2067
717.5793
483.3229
231.8043
422.6717
447.5183
564.2388
212.7748
68.0573
39.6648
100.8204
110.0611
175.3835
420.5968
470.7435
235.8308
163.6927
106.0892
93.6796
141.1744
438.3996
575.9762
348.5562
911.7626
772.6381
388.7861
886.6209
604.7851
134.2713
313.2317
591.0614
751.4943
1028.7395
897.2148
715.0281
655.8914
532.4374
212.7138
545.1854
454.4565
521.2061
713.2337
363.4287
94.4120
262.7750
623.6291
583.0784
254.3659
307.4639
939.0872
973.0858
634.2216
148.5715
271.5036
380.1885
224.5507
620.7988
745.1734
590.0069
475.2334
360.1408
205.5826
131.0124
240.1551
568.4380
281.6624
145.0279
72.9744
127.5007
427.0863
440.4328
451.4174
574.4001
516.3180
487.9526
242.9472
174.3986
410.2917
685.2873
498.3883
866.5813
657.0046
403.5258
472.4669
600.1694
658.8350
513.4952
134.6572
157.7935
64.9854
102.6430
150.5277
242.8398
285.3866
499.0314
506.1328
91.6818
261.8999
761.5356
725.5073
647.6379
436.7089
139.0737
192.6035
307.3393
390.9624
659.4015
725.9047
723.6418
532.3795
740.3489
416.5884
100.0693
207.3723
322.4756
308.2737
338.8939
652.3220
676.7301
469.7065
173.9458
311.3087
406.2178
690.9147
823.1525
786.8265
719.3775
826.3311
686.3689
702.6087
959.2431
992.6489
947.7042
860.2380
674.4994
974.9671
912.2018
819.2619
819.2472
910.2626
862.3818
1002.7957
1044.1800
949.4000
797.9137
779.6769
780.7631
741.4885
500.9423
590.3137
402.6299
243.2812
341.0926
331.5834
679.4634
350.2147
280.2077
395.6624
768.4697
773.7641
878.8454
642.2668
442.6426
401.1962
435.9426
274.4318
505.7265
294.7733
400.9392
73.3531
183.2959
178.3404
135.2828
126.5817
400.2339
816.3643
706.9742
488.9202
305.5458
682.7550
750.0303
634.2233
620.9228
1065.2194
1074.1749
866.9654
558.3673
490.4765
739.0742
715.6740
547.8189
222.5109
139.1118
152.9262
263.0912
181.1948
216.5458
228.0620
134.8398
143.9926
362.4268
570.9573
600.2641
254.3418
223.5484
319.8460
458.0977
282.7547
150.5602
252.0970
375.2039
746.7699
712.2346
489.9557
41.6607
201.4541
439.7704
278.0896
516.8987
823.2919
686.6845
405.5710
293.7324
644.4782
648.5554
257.2607
441.2661
262.8593
103.1365
285.0866
531.7405
439.8045
785.1707
793.5298
974.5085
920.5349
893.2650
972.4740
897.3519
785.7731
447.5815
112.0493
191.2841
543.9590
855.7903
488.3717
112.3891
320.7153
458.0044
207.9367
159.0282
120.1699
298.1886
780.3138
514.6284
455.1367
643.0632
599.5512
304.3577
73.0979
156.3045
148.7996
149.5592
331.9077
500.6045
265.8896
717.9572
568.2462
741.0824
903.2636
1004.8849
986.5513
1047.8210
794.2953
335.3407
210.4746
555.9508
435.1792
180.9705
294.1052
325.0149
727.9593
981.7636
901.1386
994.4678
913.7189
798.4299
519.3109
262.4914
712.3535
753.9479
326.1512
297.6003
891.1052
1013.1286
629.7471
209.2801
98.6721
255.4613
432.5388
408.9180
120.7733
77.7665
135.1230
180.3444
288.0618
132.2578
320.1563
417.2735
112.9897
166.8374
207.2323
174.1377
89.1141
154.5661
137.8510
127.5885
235.6833
291.9331
588.9566
648.7267
249.2116
604.8661
681.2382
527.0477
342.9594
317.7031
109.4897
150.0964
302.4646
498.4363
192.1458
161.9118
28.9364
50.3716
165.4462
297.4139
428.0626
407.0638
420.2174
102.5372
188.4348
271.6123
346.6471
102.4978
116.2178
374.2400
1029.1387
923.3930
661.6350
400.1152
477.7345
745.3708
458.1936
215.7217
68.7078
144.5111
149.3538
245.2527
256.0794
456.1845
581.5031
79.8761
113.9465
418.6499
609.9032
125.8568
255.1291
348.5508
602.2598
551.0567
468.0063
540.3052
411.1118
354.4400
54.2501
381.1829
690.8856
518.9994
523.0741
789.9374
956.8909
1008.0740
921.0264
599.2088
247.8336
391.5353
256.9732
581.7444
749.1493
783.3753
551.4852
197.4328
448.5261
141.5110
265.4433
544.4031
604.4526
369.3821
253.1285
219.9026
279.9474
211.9288
479.1663
604.0561
187.4010
324.0630
164.6969
88.5457
111.8687
330.1291
722.1653
546.6996
205.6927
387.2355
664.9022
662.4782
899.7883
786.6430
484.1306
169.3824
84.9074
427.7658
916.7643
674.4495
340.0513
387.6208
687.2628
358.0149
182.6966
350.7067
465.9063
118.5466
303.7318
732.7336
590.4047
201.2685
398.7537
361.1504
560.8333
580.4874
250.9516
384.6044
869.6203
821.8773
551.6963
473.6870
740.1223
606.1842
545.8894
484.6768
148.3248
140.5330
114.4034
175.8978
368.8521
55.9332
272.7846
866.5528
784.9826
727.6227
828.8469
600.1509
181.0848
300.1892
742.1436
892.7107
881.0102
653.2018
272.1452
160.1374
204.5277
286.8312
359.1354
199.2173
373.3848
381.6032
589.9210
98.4648
132.7019
113.9952
248.6118
586.8187
204.1090
236.3243
426.7270
45.1386
203.7266
429.8103
377.4640
122.1789
156.0683
632.9608
579.7649
225.0969
808.6228
890.0532
850.0588
975.6227
911.3658
813.4336
824.6547
909.3608
892.1652
830.5894
738.4280
713.1006
551.6682
303.8488
306.0286
108.3919
226.6183
220.3389
408.7462
871.5717
1022.1018
1028.7338
758.9563
926.6994
628.0246
129.7842
238.8822
273.0739
738.6503
695.2408
436.6097
90.4957
320.8314
942.6120
793.6292
643.3309
539.8695
249.7335
209.6410
484.7799
789.5566
530.2499
481.3795
429.8064
196.4465
223.3489
283.2014
556.3353
192.3720
600.0925
857.1258
784.2257
583.2450
269.4124
748.9497
497.7254
82.6889
245.5787
213.2289
337.7025
896.0334
847.5557
851.5416
862.9287
802.0290
753.7793
420.5938
59.7789
248.8730
624.7982
838.6760
910.7379
668.0698
166.5478
150.4080
420.9101
430.0544
481.2459
539.7207
396.7712
899.7225
696.4874
277.1125
420.5098
629.6153
754.6467
654.2958
423.1945
219.6992
247.6834
405.2374
167.4891
172.2077
600.6633
896.5692
1007.2867
1088.0645
1065.1669
629.6614
477.9852
581.8321
533.5177
149.5381
252.1883
840.3520
884.7164
775.1351
545.8744
322.6768
265.1670
816.1467
800.9449
772.3718
546.5794
611.3914
851.4946
594.4963
166.5040
176.3215
286.2832
442.1115
432.4649
904.4253
744.9562
765.3351
576.0722
136.8250
230.5905
468.4244
408.9105
443.5594
785.0993
417.6670
115.4255
405.0880
653.9098
873.3458
849.1172
598.8483
545.7805
989.9694
885.1379
872.1987
948.8942
882.4180
766.6095
603.3249
350.5122
155.3487
265.3142
275.7334
160.8148
144.9388
539.7230
880.7461
814.2667
643.7146
910.2462
937.0255
698.0346
738.5040
660.2256
784.7182
857.5474
557.9294
129.7155
196.4997
246.8221
187.6716
111.6521
278.8702
822.3577
828.9124
794.9835
899.5075
901.0309
554.4913
268.8000
149.4203
525.0910
888.9848
870.3313
947.5119
896.0609
776.0527
796.6727
1001.5027
898.1136
666.7031
221.1280
138.3782
222.0047
286.8408
455.9283
333.2239
156.9512
179.4379
176.7064
319.6381
679.7870
386.0132
398.5997
576.5643
222.3118
52.7006
94.0615
459.8469
906.9581
963.0101
679.0792
418.7290
258.8301
609.3370
860.1380
837.9408
839.7860
721.8581
176.6667
260.4667
501.8474
229.2983
226.4606
187.7406
246.2141
437.1423
415.3402
501.8815
130.3176
102.0110
90.0724
232.4281
416.0400
44.1293
293.0817
918.1334
548.7148
271.2890
276.9886
186.3165
373.2210
89.3316
271.9595
844.4394
973.7774
1009.9756
815.8480
785.4703
638.4087
276.6154
268.2212
288.8916
266.7309
211.4365
172.9972
360.4911
466.4943
519.9481
512.0899
224.4858
200.1204
82.8292
362.1334
556.7425
392.0230
203.7473
527.8550
627.0334
419.5567
474.4848
215.2370
95.7157
265.7468
535.6787
594.2552
636.5780
168.0360
296.1794
136.1561
84.3076
207.4686
317.1829
266.6808
361.1507
149.4068
184.2275
141.5299
202.7867
132.4698
101.1259
129.6826
308.4414
430.6140
73.8875
499.7642
839.6914
563.2528
142.7157
464.8061
724.4320
432.7969
544.9444
650.0366
537.3666
96.7221
79.6534
138.9967
496.3661
444.4273
168.7475
473.7353
565.9006
167.3946
130.6536
207.2595
309.6214
518.5400
965.8575
790.3359
461.3008
252.3526
667.8337
866.5351
634.6573
510.3229
1126.5335
1176.5462
596.8047
290.2981
425.9498
145.2652
192.9487
418.3018
778.2615
734.6261
946.9298
654.7583
611.6531
199.1908
518.7512
973.5138
748.7843
706.8931
657.7356
649.7334
78.9174
111.9826
187.5352
160.2101
360.2404
511.7955
104.1043
165.1141
375.7390
688.7664
253.9481
347.4707
824.9556
676.2896
342.3911
120.2021
303.8395
399.8438
184.7886
449.5382
515.0543
504.5270
342.4683
185.3002
371.3565
488.8991
706.0264
998.7779
911.7390
842.3401
536.4009
104.2146
248.9161
501.0768
482.5557
88.4086
174.2235
144.6569
132.3656
183.0300
204.0971
223.9900
140.1684
394.6923
650.5564
896.5415
604.3421
217.3531
380.1734
548.1432
116.6432
263.3948
432.6153
113.7094
84.4472
294.8442
703.3493
307.3810
343.1127
474.3875
159.9658
403.8711
571.1602
445.4627
265.7955
418.3075
525.3482
223.6503
159.0571
135.0192
321.7562
821.0719
678.2160
325.8934
237.0997
333.7743
98.2140
247.4870
803.3993
717.5897
449.1923
112.9432
123.9351
103.9052
446.9022
694.3655
590.9914
464.2349
490.9154
517.4465
602.6338
86.3780
159.8727
518.4150
513.0867
642.1551
566.1417
302.0765
491.5039
289.2028
440.9707
279.6286
337.6285
441.9964
319.5974
165.9453
218.9011
392.6539
434.1572
36.7545
407.5129
645.8597
221.1323
446.7596
887.3895
635.5889
185.1110
537.1803
656.9931
443.5236
155.1946
115.5561
350.3792
829.0723
628.4943
195.7622
221.8741
211.9620
290.8613
834.1215
802.6699
471.7754
556.8335
428.1998
437.3462
140.1584
257.7774
371.6054
106.4749
266.7302
219.5853
359.7393
260.6121
301.9062
335.7331
873.4300
624.3279
169.9074
153.4219
122.3673
136.4218
400.7083
537.1726
87.8893
186.2804
248.3609
88.2559
79.8109
217.1544
903.4230
919.5500
875.2033
777.4693
973.1544
912.5367
618.3952
100.2995
209.4492
351.1133
558.5186
559.0338
1031.8585
1124.7221
926.4420
532.3545
120.6330
670.8795
624.0572
197.2951
298.1771
872.9242
990.4590
1011.1625
897.2592
676.6442
419.9987
437.4845
424.9273
234.0583
499.6932
314.1167
517.6541
289.9265
445.1805
427.5709
57.0574
160.6571
372.3635
364.2452
853.1331
856.6075
895.3350
589.2892
376.4561
724.6074
304.4342
137.9477
321.7039
497.9593
608.1775
413.0888
920.3869
685.8749
533.6429
866.7835
881.2887
720.7009
314.9833
273.3911
316.9562
261.9080
66.0923
252.3484
852.2627
1062.9175
672.9041
251.5831
329.9684
426.5096
512.2392
908.3628
622.9635
288.8564
249.9108
463.9967
786.5045
916.4600
533.6789
290.0769
823.7935
781.8878
503.7393
332.7044
898.3118
950.3894
902.7343
554.9898
392.6601
584.3797
151.9503
355.1472
565.5679
299.4557
352.7418
110.9085
172.4086
392.9972
373.1582
283.8065
39.4124
222.8591
143.6639
145.9746
331.1602
587.9377
546.2020
874.4923
603.8073
292.5825
277.3629
614.4801
688.7231
654.8331
383.8133
385.9101
205.4681
386.9099
131.1129
71.7105
169.2735
428.5073
556.4381
111.3674
118.9051
241.4510
504.0459
369.1064
849.5793
592.6710
525.1748
785.7420
754.2132
701.9461
274.3529
109.3154
213.7161
765.2144
662.4426
865.5863
1015.0372
841.8115
616.1489
255.1229
129.3974
197.7269
463.7056
445.4115
207.3791
97.6690
237.5569
227.1594
252.9567
169.8020
587.1119
746.4646
690.4517
613.6517
114.4235
195.1894
335.0481
477.6537
444.0801
583.8193
77.9740
435.2966
1111.2934
953.5999
920.6181
803.4731
523.3232
183.0671
146.8176
277.3093
346.8079
685.0681
677.8988
987.9007
1123.9659
1093.5186
951.9558
507.2423
370.9849
565.0719
336.7964
892.3923
626.3892
476.0178
852.1225
773.8517
735.7091
858.7215
657.0813
315.8470
93.4150
73.4414
213.4055
336.2388
185.4862
213.7766
702.9401
700.6069
257.0094
561.4695
919.2989
910.8213
703.2773
744.2705
735.2091
497.7152
249.8706
318.0035
46.0550
114.1101
487.9918
681.7707
317.5360
364.5891
400.0222
535.5294
373.4826
587.8223
294.9069
70.5716
125.3619
215.6407
335.7329
268.6714
129.2497
264.2766
728.7406
493.7863
117.1216
98.2684
150.1396
218.7824
135.0044
84.7714
87.4069
169.5380
179.1004
311.5236
572.1424
201.7889
179.5015
176.3422
138.8797
232.0417
209.9395
340.8561
265.5180
659.7362
589.0742
659.7591
569.1059
669.1790
926.4547
1049.8564
761.8069
534.5770
126.9825
254.6779
383.7875
163.9550
143.0706
234.0529
311.1474
534.8859
293.5452
110.3400
105.7822
303.3395
695.4402
667.6612
560.3569
359.6281
839.6159
873.1834
882.3062
935.1331
817.6135
509.9408
280.5256
527.6346
372.3494
116.6216
185.3017
459.4879
293.5656
70.7513
79.1788
215.2190
146.8440
167.8281
402.4694
398.2204
1054.9527
1038.1712
1030.3301
902.3784
732.2762
661.0832
684.9783
452.5774
557.9143
529.2778
442.2991
721.7537
771.0546
794.0626
854.0727
620.7163
212.4862
598.4003
776.0981
690.6982
688.8152
587.3904
383.2759
797.1715
886.6960
679.0348
507.2247
790.1251
1100.8735
926.4733
1001.3333
908.0928
943.2426
980.9075
566.7065
415.6417
850.4096
949.0038
701.3198
399.1307
119.1344
287.6119
176.2007
479.2087
657.1873
368.9627
816.5803
609.1569
94.9457
222.8116
485.7491
291.1142
190.0277
510.0608
596.0319
343.9869
278.9764
413.8555
504.7192
606.6837
118.5038
189.9212
267.0437
236.4752
720.7831
781.7636
553.0548
260.5250
313.5522
358.2469
226.7712
219.8300
270.2763
482.8271
315.6194
476.7748
724.0025
536.0806
230.7005
302.3045
568.1492
132.9051
537.1850
751.7222
673.2547
692.1731
868.1999
1010.5146
776.4576
361.9609
320.3973
142.9464
159.8189
283.1084
240.0995
314.9543
492.1524
322.4222
576.3530
358.0858
285.7796
757.8226
730.2645
606.9511
299.4773
210.7492
206.7675
24.0580
43.1841
196.3730
378.8762
599.2755
268.8917
796.2991
682.4354
333.3520
543.5762
95.4674
233.7702
543.6856
451.2404
330.1626
553.9629
719.7427
648.9211
389.9230
218.6345
497.8982
514.4308
579.0932
452.7849
447.2658
574.4285
672.5085
590.5233
66.6794
258.5844
398.4504
70.8087
113.9583
474.2830
850.1523
657.5469
473.7886
138.8888
133.2663
338.4527
678.9877
472.5296
702.9219
728.6860
618.3269
491.7877
139.9780
91.3601
204.4813
795.1043
989.6909
940.2294
748.9305
561.8603
477.8581
231.8744
358.8724
169.0527
353.1952
770.5162
701.2557
689.3328
354.2937
102.4912
227.9669
890.0821
900.2525
499.5314
87.8312
95.5444
103.3962
122.9584
291.5247
230.9768
113.3208
155.9973
306.4641
528.9057
189.4780
48.2127
162.5240
660.9857
600.9202
116.7408
236.0006
382.4363
643.5281
655.5451
104.5390
116.5414
279.0000
480.9685
461.9103
784.7002
993.1844
891.4701
769.2141
559.5958
137.7528
233.1013
573.9934
577.6687
308.2286
125.6208
121.1968
224.8805
267.9978
130.2916
418.2999
1037.3151
844.2079
727.9108
793.0527
764.1153
365.1292
133.1032
89.7185
422.6017
715.1116
383.6279
458.8971
211.4330
502.0898
593.6740
682.2356
626.0386
632.6772
139.7844
186.1509
395.4431
710.5181
608.7870
316.0072
342.4913
889.4650
626.1048
204.8009
543.0460
327.0266
264.3557
508.6791
684.0127
329.2273
650.1772
1097.8564
1172.1565
1136.1942
952.4751
837.3892
644.1635
444.9041
388.3108
504.4799
140.4444
84.5086
67.1280
299.3685
616.3260
372.7447
525.7281
499.3408
768.8046
888.3445
1046.3950
800.9787
753.2859
630.3946
610.8160
683.8459
624.4777
565.2595
225.8350
263.8728
597.5826
685.7215
262.6854
282.5826
557.6437
332.7138
269.1726
169.5331
328.3872
912.4799
616.2444
218.2581
336.2884
135.4941
98.1270
322.6359
884.3405
836.3719
506.9732
87.1691
155.7061
817.9691
883.7958
379.2052
264.0582
69.9441
34.7194
88.4063
84.6650
183.4325
215.6070
247.3317
453.8763
831.6074
829.0214
318.9155
136.8715
233.1069
283.3828
237.2323
375.9212
739.4853
615.9326
294.3174
140.6308
204.3374
155.9509
145.4130
66.6033
64.7539
124.8795
351.4998
773.1973
566.6645
460.5890
591.6098
540.7828
446.6789
214.8197
139.3682
390.3179
624.2809
653.6062
848.0709
1067.8499
1019.4434
859.0916
749.9804
645.1724
267.2850
295.6775
718.9577
482.3127
186.8482
415.2182
84.7556
227.1230
395.2363
372.6570
866.9687
909.9264
686.8421
383.7765
513.7960
381.3940
230.2991
555.4505
316.7879
476.9121
87.2215
167.8271
113.7947
413.6321
1013.4630
716.6494
511.8979
1008.4881
995.5200
696.5391
796.4310
615.5823
400.4706
987.6026
732.8111
685.9030
787.9679
780.6828
946.9609
963.5073
803.5674
678.3338
734.1352
835.9808
541.3142
461.3173
558.2694
723.8429
396.9712
111.6400
273.5883
412.4438
268.6515
713.9104
623.7942
474.1485
498.1452
115.0487
152.1183
397.8985
574.1047
266.3108
484.7074
310.4371
730.6004
713.6987
543.4591
75.3805
55.5801
126.8184
262.6347
494.1447
153.1827
330.5717
145.7234
136.5911
141.7716
223.0960
339.3737
687.1137
439.3473
137.4024
126.2288
409.9268
813.2404
779.4295
1075.8458
730.5199
653.5285
539.9867
258.4860
358.9438
727.1166
671.3954
218.9817
239.8631
114.0097
282.4852
247.6229
446.2861
630.0675
558.7186
297.4644
395.5734
667.2171
252.4047
454.6652
803.5768
437.2917
180.1394
461.1283
677.4758
590.3352
303.2408
134.6695
511.9329
820.5864
668.8094
378.9016
176.5847
612.1916
629.4400
215.0644
139.0467
107.8834
496.6567
701.4306
641.9972
790.4771
571.6579
311.2080
770.8865
594.2309
184.7622
189.4730
156.9985
263.4852
802.4487
562.0522
162.1405
384.4741
831.1409
894.9294
691.2727
443.6190
390.3004
510.5618
223.1217
436.8459
418.7947
229.5410
374.5571
511.0865
255.0292
310.8353
305.0613
456.2330
667.6664
346.9620
852.4994
708.1030
424.0275
169.9120
93.6160
200.2452
345.3311
194.8647
246.8601
648.6782
707.2700
308.0040
122.8150
237.9097
551.5799
604.7306
333.1872
871.0581
1111.4382
813.8114
432.2404
373.2994
721.7810
1164.1715
892.1023
829.2190
817.2103
642.9370
442.3030
746.9322
530.6113
281.4602
524.1151
524.2149
941.7519
1067.0745
954.0433
764.5456
542.4602
460.0949
185.1236
496.8372
571.8942
554.8705
447.7134
369.1761
245.6091
175.7210
128.9732
170.6654
57.5420
439.6361
595.3947
145.6688
312.4020
305.4280
327.4887
191.1372
278.7320
210.8281
290.6624
443.2434
680.3361
486.8464
347.2504
128.2913
128.9855
160.3993
238.1512
259.2321
68.1782
177.4387
437.3691
547.5794
351.4166
467.1960
884.7379
965.1311
973.3321
826.8115
492.8317
146.9691
573.8126
585.0062
343.6730
525.7940
232.2827
483.0737
573.8462
224.5312
460.1140
511.7501
492.8624
203.2351
204.4871
698.2861
761.1848
570.3248
795.3574
788.1736
368.7313
315.1876
535.6986
108.6517
464.3124
938.5226
709.9318
231.5425
68.5815
109.3153
180.6593
771.4356
1086.5029
940.9643
825.9366
561.1557
326.6320
303.5694
517.5143
151.9279
230.2543
375.3306
744.2087
387.9424
397.8827
546.5452
217.4978
320.9976
277.8565
765.2668
648.9272
452.7729
126.7913
170.9322
303.0726
573.9192
279.2488
629.3873
725.6583
520.3112
276.6745
216.3239
383.6885
115.6130
149.0653
98.5520
218.1355
353.9137
197.8461
365.6343
109.8112
184.0484
392.6831
657.2521
484.6302
586.1858
535.5711
965.5165
841.4311
564.8167
450.2515
739.5252
686.4440
529.4630
250.6507
181.8626
360.1494
578.1667
256.5070
921.7586
1004.0992
969.3136
930.8769
675.4229
334.8754
295.5052
303.7169
521.7386
189.2269
210.2809
558.7978
631.1693
271.2816
157.8227
156.8877
395.2158
721.7658
289.6022
594.3167
471.4151
217.7588
807.6126
932.1585
687.1885
146.4077
370.4702
1004.4434
888.1642
634.8001
215.4388
244.9684
398.3258
490.0672
451.3813
148.0014
286.5682
639.4546
422.5734
546.2693
550.9190
828.0215
685.7121
564.8339
412.5938
364.7913
829.1449
734.9532
424.8016
120.9457
198.5265
163.9664
290.3488
658.2789
797.8165
511.3445
209.5950
521.2962
578.6737
481.2982
1022.9707
793.2892
675.0083
840.2975
738.5291
724.3924
499.7023
20.8053
136.8642
155.8614
179.3380
158.0334
151.7624
206.3455
538.5620
512.3196
137.6867
169.9186
773.2093
945.2989
733.0279
507.8413
391.1944
603.0226
442.8085
293.7664
173.4259
306.1948
568.7333
774.9451
440.9177
294.3657
561.9525
487.3423
540.2951
886.6692
804.5302
696.0773
640.1301
1079.6455
1169.1004
1211.1957
612.4369
137.5039
252.9885
498.0467
950.7917
627.2685
102.4502
120.4896
115.3113
116.0804
219.1085
131.9227
202.6327
566.9586
534.8753
460.0144
619.4776
310.9510
159.4181
122.9477
99.1797
137.3846
304.1351
614.6554
371.9602
241.1064
400.6558
300.0029
464.4504
551.7112
320.1765
371.9693
360.4885
277.7741
583.3880
778.6439
630.8070
294.7866
181.4081
332.6806
405.2051
777.6716
1052.2059
864.1526
832.0106
1040.6539
897.6388
894.5686
734.2266
746.9671
924.9788
587.0828
78.7363
266.6185
430.0711
159.8636
323.4972
505.4526
227.5088
424.9290
201.8475
280.5142
331.4145
303.6736
674.5781
846.3788
627.7360
847.5597
784.5391
531.5278
228.1968
243.6563
302.1458
859.3827
947.8158
900.6493
514.7577
377.2947
808.4863
644.0456
291.1680
38.5335
382.4516
703.7729
342.3308
627.0371
724.9978
613.1379
288.7160
659.8176
475.9293
427.9538
481.8921
95.8647
275.5071
330.9046
375.2972
185.7264
684.3140
824.8808
579.2139
188.7519
284.4453
664.4512
466.0943
153.7608
344.1742
624.1118
392.3527
531.0004
713.0390
385.8367
209.5771
171.9042
339.5633
495.0466
213.2748
395.4702
50.4588
303.2019
469.2676
132.9144
332.3800
627.6235
247.5354
372.7376
468.3347
220.8834
477.8494
143.3879
307.8142
281.6520
169.7203
559.6920
556.8150
194.9200
851.6801
832.3787
489.5826
287.2309
771.1084
840.8785
604.6999
554.8868
972.9064
970.3426
1117.2794
688.0309
282.0985
443.3344
379.8780
692.5129
585.2264
549.1313
720.5395
480.1298
391.9173
163.1624
82.9635
188.2408
467.6187
342.7119
581.1213
332.0126
659.6859
933.4619
867.2016
680.0985
595.8417
595.6089
556.2311
429.6694
547.9028
720.3253
628.9099
709.5283
803.6777
945.3537
949.0467
739.7277
709.2006
944.3215
990.8015
1065.5403
787.1517
758.1424
475.1421
24.4624
76.2451
374.7176
654.1427
366.6017
487.4665
989.1227
563.6913
147.1179
161.0209
185.5234
467.7315
1035.0380
940.2583
947.9271
760.7232
518.7149
297.7069
217.5148
712.8418
867.0360
617.5908
55.9570
351.2910
521.9758
53.8133
353.7819
630.4971
991.3299
669.7152
153.6576
348.6892
542.3497
100.3653
311.1028
393.4377
648.1649
322.8275
618.0707
1049.2653
920.6955
811.1530
539.5789
68.0613
240.5755
242.6264
183.1538
397.7534
262.2372
126.3420
268.9284
434.5700
844.9898
539.6373
194.8963
303.1006
311.9234
282.7396
245.1501
456.4991
132.5573
385.5501
541.9590
704.8832
690.5884
602.0235
180.1382
69.4627
179.7901
116.1315
102.9478
126.5429
134.4041
209.7686
148.5051
361.7358
831.1982
672.9757
466.9380
172.6897
98.2857
403.8701
491.9389
117.3704
201.5974
309.8198
145.1698
77.3914
169.5948
523.8420
875.2954
646.8395
610.7403
636.2720
335.5905
679.5258
378.3967
86.8778
62.9765
40.7081
109.4449
348.2852
320.1926
168.8156
133.3050
159.0532
102.6278
418.3551
930.8634
683.9697
247.0888
141.4630
115.2154
230.1770
166.6687
504.1328
548.1826
95.9607
218.7149
849.1516
844.4580
942.6200
856.9445
867.2368
900.4032
891.0371
750.5207
430.1067
163.3777
214.3026
373.5226
475.2743
450.9084
131.4275
142.2765
421.7812
568.6772
413.3251
367.8215
152.1234
211.0422
365.0240
1021.5501
1035.0321
1042.0460
936.7501
977.7907
905.7773
751.1438
560.8911
439.0892
570.8926
227.9286
161.2650
195.9951
139.2099
91.4805
107.2046
204.8842
285.3131
186.2844
152.0044
229.7295
718.1487
1087.7564
689.6543
185.1986
347.2110
842.8276
888.5308
1030.3016
1164.8413
1044.4662
1160.8433
917.7440
767.2414
905.8674
978.2371
779.9877
555.6069
619.0635
752.4773
527.0267
237.1074
460.9071
156.4545
72.7988
57.7066
145.5257
307.3127
113.3563
340.9838
524.3700
207.6808
294.2370
494.7801
490.5413
616.7403
776.3898
922.3677
595.3883
290.7822
578.8464
477.8810
477.3068
300.4999
221.8755
613.5673
1019.6113
853.5164
930.1539
885.5881
979.5041
939.9838
521.4273
95.5153
169.4686
207.8654
387.6435
147.8551
228.2130
277.8152
513.9697
774.4620
1076.7676
955.6995
733.8584
710.2266
929.0844
739.3828
778.7557
835.7113
851.0509
787.0331
867.4328
912.9027
634.8247
444.4810
894.8296
1062.5512
1163.2683
1222.6524
1012.4088
646.2337
178.6739
221.5316
125.8256
158.6560
280.8989
715.8332
601.0265
260.6796
372.6114
593.6033
338.1144
532.2812
302.2528
338.5442
114.1148
71.1254
259.9933
611.0212
259.3912
282.0287
532.5784
181.3675
248.1145
516.2530
604.0059
417.6318
525.3322
795.5706
778.0144
737.2559
721.6173
546.9788
429.1374
753.3229
899.1009
923.8066
524.0740
21.3783
106.2491
369.3097
829.5703
1011.8536
1072.6818
942.3563
554.0612
313.3797
451.8611
292.9330
742.5193
495.6953
68.8492
208.9861
165.3896
141.6177
171.8406
325.4599
243.0449
706.2492
678.5989
458.7774
784.9143
789.5307
802.6879
629.1944
287.9189
370.2845
1091.1485
1038.5939
1079.9704
1074.4520
671.4066
539.2999
802.0031
505.2042
405.0599
879.1028
1080.8128
901.8792
576.4754
400.3139
348.2696
205.8450
191.8079
62.5184
276.9441
653.1553
456.6821
433.7315
149.6374
261.2187
249.3794
205.2794
399.3391
578.5294
138.9419
312.3384
537.3910
907.6602
837.1217
513.2648
687.9937
974.6285
744.3631
526.3144
328.8980
436.8056
156.3311
112.7221
405.2514
814.2322
995.0769
1130.4536
1069.0897
976.2545
748.7921
498.6610
166.6802
324.1671
226.8695
324.8784
527.2540
279.8276
575.4153
403.5355
146.2058
467.4228
947.9261
526.0013
426.6533
737.5958
501.5244
254.7305
352.6570
216.2589
374.6917
472.0997
123.0956
88.8141
257.8867
452.5989
92.6597
291.4688
429.9895
461.7560
519.0642
129.3283
94.3479
299.3004
624.1722
919.8891
868.0587
730.1604
333.2037
98.3694
147.1904
137.6174
172.6501
171.6850
153.7894
393.8906
644.8921
232.1983
108.5193
411.6231
793.3583
799.8641
829.1887
671.3886
261.7734
108.1352
223.4045
259.6930
357.0116
300.8504
842.0160
685.0613
162.5603
297.0782
541.7322
343.7194
444.6674
182.1334
262.9048
342.1727
557.8614
227.3372
860.0156
1024.4811
853.5085
851.2347
771.7091
580.2694
281.3713
37.6909
275.5196
516.8585
160.2968
280.6406
118.8245
145.2924
215.9732
386.7630
360.8066
205.4643
242.9556
233.8168
392.6395
818.2390
887.0262
597.4924
53.8670
44.3037
64.5827
316.6061
403.5357
326.1580
444.0053
243.4448
168.9891
178.0968
240.3861
170.4978
59.5198
487.4112
884.2171
898.9885
948.4211
868.6670
500.8991
386.5794
161.7599
454.5618
651.2957
338.8092
599.6616
813.0347
685.9304
580.1520
489.1830
342.6988
326.9023
513.9046
159.1637
729.1238
647.3515
243.7668
489.3012
788.7114
746.1850
561.6244
365.1464
701.4047
529.7374
290.6337
567.5766
890.7588
558.0086
150.5394
640.2448
600.5826
423.2158
82.9357
297.8340
663.2877
636.1803
441.2732
179.4412
80.3765
173.8017
432.8184
447.4342
393.6676
520.3172
160.2907
137.1716
184.3889
396.1685
441.9338
504.0448
353.2240
139.6308
398.8982
564.7816
414.9036
577.6615
49.8109
66.9249
138.5974
105.2018
206.2748
734.4740
807.2409
663.0172
542.0350
480.6383
226.2099
70.0045
162.5557
373.6310
219.3760
140.2233
266.7860
405.5463
970.3402
824.5697
481.6129
352.6714
506.8280
792.2558
911.2918
697.7921
845.0101
1039.3868
884.7145
910.4180
957.3467
616.8876
191.2316
276.9667
156.0912
236.2632
187.7448
368.5075
364.3643
618.6176
689.6991
487.0247
185.1834
195.1017
331.5258
525.0976
135.2105
121.2145
176.4701
238.5676
249.4441
180.7386
174.1450
282.7276
235.8047
457.0527
257.3172
267.8367
270.9367
568.1603
278.2074
280.3858
140.6692
187.3095
359.7812
532.1762
736.3019
633.2449
691.4809
629.0042
474.3942
427.3128
844.6814
643.5181
407.1979
184.4340
412.1418
890.0176
917.4032
857.2687
735.2745
644.3761
394.9957
193.0966
419.5309
671.9055
857.8976
654.6864
710.3578
779.3169
659.7976
486.0058
139.0789
101.7928
96.7789
372.1857
548.5164
484.9655
645.6018
122.9886
155.1760
312.5709
541.4211
189.9593
908.6295
1099.5801
1068.9336
1032.9154
897.1854
842.4822
850.4829
1019.5979
1181.7754
1036.5072
933.5615
761.4256
863.0378
655.1630
261.4598
242.3619
408.0524
208.8573
180.4761
312.2439
262.2775
570.3459
400.1907
197.7689
265.8037
660.8076
679.2531
786.0303
577.2258
91.8420
451.6301
813.6098
620.5268
341.3983
539.8522
496.6819
464.0312
148.9793
314.2611
121.0921
163.1979
189.7618
272.0532
179.6259
104.1824
331.1578
636.5861
537.2406
301.0836
426.8925
92.0159
63.9298
119.4312
181.1936
402.8296
800.0749
1043.2155
964.3751
806.1495
512.3154
131.1483
347.2216
91.5756
137.7644
355.8934
127.6218
58.6332
106.5997
104.0380
160.1442
331.2600
834.7704
984.4185
1048.9220
1105.5218
853.7829
581.5160
202.8413
149.7973
394.8995
392.4027
245.9041
527.0550
279.6910
475.3239
911.3896
884.3324
1000.4440
896.9657
840.7011
1004.3147
1050.9342
840.3892
830.2228
973.1211
758.7229
509.2638
401.5876
739.9190
784.6742
743.7406
544.9035
393.2350
802.2914
771.7462
599.0235
379.8389
444.2191
117.2838
543.4849
697.7249
478.2349
620.1066
552.9854
323.7589
393.8250
386.1670
241.6443
286.9927
529.8849
578.6936
212.0982
111.4534
433.7572
353.6557
809.4113
924.7139
573.6614
206.9702
300.2048
317.7809
334.9915
105.3793
314.2658
213.1181
151.5274
308.0078
785.8418
1092.8380
931.4084
610.9193
511.3970
588.2234
41.2321
52.7633
102.3462
107.6348
89.5420
151.0637
189.6101
96.4171
341.1274
548.4881
52.2982
309.5779
884.1894
950.1881
757.0076
730.7329
752.3763
659.6879
420.7003
149.0217
322.8508
559.1519
895.8525
975.3092
954.2616
677.7143
203.4655
276.2456
178.2198
69.8737
212.0310
468.5798
403.7790
300.1980
405.9776
115.6383
305.5842
415.1794
622.9387
454.7602
217.4366
229.5463
402.8683
628.9662
574.6011
879.7382
741.8504
655.0410
644.1608
625.2844
458.2469
443.0363
464.1473
679.5545
700.1715
1086.9283
1219.8586
1108.8492
857.6402
623.7663
253.9400
218.4560
514.4743
501.2995
406.3473
266.9873
280.4388
329.7374
716.2104
802.1199
586.4967
105.4682
646.5274
727.3332
508.7807
824.8697
714.0617
439.4058
177.9342
250.6589
386.5052
780.3056
297.0522
102.6269
109.7798
238.7033
191.5404
270.8196
614.7558
569.2319
517.8943
238.8268
205.5856
476.0193
498.9647
88.2739
173.5035
326.2907
420.7121
427.3504
242.2807
359.8269
153.1001
781.4735
853.4940
549.1581
383.7846
275.1660
866.9850
856.3630
631.0847
335.1811
691.0312
546.7668
234.1020
112.9527
78.4407
273.3198
543.4347
700.7501
553.7771
192.2184
318.6242
340.0559
480.2190
102.9212
165.4473
213.3683
123.3957
483.8642
861.4159
1058.5795
1087.0490
916.1429
623.5045
492.3922
434.9802
140.3196
210.1505
411.1765
665.5703
827.7565
757.3215
717.0349
523.1598
469.4697
982.3579
972.5027
1118.7367
1018.2407
647.4597
109.8831
448.6032
803.3351
538.5295
801.8427
526.4565
466.0782
496.0436
299.2192
182.8299
505.5847
530.1613
615.5337
735.7506
972.6604
1074.2575
1022.1513
960.1105
884.0980
822.9592
523.9173
267.4796
428.6971
147.2729
182.8613
234.0006
711.6508
798.9659
886.0930
603.6043
233.4117
72.8199
93.1312
369.7961
714.8831
380.4398
658.8762
474.4895
308.5477
247.8854
143.9999
451.3780
740.2876
823.6250
615.9200
354.4972
794.0576
488.0249
134.6730
139.7129
151.8860
446.6959
771.1821
749.8240
574.0006
271.1907
493.0629
476.8599
581.3262
119.6368
292.4067
178.2685
533.0213
932.6275
829.5031
538.5959
72.8678
299.8956
202.3719
430.6338
589.9054
31.6679
101.4107
282.2348
409.0560
427.5964
655.5830
175.0746
403.7640
715.7128
527.2869
415.4655
715.7841
550.5192
479.5590
136.4861
315.9428
259.3732
48.3227
230.2936
378.8108
312.2984
515.8028
137.0845
254.6179
447.5569
93.9218
129.4937
315.6966
549.1807
222.1327
124.1079
180.8241
336.6381
903.7807
930.0329
506.7962
310.8943
675.2554
380.0382
614.7156
819.2971
986.1046
725.9286
252.1320
340.1370
826.7717
1063.0863
1165.1970
1082.5456
917.1651
780.3969
785.9440
831.0955
737.0702
663.4311
568.8079
675.6318
835.3446
613.2232
140.4480
192.3940
202.6210
627.3939
726.4942
712.2962
652.2802
434.0840
640.0528
454.3810
370.6394
618.2844
535.1990
246.3944
212.4463
234.1910
423.9086
198.2980
247.4797
409.4846
47.1736
178.1488
418.3525
515.6952
282.0936
49.6263
63.1582
161.2411
441.7236
290.1453
673.0013
569.2495
668.0702
135.7819
41.8338
292.6255
799.1730
778.6196
523.8448
272.2421
664.8898
827.5719
476.3663
227.6543
202.0338
449.3762
707.9988
262.7449
246.2027
157.5314
240.0437
495.4208
