-38.1316
-27.8025
10.4117
11.5305
6.5750
16.4344
35.0492
14.2441
-18.0816
-5.7554
0.5883
-8.6176
2.8779
-0.9195
-1.8316
4.9914
-8.9008
14.1637
-20.7633
-23.3352
-15.6452
-26.7047
-22.1812
-0.7488
-12.9572
-10.7821
-18.3330
-20.2500
-19.8133
-8.4563
-49.7000
15.0469
4.1961
25.1102
22.3926
-5.1716
-29.0699
-7.9613
19.9398
-6.2720
-9.5902
-14.4949
-12.5367
24.9102
-7.7852
21.6965
25.1598
-1.9289
-18.7320
1.5549
-19.9562
6.0895
-12.8836
7.5562
-30.8391
-21.3914
-6.1826
2.2245
-37.5336
-42.3125
1.7731
-9.4225
14.7660
32.5031
18.8992
35.4000
3.3961
18.0802
-28.4316
-29.2906
-5.2094
1.9393
1.3096
-0.7121
-53.9102
-46.4258
-10.5689
17.9950
2.3699
-31.9258
4.7345
-26.9605
-9.2143
7.1234
25.5340
-10.6934
-13.4488
-4.2555
-6.8965
-1.6227
23.9664
35.6836
15.6660
40.1484
14.7262
28.9160
-11.3500
-49.2227
6.3293
1.8366
-1.3494
13.9395
-36.0785
1.5821
-32.4672
-1.6236
-32.7062
3.5759
-24.7406
-27.7828
2.9640
-20.2480
-3.7203
-32.5828
-11.0355
-43.5883
-2.9741
-15.3379
-56.1016
-1.0389
1.1520
8.4488
-11.7176
6.9460
4.3701
-26.3469
-42.1586
3.6727
-31.8781
-11.0758
-4.8430
-26.0219
-49.0984
-2.1197
-7.2836
-1.5223
-27.4254
5.2763
-6.2921
-44.1688
-31.4031
-9.8416
18.7578
-0.8309
-12.1352
-14.2262
-16.6621
-13.6254
2.7438
-16.1090
7.7199
-9.8970
3.2227
-42.8449
-18.0906
-19.7437
-29.8113
26.3820
18.9105
0.5542
-11.9547
-42.8406
-21.7414
-27.5508
5.3863
13.5328
-18.9742
-36.0828
8.7354
-18.1313
-35.3754
9.7586
14.9688
-6.9311
-2.4789
-0.4614
-47.3324
13.5094
5.3723
-2.1262
-6.6598
-13.7400
-11.7234
13.2051
9.9087
-38.3047
2.5281
-5.1527
5.9644
-2.6063
-9.0879
-25.0539
-40.0451
9.2641
21.0367
14.9289
-12.9300
-21.7594
-14.7270
-35.2891
13.4070
4.0781
5.5031
21.2094
32.1820
25.3520
12.3629
-25.3316
4.7166
2.6281
23.2254
-0.6449
12.8750
13.2976
-58.4305
-32.5078
-1.1086
7.0582
-10.9334
-3.9441
30.8050
-30.2836
-6.6281
-23.9500
-17.6082
-5.7744
-34.9734
-33.0094
1.5197
-29.3438
-24.1398
-53.6469
0.4116
-21.5195
13.1697
-15.1445
-33.9633
10.5199
-37.4297
-48.8844
-29.4797
-23.4246
-4.2531
-14.2684
-5.2877
-1.5086
-9.2871
-8.1445
1.7367
8.8750
-5.0355
-21.9792
28.1430
9.2809
-18.5187
12.8207
-8.3757
-7.5320
-31.9969
-29.4859
-45.4727
-34.2703
-23.9172
-33.7266
-34.5289
8.9350
-35.5199
28.0867
8.7781
21.9578
-1.5174
-32.9633
0.8575
-47.4289
-37.9156
-10.5219
-46.8383
-15.2453
-33.6227
-45.8797
11.2754
-13.5529
-1.9408
-37.1270
-18.0703
-17.0625
-7.3591
2.8523
-6.4859
-11.5020
-20.3742
-4.1091
-11.7672
-25.4250
-28.3768
9.7672
-14.7699
-6.4433
12.3365
-19.6109
-0.9570
14.0320
23.8809
-11.7496
9.2398
-11.2954
1.4473
-28.7305
-34.6141
-2.6631
-53.2492
-22.6242
-41.6078
-19.5187
13.0381
-9.0039
-5.0871
8.6584
-29.8312
0.3883
-28.6621
-0.0779
-6.6582
-24.6066
10.1715
-14.9187
-39.6992
-10.8379
1.8554
-19.2071
14.1051
4.3797
-22.6805
-36.3457
11.2902
-11.4186
-14.9809
1.4527
-19.5768
-2.2324
-6.3669
6.8645
-20.4121
-16.5664
21.6363
-22.5688
-28.4320
-46.2316
10.3170
-12.1023
-0.0422
-11.2509
14.5578
43.8969
-29.9771
9.6727
13.4484
-14.1609
-27.5125
5.4191
-13.7545
-47.1133
-5.3589
-14.6465
-14.6340
14.7035
-44.3109
-5.5816
-11.6651
2.9660
-5.6289
7.6371
-22.0000
-10.0219
-12.3854
-19.2039
-5.0844
-12.7648
-13.5207
-20.2797
-45.0344
-17.5959
17.0439
12.2023
12.0145
3.8863
-16.2363
5.2297
12.1211
-11.9264
-47.8781
-1.4051
-11.1719
-17.2734
-50.1969
-18.4668
-24.9762
-22.5082
-5.0133
9.9449
-4.4000
-18.0645
-17.7812
2.6727
-14.8152
-21.6727
-10.4725
-28.5297
18.7162
11.7857
-44.7016
23.5648
18.7230
-40.0352
-36.4904
1.6203
-0.1613
-29.1938
-20.6707
9.7176
-22.6559
4.7695
-2.0279
0.8414
-13.4047
-12.8781
-27.9953
-19.3666
-29.0967
5.5306
10.9805
14.4008
-31.0566
22.5895
18.9465
-17.6013
-18.9430
-1.2538
31.4156
-0.1135
-30.1681
32.1203
25.3258
3.2872
4.0538
-13.1840
-21.5477
-16.3516
-6.4918
20.6184
9.2437
22.2755
-24.7820
-45.6320
-20.2578
-47.3840
12.8145
-3.6805
35.6012
-10.3053
-24.5801
-7.5197
-8.6028
-31.6086
1.1248
-7.2754
3.1970
-39.3500
-28.6867
-54.0891
-36.8438
-16.4735
9.1268
10.2316
-8.2078
-7.0029
-7.0680
-2.7139
26.6266
4.7379
-14.8797
-52.4922
-20.7066
-16.7199
7.7965
-16.4652
-22.9031
-34.5828
-41.2555
-36.8039
14.0523
-4.8684
-5.4381
-30.6304
-17.0125
-7.9090
23.1578
22.8281
27.6539
-18.8813
-26.3730
19.0772
6.8264
-46.3867
-26.2227
-47.0375
-23.2615
-31.5289
4.3807
-43.2836
-1.4705
-4.6590
-0.5009
-34.4926
-28.8453
-33.6000
-29.0750
11.5784
-26.1820
3.9285
10.0920
-46.5055
-31.5836
-45.6492
-32.4479
1.2201
0.6648
-4.2521
-23.7812
-23.3836
-7.8671
-6.2156
-30.7836
-2.7594
-1.4024
-20.5352
-53.7984
-17.5729
-7.5047
-10.7539
-27.0586
8.5225
1.7867
-5.2502
-7.7227
-3.3434
-41.9535
-7.2285
-28.6625
1.6000
11.8031
-12.4922
-8.8867
-2.4257
-50.7508
-16.6461
-13.9418
0.3125
23.3465
-56.0938
-0.8062
-7.6568
-1.9721
-38.5438
-16.6885
-26.7523
-43.0305
-54.1945
13.1176
-11.3362
-27.9441
6.7932
8.6343
-43.3359
-28.9945
4.1945
11.7906
-34.6531
14.1910
-20.7406
-19.1936
-2.2027
8.6105
1.4230
-2.1152
-13.4172
-2.6283
-27.0512
13.2543
-29.1965
1.5098
-30.0996
-6.1443
-7.4977
-27.9461
14.0359
7.8422
17.1930
21.3391
4.0531
49.3016
15.1586
-13.8285
-42.4457
-29.9324
14.1447
3.1145
-27.3980
-11.0219
11.6164
28.5766
8.5570
14.1770
0.1148
4.3836
-2.8480
-8.0384
-11.8703
-7.3496
-14.9590
-28.6832
12.0705
-37.2531
-29.0844
-6.0508
-1.8344
-1.2871
5.0846
-46.7814
-6.2205
-33.4164
-14.5031
-25.9625
2.9739
-29.5844
-28.5758
-26.4820
-24.2887
-18.3852
-34.2234
1.5080
-25.3469
-38.2484
-8.3930
22.8141
-16.7887
19.2016
14.7359
-6.7047
-5.3643
-1.4184
-9.7559
23.0184
-20.0375
-4.7140
-7.6621
16.5516
-31.7977
-44.1691
-8.5525
10.9523
-24.8548
-4.6783
-32.0250
-13.9914
-10.6336
-6.6624
9.9039
0.1346
8.1000
-1.6207
12.2902
0.3637
-12.2746
-22.9227
-32.8619
1.5152
-46.5312
7.9262
-9.6944
-23.5187
6.8434
4.7500
-2.7205
-32.2207
-35.8566
-14.7448
-7.0367
2.4257
-16.8307
37.3871
-5.7914
-3.2641
-39.3678
-14.6283
-3.9146
-20.3164
-26.3137
20.5668
-24.9230
-8.1668
-6.0038
-29.1156
-35.0117
-42.7672
-14.5461
-1.4703
11.0764
15.3473
-27.3303
2.6227
31.1773
27.4493
-34.4410
-21.0277
-28.7244
-2.7779
-1.7383
-14.0036
-3.2875
21.5922
15.1902
17.3500
-12.0141
-35.9313
-8.4328
-5.8866
-38.5477
-3.9734
-13.6867
-55.1492
-1.4146
8.3254
1.3707
-14.1016
-12.5352
-20.2930
28.7570
-22.9457
-16.3928
-33.9555
-20.3242
-26.6508
-25.8008
-4.6637
-9.6762
-18.3102
-13.4492
-21.9867
1.5480
-12.9902
-1.6675
-20.9461
-0.8867
11.9195
3.8797
3.2531
11.2455
4.0350
1.4953
10.3483
-14.0928
2.8365
8.2609
-9.6555
-25.3180
-26.7910
-29.9937
-5.1633
-13.6744
-20.9379
10.4320
35.0383
31.0859
23.3887
0.5451
-23.5203
16.1402
-16.5205
-41.2258
-2.5508
11.5516
-6.9602
21.8527
32.3332
-8.9529
-24.9465
-3.3477
39.3172
-15.0914
4.0973
9.9171
-38.7602
-25.9391
9.3930
22.1250
7.5432
-17.5328
-1.6046
-17.4109
-36.7703
-1.3270
-14.8238
-46.0914
-12.0055
-10.2812
-40.6562
-23.3906
14.8350
-43.8977
-34.1910
23.5582
14.8000
-26.8551
-18.9734
4.2797
-43.0594
-37.6953
-29.9516
-35.0132
15.7398
-24.1592
7.7383
-7.2936
-8.4339
9.6246
15.7875
2.1996
-15.0582
-28.2789
-38.7359
-46.2531
-13.3121
-34.9811
9.2633
15.0715
7.6650
-2.3113
-28.4566
-14.3980
-33.6648
-4.1199
-16.9548
-16.6725
-19.6730
-11.3912
-38.0133
-1.6888
14.0632
-14.3172
43.1242
30.7055
5.7453
-18.4783
-10.5516
-17.8176
-21.3656
-32.3477
10.1279
4.6633
-5.1594
5.7066
10.9539
17.3937
-13.6516
-60.1875
9.3178
-16.7868
-0.4121
-17.1803
20.8641
4.8551
0.3566
19.0301
7.3230
-2.1454
-1.3461
-43.9602
4.6109
-10.1179
-18.8946
1.1398
-25.9605
-23.2555
-6.4810
23.4135
-6.5097
-3.4952
-13.9900
21.1773
15.3344
32.5641
-12.3336
-6.3051
26.4258
11.3391
-27.9750
-15.8252
-3.4556
-3.6043
-16.7379
-40.9785
-34.9357
12.8797
-9.5793
-2.4406
-18.5055
1.7563
19.2766
-16.5035
-4.8043
-10.6336
1.0117
-6.7764
3.8305
7.0586
-15.8426
-6.9727
13.4211
-25.2707
-17.1238
-1.6594
-5.5371
-26.8375
-41.4979
-27.7497
7.5535
13.5074
-31.8297
26.2172
15.6431
-22.8771
-28.7762
-9.1857
11.8092
-17.7516
4.4332
-22.1032
-0.6680
-29.2969
-23.7445
-30.7844
-31.8664
-22.7563
-21.9910
18.6660
34.3031
23.9004
14.6313
24.6125
10.4648
-5.9252
0.6293
37.1582
11.2527
-17.6023
-25.7406
-33.7438
-3.2930
-18.7852
-2.3285
-29.3715
-21.2477
1.4953
24.1219
-30.7180
-10.5963
20.1594
15.1711
17.4285
-18.0191
8.8234
7.6125
-1.9635
-7.1824
5.7211
-2.2879
-1.5449
-17.0016
-2.1602
-17.1646
-16.3129
-5.2579
-43.1719
-26.0451
10.8124
-40.8770
-20.8335
-27.5942
-1.9420
1.3652
-25.9527
25.0496
-37.8234
-12.5935
-8.5146
-8.0385
15.9449
12.5359
3.8816
-8.0660
-3.9203
-49.0039
-39.1406
-41.8859
-28.0109
-29.7930
13.8242
4.2074
-0.7524
-10.0726
-19.1059
-21.1266
-29.0645
6.1906
2.2914
-43.0383
-38.3211
-30.7617
-60.0141
-24.1289
-9.7559
-32.7893
1.2965
19.3273
-14.0954
-9.1859
-27.4959
-19.4871
-34.0687
-8.1281
-37.0703
-10.0064
-29.5922
-38.0891
-11.3092
-1.1383
15.7055
14.9676
-3.5178
14.8375
26.2844
32.6693
25.7396
-39.4492
-34.5625
-34.4555
30.6023
14.2434
-29.5988
-9.9799
-24.0703
-27.0895
-9.2431
-26.3791
-32.3422
-1.6670
-45.0535
-12.4227
-0.3898
-23.7773
-10.9477
-49.3344
-21.7102
-5.9593
5.5177
-5.7120
-31.1244
29.9455
-10.1358
-9.3938
3.2914
-9.5679
-4.4816
-54.2797
-4.0707
-3.9950
-37.8734
29.8676
11.3730
-19.1600
-5.0969
-31.7930
-27.6734
10.4181
24.1039
21.7766
-26.6826
1.7035
12.5816
-1.8906
-17.1289
-12.6377
9.5771
-32.1625
-23.6703
-45.6594
-5.0297
27.9070
-16.1383
-0.5006
-11.9602
-11.5859
-26.2188
-15.6875
-28.7359
6.8203
-27.1891
12.8543
-18.2445
-12.5825
0.6812
-16.8512
-10.8884
16.5160
8.9227
14.4238
-2.5377
10.6977
-23.7645
-32.6383
-4.8297
-60.1961
-35.2820
-3.4125
11.3152
-1.3180
-3.4313
-51.5461
-4.9739
-21.9393
-5.4535
4.3613
12.3008
37.2625
10.1289
4.0199
-19.3492
-14.5359
-19.3281
-27.0281
-30.3258
-9.0310
-29.1211
-11.5872
-45.2883
-14.0425
-25.2977
-32.9645
-31.3318
-15.9354
-18.8828
13.1961
-32.5329
-20.9734
2.2695
-36.7891
15.8434
-26.7352
10.4760
-22.5076
-46.8148
-1.6230
-20.5406
-14.6215
13.7363
-29.1000
-28.7281
1.5812
11.2969
-7.8082
-9.5945
-8.8705
8.9994
-3.4859
10.2426
-28.0375
-2.2250
-10.9027
7.6541
-19.8086
-42.9538
29.6266
0.8070
15.8670
-9.5977
-12.5830
10.9543
20.9219
7.6692
16.5557
-36.3969
-8.7996
-27.1850
0.3836
-25.0344
3.3953
-10.9412
-15.7251
-0.7445
-17.7111
-23.9511
-4.4744
4.3472
-31.5679
0.3809
1.6695
-8.4625
-22.5215
-28.1852
22.5023
-23.8914
6.5680
21.1379
-27.9813
-51.5000
1.8010
-36.9805
8.7023
-15.3719
-12.3598
1.6567
-8.8254
-16.3289
-20.0229
-10.9416
-39.8691
0.4181
4.3473
-29.5273
-11.7863
-16.0234
-53.3969
20.5234
8.6306
-32.1047
-17.7596
-10.2540
25.2219
4.3053
-48.2852
1.0345
-29.4410
-4.3287
-21.5605
-0.1999
8.8668
-29.7609
22.6680
-14.0047
19.3711
-21.0008
-19.9996
-27.4336
-36.6824
13.8369
-26.9242
-20.5625
-22.3797
-50.8547
-46.3438
-15.1492
-14.1930
-6.5070
-22.4303
4.2141
-44.4961
2.9816
17.0883
-7.2375
-22.9961
-43.3102
0.2939
-33.8406
6.0996
18.6453
17.2066
-29.3840
-9.3262
3.4914
21.5555
-18.4233
-2.7074
-27.1437
2.3691
-5.1641
-24.9102
-22.1453
-19.7453
-38.5758
-15.8375
-25.5277
-4.1446
-10.2730
-5.8566
-23.0572
-1.0643
-40.0102
-27.4488
12.4397
4.6746
15.1645
14.2523
12.6391
-28.5292
15.4494
-34.5328
-21.5355
2.7851
-28.2977
-33.6289
-55.1148
-11.4158
7.8285
-14.8975
-27.8527
-4.5835
-11.4563
-11.2383
-9.4652
-2.2094
-31.0422
-29.3320
-13.6788
-6.8094
-32.7656
-11.8801
1.3922
-34.5563
-8.4473
40.8266
9.1330
13.1277
0.6600
0.9883
-23.1924
32.4281
28.4453
21.8453
-1.0770
-8.9914
-19.7915
10.3953
-40.6328
-41.0219
-24.3547
-35.0594
-12.3286
-21.0719
-7.6039
-26.0001
-0.2293
-28.8148
20.9426
18.6285
-15.3280
-22.4805
-11.3469
-11.2703
-23.0727
-2.3711
-4.9759
-34.8158
1.8520
-6.7747
-8.9930
-25.0273
10.4675
-15.0250
-8.4439
6.4695
-11.4344
13.5895
-8.2056
-10.8951
-22.2547
-20.5105
-23.4623
-3.9223
-14.0687
4.4922
29.7664
18.3430
-14.9006
-10.7463
-33.3148
-13.1952
-48.0035
19.7352
45.7273
19.6258
-14.6222
-29.1742
-41.3500
-19.2563
3.0287
-13.6227
-21.4297
-9.1812
-29.8883
13.0320
-7.3334
-22.3452
-23.4719
10.2852
-37.7234
-14.6859
-42.5707
-20.0863
14.8266
24.9281
18.2582
-4.9117
-12.2016
-2.0961
18.6598
25.9139
-25.9508
-29.5336
15.0609
-6.5406
-38.4297
-26.1164
-21.6012
-7.2332
-29.0629
-1.7088
-12.9113
-13.6859
-17.8625
-33.7926
0.2971
-15.1906
-52.4422
-8.5118
-0.7410
11.2992
-4.4429
-6.1152
-12.9005
-12.3660
-34.8734
-39.1516
6.4766
-5.3799
-21.3969
14.8707
-5.9801
4.2513
2.7192
-18.4585
16.7105
-11.8248
27.2020
-5.7066
-10.0290
8.5016
5.2973
-7.0816
-9.3425
6.2809
2.4117
18.2773
32.6266
45.9836
34.9836
5.2832
8.7961
-17.3330
-32.6727
-34.3492
-5.3426
-0.6043
-27.2898
0.4400
-29.7160
9.3641
34.2793
23.7254
39.4134
15.4719
4.3492
-14.0768
7.2641
2.7406
-39.1406
-32.8238
18.5438
-31.3898
-12.2035
-8.1852
-17.4690
0.9441
-10.8117
-47.3625
-37.4031
-10.3923
-18.1934
-34.3207
-2.0602
23.4562
4.6762
-6.5441
4.1477
20.2313
-5.9980
-3.0750
18.4281
30.4758
6.0500
2.6320
0.9051
-17.6562
-28.6156
-31.3500
1.0041
24.0932
22.3047
-8.4555
-1.0254
-15.3246
-2.7051
-2.0828
-15.9964
-19.1484
-26.0977
-8.3227
-18.4788
-46.9180
-33.8695
-18.2055
-20.5359
-38.3055
3.5792
-36.2672
-40.3477
-32.4531
-29.3773
-33.3602
-19.5617
2.8506
-25.8547
-36.3711
-16.8555
-36.7031
-0.7744
-13.7207
-1.2531
4.5563
34.0141
8.3070
9.8117
28.4203
27.0602
45.4852
-3.2660
4.9162
-32.8242
12.1109
-29.5344
-24.9130
-32.5422
-9.0434
19.4863
-18.9102
-43.4633
-18.3451
-28.3184
-31.0312
7.1564
-1.6295
15.6498
-10.4239
34.0230
-17.0461
-10.2810
-12.8953
-10.8085
-22.3451
4.8430
6.8803
-8.4594
25.9863
1.0094
-5.6922
4.9449
-38.1324
-43.7484
16.1309
12.8359
5.1937
4.1813
-7.9093
-12.1730
-2.7070
27.1367
-22.3219
-37.1137
7.5609
-36.8930
-34.8977
-33.3133
-18.0344
-21.1871
-20.9263
-27.3258
-52.3187
-47.6820
-37.8266
4.6734
6.0815
-26.6316
-2.2983
-8.9348
14.3562
-22.2874
-5.0898
12.4328
8.9809
-44.4648
-22.5442
26.0574
8.7914
-7.7685
-26.8922
8.0586
12.7578
23.2191
-30.2641
-22.0894
-44.4508
-11.0344
-7.0801
-2.2394
-34.6000
-18.5078
-30.8188
-12.9992
-28.4375
-22.2570
38.9047
-44.9547
19.4656
-15.1410
-26.3525
-39.3545
11.5039
4.9980
-23.5477
-5.2930
19.5223
-4.2638
5.5842
-40.5016
-39.5758
-8.9328
-18.3661
-7.9379
-4.7727
5.0164
24.3270
4.6273
15.9305
18.4656
33.1570
0.3129
10.0310
3.5914
21.2898
-4.5742
19.9977
25.1688
-1.7395
16.1734
7.8266
2.9329
-37.5770
-1.5165
14.1568
-40.5672
-56.9555
-16.5422
11.4379
-36.2816
20.6121
-11.2656
-13.1346
0.1406
6.7720
13.0150
9.5038
-19.9219
-26.8509
-10.2723
11.0547
-13.6957
5.9359
30.5229
19.6545
4.3684
-0.1977
-8.9812
1.4391
-49.8398
-23.2047
-21.5184
-13.8605
-33.6852
-5.3248
9.5957
-10.0484
-1.6299
-52.7848
-27.7602
5.4155
-5.5674
-22.8020
-25.6750
-41.8742
-25.3148
8.0648
-12.9183
-4.4402
12.5500
-4.4242
0.0875
6.1551
-8.1687
-26.1797
-41.3352
-32.5172
-7.7109
-41.4234
-18.9300
-5.7809
-18.8090
0.2656
-32.1129
3.9059
17.7977
18.8523
22.8191
22.3898
-6.0711
36.1625
-1.9212
-20.1242
1.4895
-28.0805
19.3660
-12.6895
-15.2817
-23.1551
9.8594
8.5523
28.8375
-5.2864
-34.7580
-42.3021
44.7609
47.4973
-5.0430
-3.9172
-2.0707
-3.5930
12.7381
-10.7013
-16.6375
-37.9297
1.2113
1.2749
-12.3028
22.2734
27.4992
23.2502
12.2246
7.3148
-0.0957
-17.0359
-42.9031
-51.1000
-27.5277
-12.2902
-29.2055
-17.2127
-35.2414
-25.3813
-4.6218
14.4594
33.6789
-27.6422
-42.3969
6.6434
-8.3986
-25.4986
2.8297
-18.9406
20.6391
29.5438
0.7641
5.2496
11.5320
-48.4867
-5.3678
14.2242
-16.0298
7.1809
-20.0627
25.8855
-18.0000
-2.5380
-41.0883
-28.4367
-45.1445
-30.7234
1.8178
-39.4291
16.0465
16.6348
-13.8730
-0.4916
-9.3486
3.1691
2.6203
28.4715
-6.8239
-7.8187
-16.4898
-32.7938
-41.3320
-34.3742
-35.1414
5.8131
-17.2871
-21.1793
4.1602
0.4055
3.4824
3.2078
3.2229
-25.8672
17.0585
14.0594
10.8590
-6.2531
-5.0332
17.8434
-20.4281
-0.5428
-29.1047
7.5113
9.2918
-20.6180
-1.3266
31.9391
-6.1887
12.0242
-26.2961
-19.4198
-0.8660
6.1736
-8.8137
-18.4883
-3.5478
-28.8359
-41.4336
-36.6422
-29.7984
-30.7303
-7.4391
23.2383
-10.2232
-9.8168
-34.0032
1.3948
-24.4734
-19.0953
-29.2742
6.4836
-17.3008
19.5451
-1.7961
-13.1266
10.4805
-1.4926
-9.7443
-25.0367
-18.7297
-3.0797
-7.8422
-23.4977
-17.0271
-13.6238
22.3414
49.2418
5.9855
-31.6508
-24.9073
28.8781
15.4227
-20.5269
-16.2447
-9.3672
12.0961
32.6469
0.2451
-5.3000
-34.4609
-16.1582
-8.6995
-15.8462
-8.1949
-28.9472
-11.5194
8.3136
-39.2846
36.6605
-1.0090
-23.4691
7.7861
-15.3533
-15.3324
-8.9656
1.4573
18.0824
2.1852
-17.3015
5.5836
25.3867
28.3133
24.0529
-28.2648
-37.5516
-25.6305
5.1977
-27.1461
-5.3872
-33.3477
-50.6383
-26.4219
-34.0375
26.9555
10.6289
0.9141
-3.6744
-15.5959
28.0346
-45.9148
-10.7177
-18.3469
-12.5600
5.6355
36.4922
-5.6970
9.9004
5.9906
-22.9867
-10.4479
43.7484
30.9156
9.4125
-8.3121
29.1977
9.6988
8.8832
-5.5762
11.1336
20.1738
-15.5361
-19.1484
-37.5711
-15.0826
-6.8547
7.2367
-4.3373
-0.1203
20.7684
-45.1051
-10.2691
-28.4375
2.1410
-4.2234
-3.8334
-2.3684
-26.1703
-24.9930
-27.2578
-15.7340
24.0305
12.6992
18.2115
-41.5000
-20.7762
-4.2234
18.2578
10.6756
-30.6111
-17.2291
-3.3063
0.7921
-16.9918
1.7785
-17.8020
-25.2492
2.7848
-16.2457
-13.8566
21.9742
3.0773
-12.3543
-45.9172
-42.4328
-1.6772
-23.7914
-44.3016
1.8469
-47.6285
-8.7688
-18.2236
11.3164
29.1992
-3.1110
3.8629
3.9717
-17.4250
-30.2570
-48.6687
-15.1403
-23.2195
-30.4984
-27.1016
-31.8031
15.2637
-23.9055
-2.6034
-29.6094
-15.0295
-6.7633
-30.6828
36.5301
6.9953
5.9345
9.6441
-30.5176
1.6019
-14.2199
29.7406
8.3191
-13.9195
-21.7062
4.5711
-20.2798
-16.7449
-21.5449
8.5715
11.8871
-2.5664
12.3383
-4.4526
-15.6641
-43.0875
-6.2949
-13.4465
8.6672
25.3250
-16.7652
26.1540
-23.1453
-37.4672
-11.1187
12.5562
-6.6414
-37.3842
-19.7214
14.5445
6.6076
-25.2438
-28.1570
-1.9881
16.3770
-12.7824
-23.8215
40.6180
-2.3400
15.2203
4.2727
-2.9992
-10.5816
33.3211
6.9195
43.5602
43.5789
32.6961
7.9273
3.9166
10.3305
-20.6937
26.6469
11.0082
3.4471
10.9387
-6.0368
-53.6445
-46.4320
-33.7359
-47.0754
-26.7680
-39.3270
-5.6391
-7.8836
8.0381
16.5500
-27.2764
-37.7852
-9.1131
-19.2664
-0.9746
-15.5647
-3.3619
14.0043
-0.4354
19.6484
-39.6758
-21.5715
-52.4281
-51.2297
-34.2570
6.6365
17.6798
-24.9910
13.4453
-12.8871
13.5969
17.7750
3.8090
14.9258
8.5340
22.3406
11.5500
15.4926
-26.9445
-21.9516
-56.8820
-27.2249
3.2883
-2.4902
-36.0820
-12.6523
-13.2924
-2.9372
-4.8598
13.5125
31.2289
10.0766
7.7906
12.7377
19.8375
-3.9896
-33.6664
12.9180
35.9953
10.6656
-3.5789
9.5523
0.8793
-24.7918
-1.1730
-20.3497
-45.4437
-38.6063
-41.1936
-8.1975
-6.4622
-8.0324
-9.9848
1.1546
5.6001
1.8740
3.5158
-21.2305
-44.6117
5.2325
-45.1898
-27.1199
-26.2062
4.6797
7.0233
2.6520
-26.3941
18.5820
9.0912
-42.6969
-26.7703
-17.0212
30.7547
0.9411
-19.6125
3.4694
-15.7797
-40.3689
-11.5959
21.8031
28.5176
-14.7070
-24.7514
-1.8715
-43.5152
-31.0602
16.0484
26.5309
17.1164
28.6051
1.3281
16.1215
-8.4268
-34.3187
-1.4969
29.2754
-10.0676
-20.2927
-32.4055
0.8879
-4.7582
-18.9818
-20.6918
-37.3146
-30.6310
9.3535
-9.2335
-2.9604
-34.4711
-39.5648
-32.1279
-47.7289
-21.2881
4.6926
3.3571
-45.3766
-19.4161
22.5227
-12.6801
-16.0731
13.8834
0.7479
-14.2666
-27.2066
-22.2115
-16.4070
-14.3530
-25.1594
-39.3906
-40.7180
-6.4133
-47.8586
-36.1564
13.6301
-5.9900
-13.4191
-51.5656
-0.2930
-43.8840
2.9973
-46.3998
-9.6277
-36.8469
1.2449
-45.9938
-14.3831
-13.0289
18.3195
-24.4094
1.5342
-11.7802
3.4296
-32.5812
-14.5301
-17.0688
-40.0836
-20.2070
-44.3680
-42.7014
-17.6160
-14.8555
3.5857
-13.2852
-45.6039
-12.2969
0.5344
-21.8687
-41.4074
-22.0172
-18.1074
-23.2935
1.4758
-8.5574
-5.1828
3.9234
19.3844
-6.4885
-6.9430
35.2914
3.5070
-23.0492
-33.5016
-0.5841
-59.7703
-12.0233
-28.2039
3.4871
-34.9836
-39.3187
-4.5818
-14.1658
-40.2742
-18.1574
-35.5686
9.6750
21.9352
18.5160
0.8879
12.4465
-2.1066
-32.5141
-56.9141
6.3734
-28.8961
-11.8979
4.1777
-12.9402
-3.4664
15.4773
13.3869
-22.1875
-53.3781
-10.9289
-25.8996
-6.1840
11.4457
-2.4463
-21.8883
-23.5371
-13.4594
9.5879
14.0629
-2.1765
-7.7156
-25.6617
-14.6102
-6.0750
-1.3200
18.3914
-6.3571
-20.8896
-5.5859
-43.5109
-25.1453
-8.4337
-21.8188
-8.5254
8.5996
6.4148
-22.8477
0.3020
-8.6844
-2.5968
14.9545
-2.0621
-14.0363
-11.1727
5.7425
-27.7403
-8.2744
15.2439
-26.1961
-2.8529
-31.3906
-7.2776
1.6016
-22.9828
-11.1910
1.6926
-20.9240
10.4719
35.3758
7.5797
-12.7063
8.2201
18.0055
-4.4137
5.4504
17.6871
-7.8652
-48.1443
-11.1234
33.5656
2.0273
-16.0477
1.2934
-0.0180
-29.5309
-29.5543
17.8371
6.3430
-2.5205
-23.4562
-4.4789
-39.8156
34.7395
6.9951
-11.1467
27.9250
17.9293
4.0637
-14.4428
-15.8727
-19.0766
23.7172
23.8734
13.2047
32.2203
18.6676
4.8597
-22.2359
-33.9859
-28.2812
1.1736
4.4543
19.6531
19.5719
17.2555
-4.4955
-30.4844
-28.9672
-19.3211
0.8828
22.2016
38.3598
23.1391
36.9836
-8.7523
10.8062
-12.0418
-3.2859
-6.1243
6.8742
4.4437
9.8078
14.7086
25.6219
-24.3645
2.8031
-11.5320
9.7086
16.7453
29.1336
4.2977
20.5586
-15.5811
-7.7219
17.3070
37.6324
1.1977
-43.4813
-35.1172
-51.7203
-15.1914
-2.0398
-1.9102
6.5687
-31.0730
-44.6336
-30.5711
-52.2617
6.7593
-2.1992
-10.3193
12.4477
-3.2500
10.5516
-21.9588
-37.2781
-0.6527
21.9668
-10.0442
20.4359
-32.3930
-5.9186
-13.8361
-44.1336
19.8629
-23.6258
2.1809
10.3160
-1.3918
4.5004
-6.0238
-30.8492
-21.4953
-13.0413
-48.2711
21.4945
20.2199
-5.3508
-7.8863
17.2535
-4.3435
-26.7355
-21.1254
5.2098
-19.0656
-25.2184
-33.1357
-12.2760
3.4531
-19.3326
-27.4288
-6.1698
-22.1047
-7.4703
-2.2488
11.0951
-26.2195
-24.2883
-19.6646
-3.3137
-26.9898
-35.2227
-32.4328
-22.8273
30.6172
9.2422
29.0875
18.2477
22.1586
18.3891
2.8522
17.4977
-6.5094
-16.8494
-1.4395
-16.9848
-6.1076
-44.0969
-18.9695
-47.0344
-24.0586
-18.0695
-40.1664
29.9605
-12.1008
-25.2139
-2.5694
-27.5527
19.4379
-29.7086
-43.3961
-24.7180
-40.9688
-49.0969
-41.9523
-18.1797
-38.7500
-44.1031
-32.9359
13.7721
36.4197
2.1922
-40.3727
-34.8809
-3.7572
-35.9250
-32.0406
-31.1434
-13.3414
17.0297
-10.9563
-51.6711
-31.0219
-29.7898
-42.1977
-40.7406
-17.2711
-38.1797
-14.1844
11.7021
-20.2945
-10.0949
-35.3852
-29.0539
12.9547
-8.9557
-21.7672
4.0729
-7.7910
-0.8078
-11.9453
3.3697
1.0031
-12.8363
-16.4135
1.2109
-35.1797
-24.2883
4.4227
-6.1375
10.8322
-35.0867
20.7973
14.0230
-10.5853
-1.6646
16.2371
4.2443
-27.5152
-36.4586
-36.8727
-8.6014
13.7314
24.1437
-44.2484
10.4672
-24.2039
14.8301
-0.0582
-8.2469
-16.4652
4.6117
11.5953
10.3652
17.3602
2.1723
13.1570
6.6207
-0.7354
-38.7555
-42.0340
-8.7717
-22.6682
-5.5699
2.0254
-22.0383
-25.3383
11.5947
17.2336
22.6922
2.6219
8.4808
-42.3906
-44.0344
-34.5290
43.5395
-11.6680
-30.1570
-0.5074
16.7945
-23.2016
14.6922
6.3785
-5.5411
-22.9516
-39.9086
-2.5459
11.5250
0.0752
12.0918
10.9109
24.8473
-16.5377
0.0355
-8.5078
-15.5434
-4.2342
-22.1090
-0.9326
-42.8414
-53.6180
24.1591
-29.3852
-39.0531
-4.2770
-14.7937
13.5672
23.6020
20.6500
-16.4343
9.4531
-35.3102
-32.0266
-20.2602
-29.8781
20.7227
15.4786
-10.0516
1.1156
-7.5615
-0.9891
-2.3876
-5.2301
7.4684
12.2112
-29.0836
-30.2520
-32.9781
-15.0562
-46.4023
-23.6554
-13.9520
9.5199
4.8977
-45.8125
-26.1094
-29.4813
-48.4813
-35.1656
-2.6992
2.1367
-6.4688
-10.1492
-21.0844
-37.5070
-29.6711
-33.9789
-6.9235
22.3027
-33.8789
-11.1904
-48.1008
1.5467
-48.5227
-13.4320
-39.8141
4.4064
-29.8352
-24.8121
-3.4141
2.6094
1.5430
0.1199
16.4934
-24.6359
-26.6664
1.5090
-26.0793
42.5855
13.4237
15.0758
-3.5309
-24.9141
-32.8133
-23.0848
-19.9039
-12.1403
-26.6238
7.4967
2.8300
-37.5146
7.5102
11.4102
20.1938
19.3629
18.3439
-28.2234
-9.4922
-6.3234
2.7574
-24.2028
12.6988
-1.7763
-44.1789
-39.6246
-20.6527
-28.5746
13.5184
-24.1570
-2.9375
-45.4984
21.8852
12.2803
-8.2145
-34.2313
-19.2969
-32.6383
-4.0492
-13.3098
-35.6273
-29.3078
3.0406
24.6207
6.5144
-43.5305
-14.6180
-45.4137
8.5664
9.2059
6.6934
-37.2064
-4.7297
20.8344
12.5969
-12.0859
5.6180
-19.8295
5.2035
-6.3450
16.4066
7.6988
42.3139
-42.8746
13.4227
-1.1688
4.4461
22.5023
40.2945
18.4027
15.6645
14.4011
-21.7264
-12.7117
-13.7096
-21.5194
-18.9795
16.7133
17.8371
8.2727
-5.2820
-1.1777
-32.6941
-7.2796
-6.0531
35.6523
51.5211
9.0534
4.2563
3.5238
-7.1969
-4.3031
4.0344
-7.6961
-10.0387
-15.2398
30.1988
-5.8918
-26.1590
-21.6584
-1.6547
-27.9601
0.2336
13.5754
-8.4269
-22.6367
-52.9813
-18.9707
-42.0406
-12.2523
-7.3688
-20.0063
-43.5891
-12.7169
13.8480
12.6639
-6.1070
-43.8063
-11.2218
-1.3641
3.7438
-46.9938
-5.5328
-41.5680
25.8100
-11.0848
-54.6641
-46.1828
-36.2844
-38.7141
-17.7367
25.2168
-1.7383
-14.8992
-9.7945
-4.6117
-40.7023
-29.1078
-39.0914
-24.1849
-23.8711
1.5209
-14.0658
7.8000
-10.0725
0.0336
-7.8227
-20.9594
-3.8184
-20.5840
-24.1195
-27.8102
-29.3719
-6.6107
-37.7000
-30.9125
-13.9668
9.2898
-11.2405
4.1969
6.3160
-6.9780
-29.6711
31.1504
-10.1203
17.6008
27.2055
9.5355
-12.5607
5.3656
27.6133
14.2027
3.0703
-30.9047
-52.6195
0.2328
7.5546
-4.2891
20.6152
-1.9969
-37.0703
-46.9133
-25.9734
2.3962
20.2566
13.7602
-14.4125
-25.6836
-13.6578
-33.6629
-18.0504
-11.6207
10.4715
-45.8375
12.7609
-27.5891
-34.4648
-33.2020
-25.6664
2.6801
-30.6258
-17.1399
4.3933
-10.4559
-12.3773
-37.3922
-40.7273
-29.0523
-24.1297
-29.5332
9.4453
12.0246
27.1527
1.6262
50.2148
8.9367
-27.4831
11.7242
-4.8031
-24.9191
1.7098
6.9812
7.5406
-6.7930
20.1977
25.1898
14.1227
13.4180
19.6930
-10.0258
8.7129
-6.2422
3.0858
-16.5922
-36.5828
-4.8219
-42.5602
-40.6937
-36.8703
-28.7281
4.9617
6.1266
-12.6734
10.5781
-3.1531
-7.1404
-11.5555
-7.3402
21.3246
-34.0008
-35.5669
-11.7949
0.9375
-45.3320
-11.2588
15.4570
40.4406
16.7488
9.0738
10.3047
-5.7289
-24.2273
-17.3367
-9.1797
0.4173
-23.4562
-31.1641
-15.6801
-23.2809
1.6500
10.5797
-10.4711
-23.9125
-13.3988
-9.8768
-39.6016
5.0594
-28.9046
15.9738
-16.8250
-11.6031
13.2672
4.4293
19.7074
-36.6758
19.6180
16.8285
6.6273
-0.4031
-20.4615
-18.0051
-33.3078
-33.6570
-39.6961
-27.3955
-1.2504
-33.1484
-12.3793
-14.7715
-33.0844
9.0805
-7.1270
-7.5457
-4.9945
0.5595
-27.8266
-41.6404
24.8855
18.5146
-17.1547
-29.6844
-27.6617
-54.2145
-16.3336
-9.5547
-4.3199
7.2446
-17.3672
-8.2586
-16.6930
-40.9320
10.1922
18.2055
22.3012
9.2400
-32.0930
-9.2383
-11.8508
-13.1871
-6.8754
-43.5539
21.2094
30.0203
22.9898
16.3727
17.9165
-41.6063
11.9516
26.2836
19.3359
-8.3991
6.9031
-7.0859
0.5906
-51.2469
-17.4188
-1.1695
-4.6256
-7.4125
3.1992
26.5008
12.9965
1.5836
6.8215
12.6250
11.3527
-43.4219
-2.0730
-43.2305
-31.6426
18.8746
-4.1047
-25.1656
-19.4605
10.9590
1.9607
-17.2398
-17.4262
-11.6359
-6.1016
23.2223
-8.4695
-10.1996
-33.7531
7.3844
-6.2787
-30.0031
6.8683
24.9051
-22.4146
-15.2404
0.2539
-3.7512
-26.6383
-19.5825
-3.4688
-8.0957
28.8035
-19.0887
-22.5008
0.5797
7.7373
-9.8730
9.6832
-20.7117
4.2318
-17.6555
-10.2033
-12.2354
-3.4326
-29.6547
12.3891
-40.9566
-0.9453
4.9898
-11.2164
-20.7410
-24.5640
-11.6727
4.4887
8.3867
52.5258
36.2961
-0.9223
-5.7527
16.8984
36.0355
-10.4057
-3.2398
18.7891
16.4750
-21.3945
-33.1184
-15.1273
3.7508
-4.1934
-12.9477
-5.2144
-37.9129
-30.7871
47.9156
15.4232
-12.9453
-1.6191
-2.7872
-5.8352
14.3203
11.2301
10.2289
-29.8021
7.3605
-2.5996
-8.5851
-4.0865
17.8941
6.0925
37.1347
-21.0547
-13.4422
-29.7047
3.0281
8.4992
-17.3848
-34.4781
-52.7672
-27.7090
-28.1461
6.9355
0.4904
33.6027
8.1270
-15.6328
-14.6352
-8.8770
-13.0625
-35.1805
7.3270
22.1652
6.6317
-23.1914
12.6133
32.6109
50.3383
13.1383
-1.9586
6.9789
9.0391
11.5102
28.2727
29.5930
21.1180
-0.0502
17.7340
-5.3648
-1.2687
-47.5203
-46.3797
2.4773
-8.5684
-31.2176
3.6609
-28.8594
-22.4502
-9.3453
-39.7352
-26.8578
-1.7000
20.8840
-26.9266
-1.1451
-13.7189
-5.2773
13.3473
-22.2125
8.3754
8.3871
-26.2398
-3.0021
6.8777
4.0938
-6.1426
-31.8576
-21.1000
-16.8234
-37.7250
10.8809
16.4668
5.4543
-18.2646
-13.0422
-36.5109
-3.3676
-16.5934
-28.8035
-9.0488
-11.2699
8.8519
-46.3871
5.9305
21.0148
2.7322
16.6625
4.5936
-0.1715
-39.1340
-31.9180
-40.8406
-27.3687
-5.0766
-36.5762
15.0957
37.6625
11.3156
-27.1174
22.0531
9.3570
38.3875
-4.7498
29.0055
17.7492
-14.2980
-5.7605
-38.8633
-10.1096
-6.1402
1.9602
-12.6211
-35.6367
-33.9906
-2.5168
-12.3512
4.0227
-33.0891
-42.5609
-0.5974
-36.7367
-30.7156
-9.3172
-26.0051
-11.9930
-32.7559
26.3168
10.5348
-43.7965
-10.2559
-45.8535
16.5482
16.0102
-37.5062
-20.3883
-5.9890
2.6706
11.9185
-3.7652
-15.8281
-39.4500
-29.4859
6.7227
28.8828
13.1398
37.6477
39.3910
16.2137
-11.3680
-34.2336
-2.4350
-3.4326
-32.2242
-16.7068
2.7184
-7.2946
1.1070
-13.9122
-3.5805
-26.4219
-24.1430
-42.5609
-44.5422
-12.6359
-45.9109
10.8571
-19.2137
-22.0363
24.4598
-8.9906
39.6547
16.6719
-26.6969
-18.0422
-1.0746
-40.5758
-20.9387
-19.6051
-8.6826
-7.0246
-32.4805
-22.7135
5.1789
5.3074
9.6922
51.6188
33.0625
28.1117
11.6961
12.8875
-18.0697
20.8359
7.9508
33.5277
30.7406
8.3883
-34.7492
-21.6788
-1.9815
13.3062
45.6297
20.4367
2.8125
12.5195
15.8031
19.0305
21.3793
-4.6010
14.0312
7.9777
1.7117
4.2645
-1.9352
-1.1824
24.0684
-19.4685
5.1668
-19.0569
23.7258
43.6152
1.7195
19.4816
12.2397
-7.6928
-32.8719
-1.4676
16.5434
1.1824
-19.7164
-23.8273
-1.6258
7.5371
-51.1016
-19.6983
2.0984
8.3810
-1.7415
-25.2687
24.0984
-28.2016
-4.0685
-33.2391
-28.3094
31.0367
17.7683
-19.1520
7.7711
-11.7711
14.2707
6.0391
-3.1137
-15.3566
-51.3812
-6.4592
-0.8320
-22.8540
35.6715
-43.7742
-7.8589
4.8530
-24.0801
10.1949
-14.3789
-6.7905
-10.3421
-46.6211
-22.8445
-16.0785
-9.1332
-47.7216
30.5316
37.5934
4.8313
19.6428
4.8096
-5.1047
10.8180
-39.7258
-12.1309
1.2434
1.1648
11.9383
-5.1229
5.2076
-7.7238
-34.8254
-21.2648
-27.1117
-32.4437
11.0555
-16.0215
-5.6781
23.8559
9.5695
-1.4074
3.8344
-19.0386
29.0281
5.0926
8.7094
-35.0638
26.7348
25.6812
1.4656
3.5898
1.8000
-50.4891
-13.9746
-3.6667
7.5859
-20.7523
-16.3091
9.7641
-38.6852
0.4840
-39.7648
-33.0367
-12.6313
-4.7628
16.7981
-14.6180
14.0609
4.4422
13.7930
-3.1234
-4.1979
11.3184
14.9934
-27.1234
-8.1838
-52.0992
-22.0151
25.6863
14.4008
7.8691
-13.2672
9.2148
8.1453
-3.4051
10.1049
-38.5805
-24.9820
-25.2246
-15.1617
-34.3461
-21.1334
2.2926
8.9203
7.2773
9.1371
5.4879
-14.8012
2.2570
-23.7734
-13.2898
7.0787
-25.1027
-7.8605
-17.1922
-24.5711
-5.7698
-3.9986
-34.5715
-39.2250
31.0191
33.0172
37.0328
36.5328
10.5477
-9.8914
-39.7883
-3.5371
10.1258
-8.5402
1.9242
16.7703
4.3529
-11.7488
-32.9008
-23.4734
-43.8625
-10.5275
7.7453
-11.2123
-12.2422
-15.6281
10.3727
15.9074
-17.8633
-42.3680
10.6152
-14.3922
-22.0695
22.2086
39.4391
30.7840
22.4102
18.0625
17.9582
-32.4281
-12.9685
2.1195
44.3211
10.1941
2.3662
-22.3703
-4.1758
-7.6508
-5.0529
11.7789
-7.8996
30.3227
-7.5012
8.4423
-1.6652
-35.8258
13.6781
30.6498
-10.4766
-25.0652
-13.3497
-30.0118
12.6984
41.4930
29.9801
1.4062
7.2746
11.0520
-10.6374
11.5309
16.6219
13.7936
-39.0023
-12.1517
-30.6828
-17.0318
-40.2336
-11.3172
13.8980
14.0617
14.6680
-2.6750
-30.7883
-17.8984
-55.0977
-8.1438
-44.9477
-38.1719
21.3922
5.2885
-0.4039
-42.9320
32.3000
0.1738
-5.8539
-0.7824
-25.1086
-19.7484
15.9422
14.5324
-47.6375
-23.7043
-31.7836
-19.0137
52.3262
17.1277
-8.5164
-10.6066
-23.3312
-2.5695
35.9906
-24.0398
-9.6551
14.6029
4.5043
11.0508
-7.0461
-2.8007
-34.2609
-51.6688
-48.1914
-46.1738
19.8945
24.9793
10.7000
-21.6754
-8.3320
12.6137
5.8441
-20.9813
3.7866
-6.6611
16.0812
12.1113
31.0352
-21.8277
-13.8730
-29.0580
-11.0473
-57.4469
-46.4273
4.4863
20.2781
-2.5271
-15.9859
-3.3376
6.1033
-37.6359
-15.3246
-0.1701
-12.0914
-51.0000
-8.9953
-8.3246
8.4668
-18.5117
-37.2359
-2.2711
-13.0145
-2.9689
-16.3977
-45.1109
-24.1914
-5.3160
-19.9551
-39.6414
-2.6969
16.0562
-42.9551
-21.9410
-30.5406
-35.3102
-44.6750
-8.7160
-22.1789
-11.9709
26.4879
-29.4250
-10.1174
6.6934
-8.0117
8.6305
5.0750
-12.0308
-8.9437
-31.4945
8.0383
-36.7669
18.3097
-32.8281
-10.1172
12.0188
39.3281
32.3234
47.8664
4.0841
-19.2551
5.6490
-8.3023
-14.6023
33.8211
29.3566
14.2219
4.2958
2.4213
-4.0366
1.4531
11.4844
-0.2730
-31.7734
-19.8410
21.3648
16.4594
-5.5750
3.7609
10.9450
2.1098
-12.8625
-26.0641
-37.6912
15.2623
-49.9523
-13.6086
19.7355
-0.7992
22.6594
-9.7910
-20.7350
-8.6289
-3.5015
16.5029
14.0902
8.2031
-12.0128
2.9766
20.3469
23.9484
14.6586
23.2934
19.6672
-22.0031
-31.8500
-28.8641
-3.1934
9.6789
-31.9691
13.5594
29.3082
-16.5877
-9.4637
-0.7941
17.8637
0.8973
-3.9821
-18.4592
-16.2442
-29.4688
-43.9980
2.9437
-12.4359
-17.8018
9.4443
-20.7016
-11.2266
-9.7789
-34.0783
-4.1715
14.3961
-1.8990
-24.6418
-26.5430
-9.9965
-12.4418
11.5084
-19.8616
-21.9197
-9.4469
-38.0266
-22.4078
-38.6000
-46.3766
-32.0500
-41.6525
0.2426
-0.6314
-10.3658
11.3148
-4.6533
-33.4428
22.4148
-9.7344
-32.8734
-2.3145
8.3945
10.6473
-14.3829
-17.0828
-1.3096
-30.6098
-32.1688
-52.9883
-28.2273
-48.0164
-16.6195
-15.4859
-48.6063
-36.7109
-48.8867
-22.4125
5.9426
4.8770
-17.4188
-7.4305
17.7988
-24.4475
5.4016
18.3320
24.5680
-2.3202
18.7508
14.9602
23.7000
30.5855
11.6992
18.4297
10.9344
-27.4836
20.2648
26.5820
52.9133
50.2445
13.7840
-19.8377
-31.4297
7.4633
4.3512
-22.4590
-1.8359
0.9848
16.3547
34.9939
-11.0515
16.4617
30.9711
30.1184
-4.6887
8.0004
5.4542
-3.6610
-41.6109
-34.5438
-7.1605
-14.7715
-28.7375
-12.5675
-24.7383
13.9059
-25.3902
-20.8363
-17.9125
25.3867
5.8004
23.7219
-24.4602
-40.9656
-10.8424
-6.6112
-21.3137
14.7734
14.0797
10.7248
-1.9805
37.6980
11.8625
24.1094
-3.2601
-10.1292
7.6293
-10.1672
-33.0500
-33.9961
-24.5195
12.6132
-0.1410
5.8791
-4.7047
35.3697
7.0242
-41.6930
-45.0648
-36.2086
-15.7508
-8.4325
-12.4648
-17.4887
-2.7152
-41.8227
-13.3665
-29.7140
-10.9133
34.8109
1.6234
17.9637
10.9350
-34.0125
-16.8385
-10.2480
4.1531
21.7984
-6.7281
23.9156
16.4691
26.8855
36.4465
40.4246
-22.7820
-20.5227
-6.7879
2.4355
-15.8734
10.0703
26.3906
17.3664
-14.7797
-5.0516
12.1621
14.1326
-14.6996
2.8387
-6.0164
11.9164
-5.4271
-4.0379
-18.1379
15.4859
-6.8119
-14.1336
-5.1371
-15.0963
0.4795
-37.5789
-9.3055
-20.9617
-13.1221
-13.3910
11.1180
13.6547
-16.3830
-7.8445
19.9395
0.6609
33.1773
41.9352
21.8844
27.6242
11.7064
-17.5398
-30.7441
-13.0768
-14.4652
24.8066
17.0750
13.0693
0.4326
9.4322
-51.4256
-12.2508
29.6938
14.0152
18.8020
-1.4850
6.8098
22.1586
0.1536
7.4934
-11.7172
-17.3225
-22.4586
-25.6086
7.0594
11.0109
4.5906
3.0828
-1.2438
3.9398
16.8602
-2.7363
-14.2465
-9.6479
5.9711
-21.0523
-26.0887
-35.8242
-34.3008
-27.9715
-33.9898
-5.9207
-8.5883
-3.4665
6.9215
-29.5961
-24.0008
-37.5750
-49.1977
-25.8457
3.7805
23.6558
-8.1391
-1.6832
-40.9789
-2.5656
10.6340
-24.5805
-4.9918
13.9789
-14.3527
-8.7598
-13.9201
-17.3272
-10.4156
32.1195
18.9258
24.3836
-14.0180
-31.6375
-15.1891
-48.4297
-49.4969
-34.3496
-30.0562
-15.0415
4.4310
-30.1547
-44.3992
-19.1367
1.6668
-23.6297
-11.6543
-34.2002
16.9305
-6.4057
-7.4926
-31.2102
-24.5758
-41.9172
-29.8062
-25.1742
-15.0523
3.6035
-4.8527
1.2660
6.8867
-35.0965
-25.2805
-22.2328
14.3510
6.4455
25.3766
-7.6223
-38.0789
-49.6953
-13.4545
-0.2489
4.2285
14.1082
5.7395
17.9357
6.8742
-34.2080
27.7359
18.4594
16.8328
26.6023
10.6602
-1.8113
3.6281
8.5336
21.1266
16.5875
-5.1555
-41.4727
-3.1127
21.0301
-27.8937
18.1070
17.3203
-0.1848
18.6969
55.8914
14.0335
10.4133
33.7781
5.9668
-22.9578
-25.4781
-25.5330
-24.9803
10.9887
20.5386
-10.4139
1.9398
27.4160
22.7031
10.7000
-2.0082
-5.4000
-24.6437
-45.6164
-18.7328
-34.2781
-32.3070
-23.3937
-39.9141
-40.8297
-23.3223
-1.5971
-28.5238
-21.1234
-18.0127
-11.9812
1.8107
4.3484
20.4391
52.1117
12.6375
19.0147
-3.8781
-43.3371
-8.9622
-62.6773
-18.0734
-57.0742
-46.8187
-26.5078
9.2451
-0.1109
-30.2523
-34.8937
-38.3094
-22.8461
-42.7461
-6.5227
-9.7041
-16.8432
5.9979
-53.8063
2.7273
6.6859
-46.0719
-49.5109
-42.0602
-35.0852
-22.7209
15.3176
50.0484
14.9656
20.8059
26.8867
49.9879
18.5930
10.6109
41.8789
23.3997
-5.9816
-13.6145
5.3407
-14.5492
-18.5850
-16.8375
38.4289
30.8672
52.8055
25.8215
-8.1508
-36.8156
-3.3078
-39.1813
1.0327
-2.1883
-8.8232
-10.6812
-19.0281
14.0629
1.3664
-11.1614
-2.1675
24.3109
7.4711
45.5418
10.3871
9.6672
22.8906
9.3512
-20.0898
-13.0223
27.0203
-4.0867
-4.2246
-11.0312
-7.3596
7.1303
21.5500
-2.9023
-5.3426
-1.4537
2.1512
9.0156
15.4512
14.7242
19.1930
-20.8322
16.2273
-17.1234
-10.4656
-39.4430
9.8302
10.9984
18.4680
-3.9525
-17.7906
-37.1312
-24.4813
-12.9148
-17.7414
39.3426
7.3656
-23.6637
-24.5047
-7.6292
-51.8430
-13.6086
-19.3961
25.8937
4.0687
-21.1406
-36.7828
-18.9023
-28.6984
-59.3141
-4.3750
-39.3867
-32.8531
-28.2078
13.3160
-14.6355
-11.7379
-0.4289
28.3133
16.9615
-12.5125
-33.6548
-5.4979
12.4980
0.5891
34.5461
-10.8520
30.7725
-43.2750
-39.9336
-13.6215
-32.8484
-3.9871
-5.0643
-18.8918
7.5984
-32.6836
-19.8957
12.2453
15.8227
-25.9352
3.1008
-30.7664
-26.3953
-45.9297
-17.5129
0.6016
2.3667
4.1707
-3.0157
-14.0227
-9.1184
1.6621
-1.9855
-12.8617
-9.3805
-21.4227
9.0232
-38.9219
-22.5055
-57.0812
-38.5516
-56.4672
-16.6382
-6.1856
8.5539
-2.2133
-33.4633
-37.4180
-0.2807
-32.8840
3.7367
9.3805
22.0578
25.2414
-25.0859
-21.9250
-15.5832
-21.4512
-27.5434
-9.9613
-22.7047
-28.5141
-13.0906
-37.4406
-48.8039
-44.9930
-57.5148
-37.1937
0.7762
9.0951
0.3832
17.0281
3.2598
-21.0037
40.8555
3.1531
27.6309
-1.8502
2.8148
9.2492
-27.9041
-25.3988
-29.7242
-1.6415
-8.2395
-53.4984
-29.7516
-53.3172
-40.1945
-6.7646
-18.0844
27.5754
36.7758
24.7117
34.4023
31.7828
30.8180
13.1254
-22.1351
-45.8859
48.0887
-45.7023
-39.7164
-50.7930
-14.5875
-58.5594
4.3881
-8.2638
-18.9789
-49.5055
-6.0133
-7.3332
-22.2992
29.6633
14.6631
-6.8117
-2.4305
26.8617
1.8015
-14.4156
-33.9125
-17.6031
-15.8297
-16.9697
6.1836
-23.7867
-22.7656
21.4098
-23.7701
-1.8879
-52.2602
-14.5781
-19.8501
-7.4918
-26.1520
-8.8984
16.7352
40.5398
22.5211
20.6770
-27.2652
-14.8891
0.0758
-25.4691
-41.1711
7.5609
-35.2213
5.3023
14.6195
-32.3477
-10.1353
8.5437
31.3508
43.1070
24.5008
11.8594
17.6121
-3.8783
-4.0664
24.6203
25.0562
26.1945
-2.0914
16.7906
14.8512
-42.7336
-4.4840
-6.0087
-42.7336
-42.8508
-20.8770
-24.9789
1.6164
-12.6334
6.9283
10.7350
-45.4406
-22.6857
16.9156
5.4930
-27.6914
-30.0679
-13.8297
-15.6062
-12.7953
13.4828
5.8656
3.8719
-19.8984
-53.3180
-7.5494
15.6161
3.0187
-40.9344
-30.7389
-24.8884
-23.8781
-43.9437
-27.2117
-8.4777
-4.2793
-37.5773
-12.0051
-8.4779
-9.4964
22.1422
14.9793
-3.9352
12.3992
-2.7410
2.9289
3.0052
-16.3574
-31.3387
-16.8763
-26.4758
-40.5133
26.8230
13.9978
-33.2527
47.2734
31.1047
14.1438
-16.6168
-8.4720
4.9323
-8.6650
-35.2266
-50.8961
-25.8172
-34.1352
-15.1234
-51.8172
-39.6121
6.3031
-7.2745
-26.6260
13.5713
-25.0295
7.0719
-5.3170
-2.2586
-1.8507
-8.5203
-31.9695
-18.0906
-5.4766
1.5508
-2.2000
-2.6102
-45.9422
-30.0789
22.1633
26.9691
9.2965
-11.2312
-21.4322
-25.5082
-2.1557
1.5348
1.2246
-43.0086
-24.6477
1.7586
-14.2152
3.1965
-18.6078
-12.1008
-29.3594
-46.2305
-17.6469
-19.1117
-14.7000
-19.6520
-21.1637
-16.8305
21.2289
14.6309
-1.6525
-11.5547
-16.2448
-6.0332
0.6049
-21.8609
-36.4188
12.2805
17.3703
10.3988
13.0141
37.2961
24.0891
28.2180
23.6395
13.1922
-7.2071
27.0566
14.0247
-9.2250
6.5320
-23.2945
-34.2836
-2.2758
-8.2891
-33.9887
-4.4820
-21.5855
4.2744
-39.0477
-15.1277
17.7705
-36.0156
-31.8285
14.0684
-4.1301
-22.8563
-22.8359
-20.3172
-25.8633
-15.5105
-18.8141
-40.7961
-10.1691
-34.1909
8.7830
-17.0684
11.1883
10.3309
-7.2367
5.0477
26.5000
-4.4537
-45.4285
-7.7336
-26.7805
-6.3945
-50.0258
-23.3078
-16.9932
5.9254
-16.5533
7.0980
11.3695
11.7009
-53.5578
-15.8502
-2.9559
-31.8594
-2.3307
-5.1043
-30.7477
9.2227
-2.7849
-55.2523
-6.1020
-44.0734
7.8598
-27.8383
-39.8398
-15.7270
3.9571
-47.7664
-4.5151
-34.6247
-4.2836
-21.3864
8.6836
2.6531
-3.5060
-13.2777
-25.6617
-9.1494
-3.7863
27.0906
14.6605
-9.9223
-41.1977
3.5428
15.6547
-3.2461
-6.2689
-23.5182
-35.6734
-36.8195
-42.4703
3.8449
-16.4989
-23.6656
-14.7082
-20.4969
0.8055
16.9207
20.9195
3.0883
-13.4436
-11.9754
-16.5773
24.6000
-4.3887
35.0648
24.9797
-8.2668
-19.3133
-8.2525
-1.1488
-33.7799
-10.8199
30.1133
48.4688
0.0234
28.4270
-39.5781
-41.0258
-19.8188
-14.5982
-23.2781
-18.3475
-40.2633
4.1680
-7.0180
-51.4531
36.1684
-4.7955
-38.4688
-20.4869
3.5539
30.9012
26.7648
15.3172
26.7406
27.3094
-8.8953
-11.6180
-17.0014
12.5750
0.0436
-31.8898
18.7680
20.3758
-8.4791
-13.9926
20.3824
4.0281
11.7266
18.3797
9.7484
-0.7391
15.8316
3.6639
-7.0174
13.9837
-1.8594
-0.9418
-53.7633
-25.8420
-31.5863
-7.0951
-20.9646
-21.9488
-4.2109
-15.6607
-48.2176
13.0387
13.3737
-11.0066
-3.4895
3.4185
8.5391
-22.4726
-30.2313
-33.5176
-15.6922
-6.9170
-13.1838
-40.3758
-3.3852
-31.4836
-7.3645
-3.0223
-10.0674
-37.3289
-18.0086
-28.8375
-16.0698
-24.5318
28.6352
25.3717
-18.3637
26.5539
-41.6094
-7.8953
-44.9723
5.2299
8.3689
6.5328
17.3939
-22.8872
4.6637
4.3652
-27.4562
10.9520
4.3951
8.8507
-9.3281
25.0117
7.7352
30.5211
-8.5418
7.5139
-1.8992
-2.3254
-13.9797
20.8820
25.3563
33.2465
-13.0928
14.7008
6.9875
-17.1210
3.0971
-18.2606
17.5648
-14.1984
21.6969
-5.7633
18.3998
-0.2105
3.1906
25.8539
1.9219
-38.8742
-11.2672
-3.8234
16.6633
26.9586
17.0555
10.0957
18.5043
9.6844
10.0574
12.4598
-5.0108
4.3881
24.5617
-5.5615
14.9746
-0.1576
1.6889
-28.6953
-25.9375
-16.3158
18.4324
-30.7500
-47.1773
-33.1219
-14.1473
-24.3637
-13.2500
-42.4211
5.1410
-11.1156
4.0258
7.6758
-0.8262
11.9406
22.1434
8.7191
54.0953
46.2125
6.1613
-0.4211
-9.3105
-38.5523
-44.7867
6.9305
-18.5275
9.7006
20.2398
-5.3344
-13.3566
-27.4156
-21.1290
18.4785
-11.6387
-0.9067
-24.2914
-13.9035
-5.0846
10.3125
14.1863
24.0574
-8.6297
-40.3344
-41.3031
7.3727
4.1770
31.8102
-5.0740
-8.9598
-24.2516
-26.1262
-33.4719
-32.6551
31.2880
-53.0703
5.5340
-15.4758
-40.7562
-13.7523
-21.0766
-6.0689
-26.5980
-7.2695
19.0168
-10.4001
32.8840
-13.8492
-29.2551
-8.1607
-17.0078
44.4977
12.0797
13.1824
-9.6898
-36.8047
11.4533
-30.2953
-5.3271
-39.8609
-14.0261
2.2641
20.8047
-40.7234
-31.4898
-31.8844
-10.1988
-15.6850
-1.2875
-0.9564
-27.1336
-8.8540
-18.6352
10.1523
38.3785
15.7037
19.1078
-4.6366
0.6605
-15.5471
14.2188
-18.2887
6.3328
7.5637
27.0852
25.7949
-27.1367
-12.0012
-2.3975
-44.8391
-4.2438
0.1544
10.0047
14.6023
50.2086
2.0664
11.4836
-5.2168
-13.8674
-17.8781
-20.0016
-6.9570
21.7324
-32.6758
-0.0744
4.4375
-1.6543
0.2098
-7.9871
15.7785
29.9039
54.9273
25.0445
1.1293
-14.0885
-23.4242
-4.7461
0.3293
8.5871
-9.0651
14.5875
15.4943
-22.5438
-34.9000
3.5461
15.8066
-25.7426
-13.9563
35.6086
21.1348
-9.1113
-21.5686
6.2131
-5.8328
-22.8398
-12.5457
21.8312
19.4250
8.2031
-5.1321
9.9430
-2.1469
-11.7055
9.9116
-18.1930
-38.7992
-30.6145
-7.1898
-8.1058
8.5820
2.2516
-7.2738
-7.2648
-4.3991
-17.0281
-49.2078
25.3301
13.2302
-26.6391
-30.1367
-6.7941
-1.9906
-8.9316
-12.4660
1.9859
26.0406
-9.9234
13.1227
55.0000
39.2492
44.6441
-17.7020
4.5625
-1.7313
28.9508
6.4285
-23.3386
1.0065
-38.8281
-30.0500
-31.9367
-11.5508
-36.7641
-26.3539
-41.2906
-38.8102
-28.1828
-28.3336
-43.6840
28.6094
4.5118
-16.7180
-20.6578
10.7688
-49.0977
-29.2145
-22.8682
-9.0182
5.1945
-30.6867
-19.9139
-40.4703
1.4987
-28.5187
-1.5688
2.2719
-1.4463
12.1738
2.3086
-45.1148
-44.1656
-16.2407
-28.4913
17.8289
-15.5746
-14.9262
-17.4090
26.3625
18.5625
-0.2049
-12.6160
-21.0912
12.1352
16.9676
2.2227
11.1840
9.9898
4.0297
19.3363
-23.0164
-4.6172
2.1590
-11.6156
-32.2043
10.9241
-30.8922
-47.2633
-9.1945
-3.3309
-15.3164
-16.1640
-2.8641
-20.6117
38.7645
4.3340
-23.4918
0.8078
-26.8633
-35.3500
-49.6508
12.3027
4.2125
-21.6607
-20.4422
-26.0023
-20.2086
15.0746
-18.8025
-15.2738
-0.3781
-36.2344
27.0730
20.5375
38.6008
-25.9023
-34.5238
-38.6617
-58.4055
-38.9711
-1.9516
10.9064
-40.9875
-17.7830
-8.3023
10.7641
-25.7188
-35.4109
-14.6687
14.9805
18.1090
-4.6814
-26.4492
42.7195
35.7812
-2.0547
11.0645
24.0336
5.0814
-24.0906
-7.0746
-7.7814
-0.0495
-7.9938
-17.2423
-5.0941
23.1121
-23.1988
15.7348
-18.2023
-49.1867
-26.9820
-57.2125
-43.7047
-1.1379
15.7578
-5.0648
-4.7841
11.7949
2.6094
-24.0985
4.2104
-27.3695
-26.4570
8.1086
-23.2849
3.0480
-23.6682
-4.9491
-8.6200
-39.7516
-10.9215
-40.0141
-7.7562
-48.4492
-46.8812
-16.3555
-38.4297
-22.8117
-27.9516
-39.9763
-5.0455
-5.5854
-19.2484
-11.6129
-15.7641
-41.7195
-38.4117
4.0383
-10.3973
0.0707
-4.5518
-25.9906
-53.0789
-50.9117
-25.8547
-43.8239
14.1230
-15.3828
-10.1372
-37.3090
-10.4721
-10.2461
-6.8344
14.6953
3.9328
18.9219
4.6867
-5.5410
20.4559
-3.6041
-10.8895
16.2301
-5.8633
1.6500
0.1336
-20.0121
2.1932
-29.1365
-24.8008
-48.3559
-18.1928
-12.3822
-5.8457
-5.8510
-10.6762
-7.0441
-8.3961
9.1605
-7.2840
-40.6836
-26.3041
5.7752
-4.0453
-4.7684
-2.1906
8.1195
24.4664
37.0367
25.1391
-10.5371
5.4223
-23.9492
-15.1117
-41.6984
-32.4249
32.1770
-12.1841
-44.2430
-8.8637
17.7867
2.7828
25.9371
-12.9219
-37.0172
19.8047
17.6148
11.5055
-13.2734
-24.1455
6.2258
10.0129
-34.2203
2.8812
-4.6625
22.5254
-0.0273
-10.4168
-23.9945
0.0416
-4.6121
-36.6078
-46.1836
-17.5445
7.5238
-3.2379
-4.8543
-35.1937
-34.3020
-32.6307
-43.2477
-27.8023
-7.0457
-41.1605
0.3398
-7.0842
4.0289
39.2812
2.3344
26.1148
-0.8629
44.8141
28.8286
5.2059
-24.7548
-39.8406
-5.0312
-1.2691
-14.9867
-9.1361
14.5430
9.4494
21.2594
3.8984
-6.6809
-13.0352
-12.3949
26.5865
15.7469
-8.9266
33.2719
10.1969
11.0820
-5.6827
-9.1695
-34.6875
-47.0910
0.3076
4.4715
-8.5094
28.6977
32.3445
30.9797
8.6590
-6.2377
-25.8964
-10.4845
30.2819
-22.6844
-39.2383
-4.1727
1.4699
0.5141
-12.0023
-35.4484
-1.9484
-10.9464
-23.5309
26.2305
39.4383
39.0496
13.4551
-9.8795
-9.6581
-4.8723
-16.6281
-12.1344
-1.8492
38.5234
10.0510
7.8234
11.3336
44.7367
63.7918
-0.9820
-24.1023
-25.3227
-32.1047
6.1447
-40.7484
-30.0619
31.3445
52.9086
30.4523
14.8469
50.5977
53.3000
36.9930
-28.8506
-1.2367
7.5539
-27.6754
4.4086
-38.1688
-60.3656
-24.6508
-6.8543
11.2434
-20.0824
0.9719
10.8195
3.2588
-40.2414
-45.4586
-13.9180
27.1547
22.3547
32.8660
2.4432
-13.2665
9.9811
3.0910
-7.3746
32.9730
3.0489
1.3541
23.3906
8.1727
-0.1055
-14.1086
32.8742
18.6156
21.4793
4.3656
-39.9316
-6.5842
-25.8301
13.9674
-16.2496
11.5898
25.2516
1.4053
5.2264
-35.6664
-38.2633
-60.5000
18.4248
8.0301
1.3625
-45.6469
-56.4289
14.0598
0.0137
-34.0703
2.9551
-14.8625
14.3590
1.9227
11.4719
-2.4612
-11.2320
8.3637
3.4508
-16.0492
1.5914
-6.8223
8.4227
50.4270
-1.9305
-39.6188
-39.9586
-56.3992
3.1466
-39.8531
-44.8516
-17.5613
15.7664
4.8133
-3.2612
-38.4148
3.6232
-4.2883
39.0148
21.3586
-3.6125
-2.9057
11.3268
-16.4668
-9.8551
-25.6703
-15.8965
4.3724
1.2727
18.6570
-17.9680
-19.6664
20.5711
22.7168
-24.5902
17.0813
-21.9672
6.7410
-12.4859
-34.2031
3.2730
4.2402
-9.9711
29.4242
46.0930
45.3281
43.9301
3.1305
-45.6953
-3.3222
-1.4234
-30.8599
-37.2336
2.6070
-9.9547
18.3973
-7.7562
-34.7805
-23.2828
-6.1625
-26.5652
-0.1366
12.4512
11.5690
-10.6047
-32.3328
-48.1859
-31.8336
-17.7513
-29.6461
-1.9854
8.6902
25.8430
21.2055
-9.1717
-22.5805
-0.6574
1.1094
-49.7863
2.1607
-26.0961
-57.0984
-28.7375
12.6750
-31.1586
-23.6848
24.3105
19.6383
31.7969
22.6623
-12.6570
2.6773
-43.7023
-16.6652
22.8867
11.0383
13.9586
30.6445
28.9484
10.1457
-9.6196
-25.1463
-22.6445
19.1617
-3.4592
-27.8113
-4.3227
-7.8930
-11.1234
20.9124
-55.5375
-23.4664
-2.7599
-0.9945
-16.5168
-25.8275
-5.5726
-17.6809
3.5602
21.9711
27.1094
12.0652
-42.3508
-5.2113
-24.6141
-15.8102
-11.3555
-20.3031
-47.3023
-38.5105
-7.2836
15.6109
-3.1809
10.6367
8.3484
42.0609
42.6367
-16.1263
26.6164
18.3795
8.4152
9.5207
12.4887
12.1367
22.1812
24.7906
18.3602
6.9820
-21.6328
-13.5053
18.2945
-36.8086
-23.6023
2.0414
-35.9164
-4.2020
-21.6500
18.3785
19.8320
14.3648
-10.0578
5.2841
-33.4313
-7.0742
-37.8812
-27.7906
-37.3876
8.6242
-49.1805
-40.6785
-19.5434
32.3518
-10.1971
21.4895
13.8578
25.7414
2.5246
-2.4109
-42.1747
2.6218
-33.6719
-35.6930
-28.9168
17.3000
36.7453
6.3556
-20.0109
14.2539
14.8617
-27.3657
-18.3086
-32.3492
-6.3806
-18.9609
24.6629
37.7049
-23.4484
1.1172
1.3188
-13.8684
4.3570
-24.4939
-15.5930
-11.6641
16.8246
-33.9154
-5.0563
-9.6535
-12.7582
4.3070
-2.1520
9.8953
-24.2483
-25.2152
16.8188
-20.1449
-39.8328
-44.3164
-15.9643
-6.8650
-11.0121
-36.9117
-43.5469
-27.3760
0.2562
-19.2434
-5.5914
-25.6023
-1.1049
-38.2430
-35.6219
-39.4094
0.7807
-18.8854
6.5691
-12.6539
-4.2793
17.2887
46.3453
-1.1043
-3.3779
-23.1343
31.4008
0.0376
-26.0297
-15.3539
-0.4250
-30.5988
-22.9398
29.2328
9.7353
-16.4432
10.3289
-17.9473
-45.2502
-9.5141
22.6562
-32.7516
-9.0734
3.0453
6.2824
22.6234
-12.6193
-17.2432
30.8000
-11.4682
6.2328
2.5211
33.6219
20.3855
1.7236
0.0180
49.5719
15.9041
-21.6793
-15.5359
-31.3719
-24.8945
26.9652
-14.3489
16.5613
1.3572
3.1493
-2.1828
20.7090
-30.8813
-28.6521
11.9652
31.0293
-6.6500
-37.7438
-6.5332
-10.3285
-5.4906
-27.1805
-0.5240
-7.8656
-5.8531
-47.8633
-54.7750
-31.6531
-37.4859
-31.3740
9.0168
17.3832
-8.5185
5.5742
11.6281
0.5898
6.8205
-7.0746
22.8184
28.4414
-28.3094
-19.3738
-50.5969
-12.7428
-24.9047
-23.8977
2.2476
-13.2492
11.7383
11.1305
-5.8190
-4.5480
-20.6761
1.4270
-22.0084
2.7008
27.0531
18.0621
8.7641
20.1523
4.3711
-27.3453
-16.3761
-8.8938
-37.4156
6.9363
-9.1106
11.2242
-9.5434
9.5148
-4.1531
15.7283
-36.0938
-19.8094
5.6890
6.8895
-13.3374
-26.6672
-29.7289
-31.8645
-21.8428
-22.1823
-7.7852
58.9266
59.4797
41.8988
-24.9304
-0.3602
-50.8180
-36.8750
-27.9719
-22.4633
-21.7922
-37.6816
-15.8969
9.2232
5.3859
10.7719
8.7474
-35.9093
-31.6734
-24.4168
-49.3477
-16.0688
-26.1422
-25.7664
-5.8734
-18.8570
-35.1617
-57.3891
-51.1016
-12.8465
-20.8743
-37.1336
10.9641
-13.9660
38.2055
32.8484
43.1871
-1.2416
-38.2203
-29.3656
8.8531
-0.8034
-5.0654
6.6840
-18.3500
-45.4523
-30.4789
-13.8832
-35.0492
29.6473
-3.7508
10.2152
14.1287
11.6531
1.3980
-23.0535
31.0246
11.2057
-4.1699
-21.8309
8.3611
-19.8984
-24.6008
-26.2590
11.4883
18.4613
-7.9410
-18.1570
-23.8895
-4.2227
-22.3660
-22.6945
-31.1992
-15.8225
-33.9148
-37.3398
-23.6324
-15.6076
-1.4465
3.6227
5.4971
-3.3744
-21.9449
-12.6105
5.5301
-13.1676
-34.0820
-1.9895
-37.9360
18.2477
10.5504
4.0068
-28.7023
-9.7536
-9.5246
-30.6879
-27.4477
-6.5469
-44.0438
12.0193
-28.7391
-40.3836
-40.3445
-14.4982
11.6531
24.7539
53.8000
9.2297
45.1969
37.7180
51.5859
21.7883
2.0685
2.3759
-38.0836
11.3597
-5.6205
-12.2818
-11.7305
-33.5828
-6.6584
-14.2680
-31.8883
31.1297
-12.3601
8.5742
10.0836
-9.2464
14.1191
-6.7900
10.9848
-5.7621
-26.3840
12.2485
33.7672
31.8414
48.3234
21.0438
-12.0697
21.6449
9.6203
-2.2891
38.8410
23.3268
19.8102
56.1867
37.2062
-14.7390
-32.2875
4.4371
-29.8443
14.7480
-33.9953
-9.6795
-0.4602
-37.7727
4.9330
10.9243
-14.6578
-22.1234
-13.1957
-26.8135
-8.6078
4.0355
-48.6773
-48.6961
-10.0030
-35.4766
-34.2324
-31.8813
-6.4590
-31.3266
16.0625
19.6562
17.4352
9.3297
-10.0969
-40.5547
-4.7891
-47.1672
-47.2250
-16.7344
8.3613
-46.1734
-51.5523
13.4470
-12.2914
13.6695
15.1401
-27.3453
-31.0582
-9.8883
5.2844
1.5409
-21.0022
-17.6746
-24.9006
0.2867
24.0453
6.8379
-23.0055
6.5809
-3.8227
21.9379
4.2547
18.2973
-20.1635
-13.5891
-46.8070
-48.6547
-2.2449
18.1777
-33.5996
-27.4265
-15.4140
4.6566
38.3492
37.3727
0.7516
2.8165
-51.9945
14.3316
-14.2084
-4.1699
11.7980
-33.0789
-23.6398
5.3847
-41.3094
-5.4741
4.2586
-43.3902
0.5145
12.8730
26.1723
16.0408
-10.7207
8.3104
14.7414
-22.7227
26.5441
-50.3074
-7.6453
-25.4104
8.3051
-13.7070
-40.8039
-55.4562
-37.8773
-50.5516
-11.5188
-17.7512
-24.0569
-24.4801
-8.3738
-14.3395
-23.1732
-13.4023
-36.6789
-31.9312
-7.7487
-25.4261
-8.7559
3.4281
-10.0660
-0.7172
-30.2447
3.2258
-16.1648
-47.0742
-24.2256
-23.0562
-2.8461
32.6676
1.9633
-36.7371
-11.0236
-37.2781
-8.1938
31.0184
-3.5180
-15.4288
11.1238
2.4211
31.4645
-15.0904
-27.5257
21.2000
-6.1844
-9.8516
1.2900
-22.1063
-34.8809
4.2934
-21.1902
-28.5805
-43.1937
-34.8367
-8.5680
-27.5320
-20.7859
3.7781
-2.0323
-16.2902
-2.4422
9.4863
4.2188
21.9215
8.1951
-18.5098
6.3095
-0.1340
-5.7707
-10.0254
6.0729
-41.5766
-33.2391
-47.4766
-36.7000
-24.2237
0.0859
4.4828
10.4273
-2.7882
-11.2023
-11.0702
-41.8410
-2.1312
-23.6020
-9.5051
18.7928
-11.0906
16.1707
-26.7922
-43.4938
-9.3034
-3.8026
-33.5785
28.7078
-6.8234
-31.3885
0.9672
2.5111
-31.3984
-24.2395
-40.5102
2.1621
-7.0182
-4.6691
6.9285
-14.6664
-52.8168
-48.9844
-15.5988
16.9727
-17.2680
-23.8898
48.1920
2.9254
11.2051
-31.2484
-44.7352
-20.3865
0.1953
-11.0848
11.4520
-10.6921
-16.6750
9.4055
4.1578
1.6207
3.9773
1.0799
11.5117
-29.0125
-53.5938
-10.6074
-8.7250
22.5871
-8.6094
-17.2043
32.9051
18.8188
22.5820
3.2664
-0.8221
2.4748
-14.3691
14.9578
-3.7861
-18.3371
-16.9193
-20.2422
-34.9148
0.0191
11.0707
-51.8609
-45.9938
-22.6070
-29.5328
-56.6484
-26.3258
-43.4383
-15.8544
-5.1699
-8.2725
-57.0625
-14.6551
-26.2466
-22.8719
-16.4211
-28.4079
16.7391
-30.1208
-1.9836
-29.6484
-15.0402
-5.9076
-28.5465
-29.8559
12.1719
45.4727
40.6930
2.7883
50.6871
10.8992
10.8203
11.0402
17.3172
-0.5312
-8.4597
-33.9883
31.4164
9.6376
-20.1516
-10.6985
-2.0613
29.4891
11.0043
33.2729
-34.0930
-43.9477
34.6797
-3.7113
20.0957
-7.5062
-23.2281
-40.3422
-39.2352
-14.0971
25.5672
27.0039
10.6391
41.0270
-18.3563
-30.5391
30.5043
-28.5742
0.4625
3.5325
-8.8648
-9.1371
-7.0997
-25.6406
-28.6508
-40.4891
14.5751
-45.1195
-38.1297
-44.3109
-43.3395
-21.9748
-3.6582
-0.0987
-16.1922
-21.0984
-8.6614
-47.4461
-18.8625
-1.6134
-17.9441
-32.3227
8.1556
-31.7922
-55.0328
-22.0602
-36.7266
-30.6758
-23.1700
-32.1742
11.6094
7.3344
20.7203
-11.4546
-39.1977
-13.4715
-23.3508
23.8383
26.7828
9.3820
1.7348
5.9168
-11.8178
-7.6379
22.3969
5.7471
-41.2641
9.4514
-0.3676
-3.3768
-46.1680
-19.2781
21.3758
1.9398
3.8805
22.3531
29.7789
29.0359
32.5250
0.7879
-43.7086
11.4578
0.7527
-16.0581
-12.9035
0.4490
22.3738
-0.5929
1.8096
-8.3639
-15.5141
10.5621
-41.8648
31.6324
-19.6547
12.5613
10.4156
23.7535
-1.9440
-33.4664
-2.4357
2.7578
29.1328
33.1547
-7.2078
13.5078
19.0516
36.5211
-6.7570
16.5797
22.5266
2.9477
30.4773
17.9320
12.0555
35.4359
19.5477
12.5933
15.5184
-7.0309
-12.1277
42.7867
-5.2854
-14.2258
6.3148
35.3789
44.9966
-35.7422
5.1031
21.8523
23.5375
28.8336
47.6867
23.6648
11.9016
6.8096
-6.0578
28.7758
37.7305
8.6770
-9.9297
-4.6330
-22.9922
-16.2727
-26.6594
13.7109
57.6578
30.4762
10.8087
-27.5555
-36.0059
-14.6313
-48.4047
-34.5867
-58.9383
-30.4469
-0.3873
-7.7602
22.8008
53.5379
-18.4957
-35.5715
-6.4826
-20.0492
-9.2406
-1.4848
-23.3890
-1.7613
-35.5117
-7.7133
-17.8409
-1.4891
10.7328
48.1555
16.4844
15.6377
-8.2500
-26.5709
25.3355
-11.4766
-4.8398
12.4045
4.1930
-8.3699
-16.9023
-11.9234
-30.8289
-4.5312
-1.8252
3.4696
-32.3242
0.3289
10.3547
17.8324
0.2496
20.8854
-15.6859
13.5312
15.9270
11.3303
-7.5297
6.9759
14.5682
18.6652
3.4445
-27.8044
33.5633
18.2664
43.8426
13.6836
31.1648
-7.0285
-4.2188
-23.6684
-11.5413
-17.2147
20.0000
32.0656
13.3201
-0.7430
-15.5453
2.4043
-18.3707
26.6340
4.8885
-19.0908
1.3027
-52.9539
-25.4258
-45.6984
-33.4461
-11.8664
-39.7062
4.7648
-30.1352
13.2328
22.1480
6.2312
-21.1584
-13.0801
3.3725
-33.4219
-43.1547
-25.4129
-34.8445
-30.1508
-49.5844
6.8031
5.6230
-1.7469
29.4166
13.8152
-33.4250
23.1453
-18.3707
22.9883
0.6129
3.7383
-5.9805
-20.8453
-9.8521
-23.7098
5.4375
1.9930
-22.5297
-17.6535
-19.0766
-4.9484
-41.2383
11.8033
-17.5992
17.3703
4.3840
-22.0666
-15.4656
-30.4844
13.4523
-18.8867
-32.2562
-20.9174
-1.4936
-5.8590
-0.6824
31.6664
11.9945
2.5043
-18.5102
-17.9452
25.6375
-9.0340
15.2484
9.6922
12.2910
-17.1137
-8.5410
-27.4492
-30.7195
-50.4422
-52.1328
-13.0420
-27.5969
6.7566
-15.5445
-29.7742
13.9348
19.9188
-40.5344
-28.7125
-27.3195
-5.7504
-11.5469
-38.4938
7.3992
-45.0648
-36.4273
-38.6359
-12.2180
-38.4469
-41.8211
-2.2258
-46.2422
-13.8187
3.2079
1.2859
-28.5359
-52.8578
3.2592
-48.7070
14.9672
-40.6883
-12.5629
-10.2437
11.8703
-10.9273
-24.1939
48.2344
53.0125
28.7590
36.8273
-9.3570
20.5227
-6.2805
9.7898
26.9469
9.9314
2.6230
-21.6598
19.8910
-6.2269
1.0961
-27.8062
25.7945
41.0312
3.3875
-2.3857
-10.4113
13.7852
35.0758
18.6861
-8.2492
-46.7461
-1.0109
-16.2875
-13.5289
-17.0660
-39.3242
-9.6113
-32.6891
-42.3766
-8.8791
10.5848
29.8633
-2.1574
-13.5287
-36.6852
-26.1633
-4.8554
5.1930
-9.4529
-27.0031
-18.2687
-48.8320
-3.5344
-21.2352
-23.7859
-12.5320
15.4672
12.0680
-14.0982
0.8570
3.9867
4.6680
-0.3268
-20.4867
-7.2594
-12.9113
-16.8383
-3.7014
-26.2758
-41.8852
-18.9902
-38.0629
9.5829
-22.8027
-8.4207
-32.2529
8.5367
-22.4453
-47.5164
-47.9258
-39.1500
10.6656
35.2305
-4.1929
0.6389
2.4203
12.5387
40.0164
40.9867
21.1266
-36.4391
-39.7570
-20.6441
3.5418
-0.5855
-31.5984
-44.9922
-23.9797
-0.6016
-29.8473
6.3875
25.2789
-8.1660
-14.0246
13.6523
46.2883
36.4543
-13.7809
-29.5423
12.7939
-40.6533
7.2992
3.8910
15.2496
4.4273
-10.1938
-19.8451
-2.7139
-11.9312
11.9404
-32.2258
2.7496
-19.5455
-16.4273
-26.5016
-24.9875
-22.3539
1.4695
5.7184
13.6516
0.0638
3.3223
-37.3475
23.0680
10.8219
11.6023
24.5297
-0.7320
23.6863
-6.9535
17.6965
14.3109
-12.5566
8.0770
5.9916
-14.3334
-9.7091
-3.3094
-35.6843
21.6570
-39.7883
-23.2570
-2.2609
-4.9633
16.5711
14.9516
-2.4477
3.3262
-28.5094
4.1805
-53.0102
27.9172
8.0227
39.1125
6.8039
9.5469
34.4221
5.9627
-13.7492
-29.8891
-55.1742
-29.1764
-24.4359
-29.1945
-34.4484
-34.2446
-24.1008
-2.8029
9.7465
-3.9727
20.8277
27.7359
15.4836
42.8590
-3.2008
20.5055
50.6773
31.9453
35.0078
28.0590
12.9734
46.6523
23.7875
10.5289
20.8625
33.7016
34.2664
36.9469
44.3758
29.7086
25.1945
6.2977
13.2727
-1.8891
21.6672
-43.7703
-30.4273
11.5027
2.2320
-27.7445
-32.2367
-33.8359
-16.8496
20.2852
8.2797
17.2414
38.6520
7.5012
-2.8453
-0.5422
-7.5312
16.9291
-35.0711
-40.0289
12.4518
-7.3593
-23.7652
-22.9963
-45.9400
-7.2289
7.2937
19.4457
18.8574
-4.2697
13.8848
25.7781
17.2508
9.1746
35.6836
49.3891
45.2867
13.6738
-4.2172
21.9695
-6.2906
4.1066
-22.8734
-35.6484
4.4822
-30.1383
-39.9375
-4.4502
-30.7410
7.1053
-35.9981
0.9387
7.2967
-37.6758
-43.6414
-22.9711
-42.6418
10.9324
-34.4672
-27.7426
9.0688
-52.7420
14.0836
12.2914
18.2582
-7.8214
-7.1632
25.3076
-11.6441
-17.1754
31.6578
8.9609
-24.1391
-16.9633
-26.9969
-39.0711
-29.3926
-35.5156
-32.1898
-30.1727
2.1043
-38.6273
-1.5613
26.5602
23.5633
18.0063
45.9059
30.8563
19.4961
32.9000
20.9797
15.7605
7.0023
1.5000
-19.4023
-58.5563
-26.7430
-13.6047
-8.4902
25.4383
-8.1590
-36.6386
-29.7444
-25.1010
16.3406
13.3254
-1.8629
6.7598
5.3438
4.4445
-13.1525
0.3391
-31.6879
-26.2984
-17.3424
9.9984
9.9396
-26.0133
1.2715
-14.0945
-52.9906
25.5875
46.2883
32.8109
46.9125
21.5801
3.3617
-36.5586
-35.9391
-7.9191
-29.9961
-23.2434
5.1703
16.4937
41.5023
25.2867
47.3891
22.1023
13.3098
-8.7027
9.5902
15.8980
25.6168
-3.7448
7.5430
38.8234
41.4770
-0.1072
-5.3962
-20.7102
-20.1393
26.5414
-30.9227
-1.5938
-17.9408
-36.1536
-8.8941
-5.1543
-27.6223
-47.8430
-21.0613
-19.1488
8.9445
3.2262
-13.7884
-0.3551
-21.2637
-12.4512
-23.5500
17.6488
7.3660
56.9461
-4.0848
0.1969
-6.4023
8.3119
-26.3602
1.1285
-21.2659
-16.2260
-41.3520
4.3766
-11.9187
-26.1547
0.4939
-13.3898
-7.7497
-20.4881
-7.0961
7.2719
5.8574
4.0719
-22.4750
-25.7695
-30.6125
-12.7066
-24.0617
-1.9590
23.7711
51.9805
11.9180
2.6094
-0.1467
-59.5305
9.9344
5.7525
-0.7611
-2.2018
-23.7122
-4.9454
-14.6547
-43.7023
13.3055
-16.4014
-16.8928
-17.9750
-27.3961
-19.9031
-17.3141
-32.5125
-40.4352
-33.6477
-21.7758
-38.9938
-14.9961
7.1457
-25.3507
-9.2148
24.9738
11.6613
-1.7242
14.9344
19.5312
42.4008
39.3109
23.4797
-9.4535
3.8742
-2.3291
3.5187
38.2660
23.9977
16.6801
-11.4340
-19.0367
-24.9422
-2.0362
5.1735
-30.5492
-34.8797
-28.4094
-20.6781
-20.8391
-28.1891
-20.9609
-41.3023
-3.7322
-21.8016
-7.2232
-24.5537
-5.3907
-6.5521
17.2430
28.6934
-16.0672
-5.8555
-33.5492
-33.7594
15.8078
40.3078
-1.0836
-28.7266
-24.5082
5.2646
-45.1852
-54.4469
4.2598
-36.5500
13.8188
12.5979
5.6570
-24.6926
18.2246
-27.5391
-22.4133
7.7777
24.6086
-10.5941
-3.5004
-3.3383
14.7789
-1.7633
-1.8358
-31.9762
6.8141
36.5586
8.6062
-10.7004
-41.6562
-47.7766
-14.9102
-49.4773
-20.7521
-3.8475
-2.4980
-17.8107
2.7855
4.3385
-0.1047
7.7125
36.6250
1.6016
15.2664
6.3102
8.1727
5.1482
12.8797
25.7000
34.6086
21.7336
1.3883
7.2166
-15.6480
1.2593
27.6194
-14.6478
-39.4148
-24.1785
-32.6937
-25.6468
10.1688
-20.3609
-14.8840
7.6699
-22.5523
-14.7969
16.0285
6.1729
3.5133
7.4211
-29.5469
-26.3330
19.6543
-23.7633
-45.8937
-16.3080
-39.7203
46.9359
13.5367
33.0000
29.9711
24.2055
11.0844
24.6289
28.8430
26.8078
17.5500
14.2070
28.4035
-0.9801
-10.6262
1.3568
-13.2516
-19.1051
-45.9660
19.8602
27.0867
49.8969
38.4719
-0.2672
45.2078
7.3799
-0.7734
-22.2124
11.0809
20.0891
11.0824
-9.3569
-11.2957
6.7609
32.3055
14.6781
15.4937
-12.1313
13.3920
-5.5504
43.4852
14.9747
-39.2852
-3.3063
-19.3164
-37.8883
-8.3300
9.6422
-16.2945
2.6023
12.8375
26.1914
1.2586
-22.2726
-1.3883
19.6785
-19.5824
-2.5687
-37.5297
-0.3916
26.6625
27.4359
18.0895
22.0125
33.0984
17.8172
3.7896
-18.8041
-9.7677
13.2141
3.7703
38.6480
41.4680
-5.3107
-9.1145
-11.9043
-42.5008
-25.6070
-32.7969
-2.0039
18.6773
30.9211
-36.4660
-36.5906
18.2897
-43.4742
-28.0336
-35.0195
-36.7617
-8.0319
-11.8980
7.9207
3.8589
-14.4930
40.7695
22.6273
41.8844
53.9516
36.6443
6.2722
-39.8898
-52.1578
-19.1066
-20.4323
-9.0445
43.7590
14.2125
9.1039
-35.2539
-31.1170
-5.7852
19.5562
-1.9660
35.2516
5.1305
33.3082
33.2105
7.3512
-23.6494
-14.0531
-20.6594
-26.5450
31.2648
32.1672
11.3371
17.3547
7.2013
-13.6027
-40.9375
-45.0750
21.1470
-36.1453
-48.1789
-20.5379
-9.4563
-44.9242
14.2109
25.7797
16.3988
18.5035
6.8703
48.2133
24.2367
36.5484
34.9176
24.1605
4.7398
3.2293
3.7517
-1.6863
-35.1797
-19.8332
-37.5005
-18.3297
26.9117
22.9531
23.2770
7.0195
47.4305
30.7836
-43.4484
-39.2703
1.3152
27.1043
31.5613
-4.9962
-1.3770
-33.7766
-19.8766
-25.0875
-19.4680
12.2961
19.4320
20.4648
13.0570
46.6914
17.6387
1.8324
-9.6430
-13.0492
22.8578
20.8148
19.3687
36.2227
23.5430
15.7484
40.8484
48.4652
31.2211
-3.4452
-11.8398
-6.0441
6.4752
-31.7133
-32.6148
-39.5633
-26.1145
5.9145
-16.8797
22.6641
36.0343
-26.4289
8.1637
-30.1559
-5.9320
-10.8014
-16.6707
10.4438
48.0422
30.5055
-4.2656
1.1187
-25.6859
-41.6469
-38.4617
-38.3195
-30.3320
-38.0508
2.5973
-29.7203
-40.3711
-8.2147
-4.7601
-23.2828
-31.7313
-42.1910
14.2566
-9.7885
-35.8342
13.6641
-12.9609
-29.9117
-5.7449
-16.1106
18.8117
37.3248
-3.4203
-37.3383
8.7213
-23.5031
-18.7887
-18.4219
3.5629
36.9445
42.1945
38.1539
7.5523
26.4961
1.0717
-32.4430
-39.6523
-37.1305
-33.0516
-39.4074
4.1027
-49.8852
15.6020
9.9797
9.8327
-22.3703
-14.5896
-4.1125
-38.1172
-13.4535
-11.8610
14.1990
-53.0539
-53.8750
-2.1283
-21.3676
-10.6645
-19.3117
6.4896
-33.3172
-46.1133
-23.7488
-15.8385
-14.0660
-11.2222
-17.4213
4.2307
1.7220
27.3852
-14.6681
-19.2086
-15.7012
-17.7563
-42.0401
-25.0195
0.2146
-5.9119
5.2488
-8.0875
-6.1857
32.0250
10.3375
-23.4309
-35.4891
-46.8836
-31.9094
-31.0406
-43.6672
21.2762
-22.2848
-13.1918
3.5553
-8.8922
10.0254
6.8863
3.0844
19.2508
-27.2758
-29.6812
3.2161
-28.3937
-35.0195
1.5203
51.7141
20.8508
-17.1521
-10.7223
-38.5883
-35.3703
-6.5625
32.4352
57.2055
60.3414
-8.4230
-8.8064
-9.3938
-26.8840
10.0646
24.5492
9.5293
9.8953
50.4160
-16.0570
-47.2055
-23.6500
53.7062
30.2195
13.7203
7.7621
-54.0367
-13.1412
-19.6641
-14.6641
1.3352
-34.5539
7.1266
-12.2012
-19.1766
-0.9977
-24.1023
-56.9289
-19.7543
16.5453
10.7289
9.8797
-19.1355
-2.0190
-16.9348
11.1654
-24.8121
19.3695
-12.8898
18.0484
-4.9547
-35.6867
-3.1018
-35.4719
-46.5141
-48.1680
-37.7062
-54.2000
2.5611
-13.3145
4.4930
15.0186
-21.1133
-17.2895
-22.7188
-8.7688
-16.3676
-22.5559
-30.9863
-22.6085
2.1451
11.7703
15.8547
38.4445
5.7494
-26.3418
-39.0430
-10.7967
-26.4648
10.0137
15.1040
7.0242
7.2098
-42.7828
-34.2898
-10.2818
23.5092
-21.6059
-30.0125
-46.4578
-34.2422
-0.5631
20.5922
-31.9953
-45.8117
-4.6922
-21.8824
-35.1953
5.4313
25.0898
7.8742
-11.2971
-40.9062
-27.0076
-19.6787
-13.1375
35.5953
4.9996
-4.4678
-16.7770
-12.3094
-16.6983
-55.3492
-27.5578
-46.3156
-44.7461
-36.0047
32.8719
-26.2070
-5.9465
-3.5938
6.3449
9.5184
26.4125
-41.6187
3.1609
-0.2559
-48.9930
-34.3961
-32.4539
5.0559
-3.2129
-9.6750
5.0848
-15.7445
-37.2750
-23.5818
-9.3875
-48.8727
-23.8422
-29.0699
24.4141
21.2047
0.9229
4.0512
22.0910
12.0789
1.2604
-20.2063
-26.3527
5.8383
28.7859
-0.4941
-3.9773
-12.9344
-13.5613
-32.9133
-52.5812
-55.1859
17.5590
8.0121
15.2855
-3.8412
-15.4773
-53.9242
-5.1057
-26.0805
-24.0516
2.1524
-19.0391
-37.9898
3.2332
-50.6609
-43.2258
-24.8988
18.8354
-0.3105
-18.5715
-31.6809
27.4340
-10.9559
-32.8168
1.7042
-31.0585
-10.4734
-11.6514
6.9828
40.8383
16.6797
30.8957
10.9078
52.4035
27.5258
-19.9959
-13.0633
-34.9426
12.5023
-9.2793
19.9250
53.2023
48.0875
18.6035
-11.3903
4.4516
27.2879
7.7580
-3.4323
-10.9805
53.4313
40.8484
47.3344
24.6602
2.5961
3.8102
3.7617
-10.5516
12.4844
-14.6486
29.8793
-15.5906
-40.6578
-2.0949
2.1746
-16.5066
13.0785
-12.1792
31.4836
15.6187
22.7484
30.7227
-20.0009
30.1984
11.3023
4.6739
-1.6008
-16.9680
-43.3461
-13.5617
-35.7156
-45.5516
-21.4039
-38.9078
-52.0258
-46.6805
-46.4023
-22.5367
-20.3020
-42.1148
-8.2283
-13.6965
-2.5750
32.2117
53.5852
4.3746
8.7717
-40.1758
-20.9848
29.4336
21.9359
6.5223
-17.8195
-37.1773
-42.9352
-25.2891
-56.8234
-14.8414
23.6828
39.0008
-44.8641
-14.1479
18.7148
33.0586
35.3797
33.2330
-15.6620
29.1047
-1.0263
-16.7498
21.2754
2.6840
0.8223
-14.2846
-15.4865
-5.4750
-36.1727
-29.5812
-17.5937
2.1922
-40.8828
-7.7372
-34.1434
9.8781
-26.0600
51.6820
30.5572
-3.1666
-3.0162
7.4289
17.4844
13.1250
13.8842
20.3256
-15.9852
-19.5480
2.3920
-9.4138
-27.6801
-20.9156
-41.9070
-5.0643
-34.6023
-8.9164
-21.8820
-7.6275
-41.9711
-49.5180
-22.9188
-42.6414
17.9967
30.1090
-19.7266
5.0395
-17.1066
4.2039
27.0574
2.4078
46.3164
33.3602
20.2227
9.0875
7.6063
-4.5689
-23.0961
-19.1180
-3.2516
-23.3297
-12.4906
-39.8422
-4.4888
-9.3645
-1.4150
-45.0359
-20.9102
-37.3969
-19.0676
12.0262
-31.2305
-6.7113
-26.1203
27.9926
-24.7664
-19.1967
39.9781
55.2867
29.6578
28.3102
7.8844
-33.5563
-32.3598
-15.9766
-8.7641
-52.1156
-60.3484
22.9625
51.5672
53.4387
50.2391
24.0621
-17.4069
30.6898
-14.0105
5.6711
34.7875
5.8582
36.7375
12.8781
21.7535
13.8531
29.3285
-26.8453
0.0250
-1.3912
-5.3892
1.4240
-25.7961
-5.7742
-29.5336
-51.0563
-33.2766
-1.3312
41.0664
36.3039
36.3656
9.0234
13.7723
23.4386
-28.1906
-38.2000
-20.3576
-10.1010
6.0286
-55.1672
14.1179
-43.8273
6.9375
29.1223
-12.3949
11.8512
14.9721
5.2350
-19.1297
-11.5201
-45.7656
-26.4208
-11.3047
-34.6094
10.6500
10.6258
-1.2413
1.3238
-29.5381
28.6285
-1.4154
-5.8176
-16.7644
-19.2637
-24.5644
-9.9477
-23.4648
-21.4902
-15.2520
-2.2128
-11.8992
1.3797
-4.9958
-21.6844
-20.4855
-3.0484
5.1594
11.9953
-36.4344
-54.6914
18.1305
35.1328
47.1437
12.8035
-17.6395
-14.3258
15.5805
-10.8613
-18.2127
-25.7398
-38.7898
-36.3625
-39.0961
-20.2477
-12.4641
1.2235
-11.5188
3.9918
16.9820
-38.8727
9.1055
24.9328
24.8000
31.8336
39.9125
7.2430
-5.3896
-0.0375
-8.9941
-29.9715
6.2312
-26.6398
-36.2234
-24.4484
-1.6830
-11.4822
-15.1684
-5.0054
-30.0125
-16.9851
30.0664
44.2578
41.1219
42.0727
38.4359
-4.2266
11.3785
-38.2539
-14.6805
-45.2230
-7.5801
6.5766
10.1852
22.1750
7.8578
43.2898
-21.8285
-12.7211
12.3117
15.5289
-2.0602
9.1219
-11.0672
5.9352
30.1187
24.2320
-43.9688
7.2289
27.5523
56.1906
22.1852
46.6164
11.6359
38.7250
43.5652
5.2688
8.0969
34.5594
28.3852
0.4988
-32.6800
-2.4437
1.9640
-33.8391
-44.1656
-33.6680
15.4754
7.6156
-19.2264
-6.4660
-11.1191
4.8848
14.5694
-20.2953
42.6119
-15.2762
-38.7773
0.9490
-11.3160
-55.4445
-14.4594
-27.2559
9.0766
-9.2779
-9.2812
14.4195
35.1500
-5.9336
-45.7270
-31.8867
-36.6562
-36.1344
-10.1105
18.6719
-9.2922
-42.1266
3.5512
11.2039
-9.8465
-19.7302
18.9797
-11.0844
13.7367
9.6953
3.4504
-1.1391
30.5703
26.4141
52.9797
5.2857
12.8230
-12.3469
7.3484
-12.2344
-0.0873
3.3852
-5.0453
-31.1305
8.3613
3.2004
-17.0084
7.1789
2.3094
2.7086
-4.3848
-29.4852
-19.6664
-18.3138
-3.1287
-15.8625
-34.0293
-4.4742
0.7482
-11.8672
50.5773
-5.1412
15.9164
-5.5742
7.1455
-32.1344
-43.1188
2.9314
1.5539
10.4691
17.6273
1.4137
-4.2303
-22.7148
-27.7242
-29.1391
-35.0453
-41.8445
9.4648
7.1492
26.1922
-2.9664
-19.3180
13.0789
-7.4021
-17.7062
2.4250
29.7367
21.2414
20.0285
-34.7233
6.6075
-4.9277
-39.8977
2.0781
-25.9562
18.7453
11.7746
22.6207
-20.1250
-20.1449
-20.9461
1.1102
40.0687
33.7477
39.3156
3.7703
-4.1480
-14.4711
-31.1633
-22.3223
-31.9041
31.4727
19.3594
18.2852
16.1987
-7.6961
-19.3375
-1.1156
52.1484
17.5348
-8.7508
-6.2227
-18.9715
1.5009
-22.8000
-16.0078
-30.8078
-0.3891
-30.1295
-40.2211
-22.3715
-16.5977
-9.2049
12.7980
16.7281
-14.5088
-18.4082
-33.8055
-6.6008
38.0164
-28.5640
-9.7359
-18.5680
-28.8734
-57.2879
33.0109
0.2422
47.1734
11.7305
26.4660
-0.9824
6.5127
2.3135
10.4678
9.0734
-24.5797
-10.2098
-18.6516
-34.3203
4.3438
-0.6895
19.6586
57.2336
16.7898
15.1383
-35.1703
-25.6047
-11.9625
-29.2486
-0.2324
-59.4172
-30.5055
-32.7227
-20.1552
-18.0187
-28.1711
15.4891
-45.0406
-49.0227
-25.9273
2.9250
-30.5445
20.3188
-10.6121
-46.8539
-7.4844
-40.3109
-46.0938
-4.7755
3.4082
-44.2352
-16.7000
-10.3988
-35.2016
-44.5582
11.1410
13.6969
61.1117
56.6078
52.4461
25.3320
20.3250
16.8158
-10.9844
20.4275
-25.0797
-18.7250
-16.5729
-13.2188
-2.4758
-33.0094
5.0828
-1.8828
23.7578
13.7047
31.6938
45.7398
3.8438
18.4100
5.6574
-29.1578
-43.2656
13.2133
8.3723
9.6680
1.4766
-38.7180
-38.5000
-20.9336
-31.8016
-33.7578
-31.6719
10.0977
-26.2735
13.2547
29.4430
-8.0741
19.4783
-7.4187
1.5988
-28.9508
-45.6648
-50.2141
-34.0727
-12.8711
-15.3682
-6.3176
59.2539
23.3733
-18.8555
-16.2191
-10.9109
3.9631
-18.1123
-1.5379
-40.5625
-11.2468
-34.2992
-38.1516
-55.3250
-55.3430
-1.7725
12.3837
-18.4234
-9.0570
-44.5367
27.9145
5.3398
21.1449
-2.7519
-10.3078
-32.4408
-8.6424
-16.3039
-9.2828
-17.0281
2.2107
12.7262
23.3742
4.9293
11.2234
8.2004
17.8287
-20.1820
-6.8039
10.1904
10.1859
10.3008
-7.2250
32.2500
47.9508
38.6531
16.3934
28.4664
11.8457
-19.6732
12.4305
19.1871
11.3112
-15.6961
-5.8668
1.4970
17.1941
17.8025
-36.1148
-42.9336
-56.6984
-31.1633
-46.1680
-31.5664
-21.5223
-29.3578
-37.7531
-30.3984
-7.2797
-11.6852
3.5621
-32.3178
37.5680
45.5820
-0.9870
23.6469
49.6789
31.0180
4.3789
31.0602
-3.4774
35.1813
36.5500
11.4602
35.9305
12.0641
36.3367
31.4391
36.0164
28.1223
18.5362
-50.9406
-29.1453
7.6359
-21.6618
49.3859
-2.7545
-23.2795
-10.1852
-32.4164
-0.0002
1.4820
30.1676
-9.5398
13.1791
-10.8906
-4.3249
-24.2328
-46.3484
-9.6357
-4.6195
-52.1889
3.2875
16.1414
15.7508
2.9588
9.0207
-1.2525
-15.3428
11.1848
-7.3559
-33.8031
-24.3406
-21.9598
-31.1977
-7.5330
-12.8938
3.6961
-25.3262
-30.8441
-17.3076
3.2848
-6.4008
26.3367
13.6477
54.0848
9.6547
20.6344
-12.8930
26.1315
-19.1078
-61.1039
-11.2344
-29.5496
-14.3418
-5.6641
11.7016
-30.1359
-21.5273
-54.5664
-41.9844
14.4145
-49.1656
25.4613
-11.3406
-33.9742
-34.9195
6.9807
-33.2320
16.9750
3.8527
6.8586
3.6586
-13.7805
15.1570
18.5824
3.8141
-3.0898
-22.4797
-48.8867
-13.9320
-11.2492
6.1258
-17.0299
48.1797
-0.3633
19.0250
15.7539
-27.3340
6.4219
4.6758
-1.3227
-31.7754
17.0631
-17.9217
7.2898
45.1742
-7.1604
-37.9379
11.5133
17.7531
24.0688
16.4484
6.6717
9.5695
-16.1543
-31.6375
21.9770
-8.8117
22.6037
-39.8766
-39.8258
-17.2256
-55.2484
6.6959
-48.0156
-26.6852
3.5250
32.4426
14.9438
-6.0163
-3.7512
-20.9152
-35.9086
-24.9109
-40.7590
2.0488
-56.4656
-26.4914
-32.6785
-13.0574
-42.0953
-38.1578
-44.4492
2.2398
46.7297
52.0195
5.5750
-10.1979
-13.7781
50.5758
57.3785
27.1133
36.6289
24.9523
-12.2273
22.1969
8.3711
-22.6451
-4.3354
-9.9531
20.3887
42.2336
49.2551
33.6422
-5.9914
2.5750
-26.7669
-14.1332
15.7637
6.1629
-7.0893
-36.7711
-22.8398
-34.6688
-0.7297
-13.3258
4.0760
-17.8844
-60.0539
-2.8043
-35.4508
-30.8375
-29.9078
-15.1941
-27.6828
-41.1148
-42.2812
-20.9281
-0.8086
5.3028
-42.9141
-22.1297
-5.6677
-16.0020
-20.5492
7.5043
-4.9536
-21.8953
16.1697
-24.4562
-58.3781
8.7113
26.8312
20.5648
41.6547
33.4195
13.4352
-12.8590
-6.0902
-43.6570
-22.4508
-28.1180
8.3393
8.5625
26.1707
15.1135
5.1379
-25.6117
-12.2270
5.6555
-27.1218
0.3094
6.8598
2.9840
-2.9688
52.0180
10.5543
-4.3191
19.1324
-11.7121
-10.5656
17.9266
37.0156
3.5004
-10.4939
-23.4952
-13.6442
7.1906
49.4711
48.9789
39.0859
24.9793
-1.9043
-6.2109
-2.6949
-21.1492
13.2227
-3.9497
-34.2883
22.8424
-18.5488
31.7910
-10.9492
-36.0949
-29.2551
-8.4281
21.9922
14.4922
-7.0100
-25.2227
-10.2482
10.5258
-13.0465
14.1102
14.5461
8.5844
-10.5373
-37.3047
-11.4797
-12.9973
-19.0070
-20.8949
7.3041
-29.8813
-15.2449
-37.5203
-26.3662
19.0550
-12.9926
26.2016
-6.9439
-37.4711
-12.7895
16.5367
40.1383
22.4742
-39.3203
-38.6398
16.7008
3.2652
-45.6820
-19.0297
0.6898
-48.4633
7.4205
10.6750
57.8688
44.3664
43.7164
35.3789
-42.4895
-9.8480
7.2393
-24.4578
-43.4164
-19.5606
-39.9289
29.1703
0.6137
20.9471
-10.9633
-21.6617
-57.0797
-50.0695
-0.8207
-45.9656
3.3343
0.9391
23.1086
33.0828
7.9881
-10.5867
34.5594
39.9727
7.3922
1.2174
9.4759
3.8758
-1.8213
1.5715
-8.1926
-20.1791
9.8336
-21.2055
5.5984
10.8355
25.6965
24.2664
-4.0570
0.1578
12.3098
-36.2438
-50.0172
-53.9828
-21.6313
-5.0509
-41.9801
-12.7088
19.6716
-41.8500
-45.4070
-9.3879
-30.0578
-45.5992
-20.7898
34.6430
48.5781
8.0844
22.3180
17.2164
23.5789
6.9672
-13.0670
1.9887
-30.5961
0.1664
-14.3105
-37.1625
5.5602
-3.6482
17.2090
-12.8523
-19.3457
2.9344
42.5164
35.4406
7.1934
-28.7008
5.3328
6.8160
22.2602
-0.9883
-39.7414
-9.6871
28.4211
16.4368
-29.3701
8.7018
14.2805
-6.0991
26.8781
21.3680
14.8348
-44.4730
36.5359
49.4938
59.5273
58.9121
-27.3488
-15.6172
-30.6625
-38.7375
-44.2586
-22.3428
-17.8875
-23.4711
-11.4040
2.5453
12.9556
-19.7444
13.1629
-0.3371
-1.6406
15.3719
4.6459
10.6723
-35.4102
-1.5969
-18.0199
-6.7402
-44.3328
-56.5797
4.4156
-45.5695
-14.8789
-48.0930
-34.0820
-41.8559
-11.1680
-47.6867
-2.2491
-32.4852
-37.8406
-39.5797
-39.9242
-23.2203
9.3316
-28.8664
19.5824
17.8883
49.3734
7.7336
26.0906
46.6258
19.5609
36.0816
10.7016
25.7961
29.7945
15.8603
-0.2457
10.1195
5.9957
-29.4684
19.7242
-17.8348
12.4160
8.8217
-27.0547
-37.0555
-3.3156
18.0562
24.6750
22.0820
5.2805
38.4605
20.3777
-30.0566
32.1617
3.4806
7.1867
27.5406
30.4062
28.2734
-9.0906
17.8937
22.2609
-0.5211
13.7362
-6.4695
-37.6891
-28.5003
19.4573
-46.9516
-35.4500
-6.2238
14.2664
-4.5734
1.3449
11.7598
-4.4086
-1.0227
-3.8185
2.7238
-1.0169
-5.4484
6.4883
20.8914
-11.5859
-19.0184
13.6109
-2.5430
-15.0817
-23.8516
-33.4789
-43.9750
-24.3969
-43.9422
-37.0961
-41.9188
5.0609
2.4553
-51.2297
-23.7743
-3.9328
-17.4707
-2.5656
-51.9734
-21.2391
-8.6832
23.1094
-6.5664
-21.7227
-50.8117
-9.8847
-37.9023
-33.0262
-3.5848
-3.8492
-18.2434
-19.1611
18.1242
-6.3020
-7.6797
39.8516
13.5971
-9.5328
8.9023
43.3875
10.1797
-10.4723
36.7270
38.9313
28.1172
53.5531
-17.9836
13.5980
-17.4453
26.1285
16.0984
4.1191
36.7520
0.3199
12.9164
-28.2012
-18.8582
-4.9652
-21.5734
-39.5602
5.9273
5.9469
-3.7641
30.8855
39.7102
26.1492
-7.9195
16.6195
-41.5602
-29.7289
-20.2445
28.0727
18.2977
10.4820
11.1711
31.5586
30.3352
28.1277
8.0547
15.0078
33.7031
49.3773
50.6449
20.1352
1.7191
1.8744
-4.7980
-11.7320
-59.5422
-30.7898
15.6315
49.1000
34.3969
-0.0709
-20.9141
-27.6984
-13.8811
38.1820
44.6531
17.0508
40.6910
19.2195
9.2328
-26.4965
-3.9320
25.9258
36.0711
-7.6888
-19.1063
22.6902
-7.8684
-7.1547
-46.9516
-44.6281
-56.8422
-16.7305
-21.0247
28.4109
-1.1656
-17.9414
-22.5406
4.5461
9.7531
-3.8773
22.2742
52.2781
26.4723
22.9535
-2.7777
-21.9375
-32.6484
-6.8637
1.2668
-13.3316
-23.4883
-19.0578
-15.2961
-48.6656
-51.3734
-30.6715
-7.5133
-34.9188
23.8069
-27.3547
-32.1695
-26.4271
-11.5797
-52.5020
27.1977
-5.0051
23.9664
-7.8729
5.0542
12.6313
-17.4820
12.9161
-27.0043
-27.9742
-9.2641
-19.4027
-23.1148
20.2094
26.8887
14.1153
-29.3371
-2.4004
-18.5242
-50.7867
-17.7547
-22.0531
-40.5742
-17.9723
-9.6346
-24.7254
-24.3676
36.4813
21.8039
8.6953
-53.3547
-9.9854
3.3586
-43.7438
-1.8765
-21.2002
1.4623
-11.6985
8.0617
5.4512
-6.4922
-36.4771
-2.1864
-23.7539
-14.8887
34.3469
26.4984
9.2152
3.1219
-0.5544
2.7352
-4.9970
-32.6051
12.1586
-11.1867
-26.9929
2.3203
36.3844
10.5117
36.8758
19.4188
30.1594
16.5078
23.5477
-4.8559
-10.8465
-31.0430
2.8953
-49.6547
22.8691
3.0488
-8.4617
-15.0650
24.1551
-4.1520
-3.3352
-16.1375
-32.8828
-18.9557
14.9563
41.9656
42.2602
40.1937
25.2070
60.0812
28.9125
9.0805
-16.4070
-63.9352
-33.8375
21.3820
4.4727
-3.2625
-8.1401
-24.0446
-28.9965
8.7909
-21.4297
-22.3133
-14.1355
8.8422
18.9406
59.1480
17.3171
-25.2463
23.9047
18.7313
23.5758
46.5641
62.4242
37.2266
61.9945
34.1656
28.2203
20.5039
39.5586
23.7379
-6.0828
25.1633
20.6344
2.3934
-39.2992
-35.5891
-2.9809
-19.4381
-3.7234
-26.9305
-45.7889
4.3531
8.8363
-20.0258
-28.1174
12.3805
-15.0078
16.6414
-9.2934
37.0187
26.6094
-17.7605
-13.1594
15.2811
7.9640
-53.0430
4.5391
-5.8383
26.7148
43.2133
17.6562
47.5941
30.5680
46.6813
45.2195
-17.3266
-23.5201
-39.4217
-17.8305
-22.4875
-19.8125
1.1984
-47.0125
-5.8883
23.5336
54.8773
21.2516
19.2336
10.7789
33.8359
10.6891
19.3266
10.8609
25.6297
-0.5461
20.8742
32.5230
-19.6348
6.3531
27.0492
52.0805
56.0219
58.7430
30.6953
10.4883
4.7745
-13.5172
-39.4986
-26.9457
-4.9051
32.5625
0.3297
2.4442
23.6605
-21.6148
-26.9016
-30.5844
7.2972
-2.7055
-7.7812
0.8363
-35.5734
-26.5664
-21.8937
-2.7262
-40.9992
-5.8066
-29.6602
-44.3656
-31.8836
-51.9676
35.9062
6.3875
30.6012
4.3016
7.1547
14.5996
18.3152
13.5906
28.5000
29.4320
7.1170
-3.4953
-14.0855
21.9773
22.5805
48.7719
42.6992
38.4662
13.9551
8.6570
-22.9625
-4.9016
9.7102
-18.4021
-8.5117
-37.4496
-8.1027
-26.7062
-16.1930
-23.9637
-1.3359
12.1469
11.6090
-1.5102
29.2875
1.4539
12.6414
-1.1738
-15.1934
17.3203
46.5930
39.5187
49.7148
42.7336
12.5906
-5.2445
29.7385
9.1023
6.7422
39.0719
50.2234
18.7516
-3.0258
-40.8414
-4.1955
-41.8137
-2.3016
4.1773
-39.4305
-45.2406
-28.7375
-24.0047
4.6000
-52.4883
-11.4757
-30.8162
28.7227
-18.6982
-2.4219
-5.0750
-24.5570
-47.2898
-34.4484
-21.0680
-43.2609
-51.0938
-41.4977
-10.7555
-51.7812
-7.7281
-20.1273
6.5479
25.7992
21.6086
45.5789
55.9742
44.1523
34.7500
17.8574
-14.6062
6.8418
-16.7547
-26.0906
-25.1586
-4.3570
-42.7828
-41.8336
-3.9109
-27.3078
44.6188
27.2293
9.7140
-41.2516
-30.7211
6.3571
-41.5750
-2.9199
-34.3492
-34.4727
-10.6293
-30.0533
3.7504
-29.3992
-31.6194
7.8963
-47.2492
-23.1898
-30.8555
-33.0848
6.8492
-18.5719
17.9359
-46.1641
-52.0500
-32.2461
10.3086
-13.4598
-18.4402
-28.8254
4.7234
-34.5148
7.7280
-31.7988
9.6430
13.5418
-14.5924
9.0648
-50.0773
-39.8406
-34.5453
-26.7547
31.4914
-10.3284
-20.9511
-28.3055
5.8736
-2.6068
-26.1445
-58.8391
-31.7031
-11.3638
14.2340
-27.1734
3.0410
-12.8421
-12.4177
-25.9500
-19.2188
-15.2988
-12.9281
23.7219
44.0453
15.4688
22.3367
-3.9039
6.7883
-12.8859
5.1430
-24.6273
-4.7065
-21.6367
0.5104
-21.5043
-7.3932
-24.5895
-10.5779
-21.6353
-25.0867
-9.7867
-40.1250
13.4453
24.7227
23.3148
1.0590
-7.4730
2.2604
-0.6878
-39.6281
-8.2055
19.6918
-14.3461
-38.3187
-5.3484
-32.1391
-35.6477
-15.3988
-8.9161
43.1211
17.4672
34.4562
34.4539
22.6727
-0.1020
-27.8257
-14.0754
24.6391
13.3672
24.1105
0.9820
24.9285
7.3293
28.2637
-1.7770
-20.2163
6.5441
-2.3504
-6.9469
29.5016
21.3309
5.7475
46.2039
33.4484
40.1520
-13.8324
14.4156
8.3422
1.1635
-48.2188
-42.6609
-40.4992
11.8196
-0.5375
8.7684
-3.7160
-22.9540
-3.0057
21.9488
-0.8012
1.7866
-29.8258
-6.1992
-0.6456
6.1391
-1.7348
0.4665
-42.8273
-4.5321
-2.6664
3.0984
-43.1180
-40.4680
-47.8656
-13.4316
-17.6568
3.3908
28.6961
9.0727
13.5203
11.4812
2.9168
15.9418
-12.1503
-9.5584
-17.7719
31.8508
7.6781
-13.4266
-4.3344
11.0331
7.2238
16.8197
-34.0117
-29.9098
-22.7795
15.1365
6.8387
9.6703
46.5195
21.3512
4.8855
-33.8727
6.9883
17.8039
36.0273
20.4883
41.7930
46.8711
35.9875
26.1734
30.4391
3.2146
-37.7234
-1.9260
-21.6039
-23.0537
17.9129
-18.4369
9.8375
-10.6020
8.8406
-6.8541
-20.6059
-13.8783
26.1688
-5.1108
-12.1914
-1.2522
-2.2289
-12.4471
-0.8271
-23.9629
6.5900
-43.8403
14.2570
-28.1695
-8.6375
-9.6828
-42.2758
-41.6063
-21.9258
-33.5508
-13.3707
-2.9773
-4.4897
41.1863
13.2836
29.9227
15.7473
10.1749
-38.6977
31.3289
18.6770
1.2344
-1.7166
-15.6951
32.8328
23.1180
33.1109
14.7910
9.5270
18.5910
-29.5066
-3.1789
26.3820
17.7195
40.0283
-4.4535
27.6680
5.7383
19.8516
-9.2963
-8.9144
-4.6703
0.9309
-50.5305
-40.6875
-44.5031
-25.7000
-5.8346
-37.8262
3.4914
-7.2447
6.6680
49.1352
52.3973
56.6195
35.4770
27.5148
14.3570
18.3320
44.8234
53.7555
47.7227
32.1078
-42.4156
-43.6000
-36.0977
-7.2203
-42.4469
-30.9855
-5.2103
-6.9047
-27.0187
-15.2352
-35.7000
-7.4850
-36.8416
-20.4703
21.5297
4.6164
36.4023
-4.8115
-19.1469
-56.3617
-51.5914
-31.8281
-4.6586
-1.5504
17.7475
-11.8250
-30.3836
-21.6834
-16.3008
-9.3000
-18.2494
-17.9391
-18.3412
-17.8027
-0.6891
18.6961
6.4544
22.6082
-2.9590
-4.1852
7.5535
-14.1383
-38.6797
20.7586
24.8883
51.5312
29.1313
6.3672
-2.9990
-10.3516
1.0217
-8.6965
-25.5891
22.8061
-2.6992
-19.6480
-29.6961
-21.6094
-22.5632
17.6125
17.0625
47.3695
44.6359
51.1633
21.6898
6.7551
-41.0207
0.3773
16.9375
-9.7441
-39.3953
-26.0508
-8.0209
38.5984
20.5461
18.5758
43.4641
20.7875
10.8039
54.8141
33.8805
29.4305
37.2898
38.4215
12.1508
-26.8539
-46.0422
-40.2836
-20.4195
-28.9195
-25.5867
14.7301
29.0680
26.5199
3.1302
20.0643
-17.3517
-21.7992
-45.4047
-19.8008
-31.5570
14.2594
13.6313
11.8238
3.9270
4.8535
10.0245
-15.2836
-53.6195
-21.6758
-4.0744
-23.0367
-30.4254
9.3324
40.5906
27.1992
9.8883
5.8768
-22.1684
-27.5445
-2.2697
-2.8464
-42.9500
-11.2379
-27.1195
0.8703
42.5828
51.4422
24.3055
-3.0477
19.0102
-5.5840
2.6902
-8.5469
-29.8784
15.4764
-3.7441
-6.3293
-11.9726
-9.5490
6.5148
-1.7910
-7.2109
-19.7133
43.4000
31.0246
21.9180
26.7402
15.0375
-48.5281
-21.4409
-16.6148
7.2262
9.1859
46.5539
31.7273
40.2258
-2.5811
2.6890
-46.1637
-4.3055
2.7149
10.3232
-37.5203
-13.1760
-42.8680
-15.5246
-22.8188
-42.3789
15.8797
12.3164
-17.6543
9.9334
16.1898
6.8148
4.7039
28.9141
29.1066
21.7008
17.2180
-51.3742
-15.4438
-10.5086
-46.8797
17.8355
-0.7434
14.3711
54.5930
56.3047
43.4102
16.2852
19.3012
5.7436
-28.2336
-31.2680
-2.1766
-11.7998
-40.0016
-18.3164
3.7406
25.8258
15.8195
-7.7480
-22.7953
45.7516
11.9754
10.5609
14.6930
-4.9473
-9.9346
-26.6805
-10.2336
-37.6195
-22.2766
-21.6520
2.2181
-10.4973
-0.6090
3.5590
16.7148
11.3922
-12.9277
-11.5180
-38.1924
-0.6001
-27.9594
-24.5494
-5.9840
-18.6547
-27.9680
-43.4133
-5.0461
-36.4148
-18.8814
7.2234
41.4156
16.7547
-37.2750
-17.1125
4.7484
39.7496
17.6500
-26.5201
17.2215
18.2859
9.0426
-42.9041
12.8431
-9.5125
-0.1332
-12.2328
20.6035
-6.9352
12.2074
-0.8828
-49.5695
-6.8525
1.1566
12.7615
-11.5104
10.2895
-6.7555
31.2836
49.7727
41.4273
23.2984
-0.1623
12.3578
0.1187
0.3453
8.1664
-52.2414
12.8133
40.9547
16.6195
21.9441
-26.1738
36.6516
34.7828
34.2266
52.5141
39.8617
-10.3873
-6.9090
-47.6547
-48.8187
23.7395
11.3539
-16.0414
3.8844
-29.3844
-23.4387
-16.9070
-41.3805
22.4691
0.7469
31.3680
31.2906
49.0180
42.0043
42.7602
22.8648
13.2801
-1.8285
-38.1039
-40.4515
-18.4605
-7.9689
-1.0867
-6.5191
34.5984
28.4414
7.2777
-0.9749
-5.7328
-6.5217
-44.1516
-36.4969
-27.3937
-44.3187
-2.8844
7.1922
2.5670
-28.4270
24.0211
12.3102
22.1695
-1.6744
6.8641
8.4242
-9.2869
-4.4939
-14.9594
-30.4488
28.0852
23.9566
4.1055
-21.7434
14.0105
0.1367
22.0914
19.4195
-14.8497
-38.5410
18.3540
38.0875
35.0363
20.7461
7.0938
-9.0227
-33.2758
-14.8160
-46.1617
10.2326
-8.3102
-21.2820
-34.7180
-19.0594
-37.6758
-35.8617
-16.9820
35.5160
2.8047
-3.3041
16.4105
16.4558
-22.2094
-16.1160
-5.2629
15.4146
5.3473
-0.3724
27.5301
-7.5411
-36.0094
-0.7173
-4.4876
12.5426
14.2500
-3.0695
-1.5374
-54.1523
-6.9326
-18.7750
-11.8359
-29.7102
11.4781
36.3039
28.0301
-9.3762
-46.3039
-45.3496
-31.7242
-41.2672
-63.2578
-44.0211
-23.0133
-15.1234
23.8488
27.0977
51.2305
54.0617
41.9914
30.0707
20.3598
26.6211
12.9152
8.2234
-49.8785
4.4039
3.6328
26.5063
-6.6867
-18.3370
-0.7302
2.5277
19.7766
6.2539
13.7602
-25.3508
-39.8477
-39.2305
-16.0311
24.3387
-2.0609
7.0168
-33.5203
-38.8020
1.7770
-15.0312
-27.0682
1.3723
-4.1369
-5.0920
-24.8191
-3.2582
-12.9836
-6.0397
-8.6199
1.0518
-2.7219
-41.5926
-1.5242
-19.9633
-37.0898
-47.9082
-7.1076
-10.0191
14.2055
18.8051
27.7137
1.8656
14.2701
-57.9180
-50.2352
-17.1867
-27.8340
-18.9715
-50.1227
-35.3609
-29.5781
-13.3148
-33.8797
18.7543
-2.6328
