726.7905
480.4973
192.3982
196.8368
150.6617
125.1050
120.1248
113.0418
85.9640
99.1978
159.6031
152.7651
287.3741
80.5790
66.7426
87.1577
201.8053
226.7695
142.5022
315.9601
285.3973
290.7476
70.6661
77.8337
127.8518
128.1426
252.0022
366.4358
196.4643
45.8754
63.1764
78.8803
107.1952
95.6128
79.3366
114.6876
87.9059
166.8582
316.6250
53.1976
155.3192
121.2717
114.3214
111.7701
82.2584
118.7361
254.2443
162.9820
149.0418
86.3644
125.5089
106.8011
252.0346
458.6242
284.7734
212.1527
110.6598
81.5415
73.7963
192.0299
429.6790
140.7444
80.0063
88.8752
247.5277
640.0466
500.8545
166.6101
25.3390
56.7072
241.9857
359.9060
54.6006
66.7348
92.4266
73.3598
99.2127
149.0042
152.5344
95.4174
61.2958
97.3140
66.6795
143.2688
210.3002
127.7267
117.0552
139.0858
63.8882
194.0453
457.0612
221.9896
102.4294
153.4518
66.1715
70.6650
94.2297
144.2607
90.8850
148.4596
225.4294
150.7793
218.0699
78.4813
230.0956
463.4417
334.3535
146.9806
250.3457
169.6407
87.6620
56.8770
202.6943
238.4457
184.0025
272.1411
116.0307
201.8007
340.2273
123.4485
166.0121
200.9000
129.4970
83.9545
169.7516
332.4833
451.8602
97.7145
143.1949
176.4816
117.3933
147.2484
321.7743
229.2736
402.3095
246.3708
345.6623
159.8127
302.8237
278.9537
252.2379
363.8066
141.1389
302.7183
51.0195
47.0699
64.3392
44.7932
40.5437
52.5025
85.5904
125.3213
83.4558
128.7109
283.2530
256.9492
172.2471
124.1407
137.7452
147.0432
216.9461
85.0960
125.5533
116.1202
67.2896
115.8750
225.7790
120.1279
170.6283
288.7202
280.2434
442.8655
101.8703
94.8753
143.9215
225.3634
77.3547
171.6444
266.2509
294.7055
142.1330
187.5404
524.0743
363.6395
96.9598
149.8390
224.7783
572.4370
375.1414
71.0229
108.2014
227.5227
329.9004
240.2884
98.5318
76.2381
107.6878
90.2270
41.0301
126.2620
277.2728
136.7014
115.3517
75.1448
108.3771
252.6058
222.8590
134.2440
298.3627
178.9980
120.3971
157.9782
165.0294
137.2075
225.8353
116.9579
162.0426
246.4146
180.7607
109.9601
77.5108
151.2367
238.9366
236.2337
192.8788
223.2365
117.8564
173.3072
107.0987
72.3341
235.2715
285.4870
99.4020
211.1298
241.0377
232.8597
132.4203
88.5556
147.2098
70.5012
84.0376
224.3066
467.5540
340.5149
73.5652
195.2449
481.6585
329.7813
79.9156
132.3041
60.0766
124.2351
159.2869
142.9032
132.9514
55.5143
122.0329
88.1176
84.0592
145.2837
138.7804
92.1348
66.6188
177.0953
160.3584
157.4679
293.1280
136.4404
243.2305
131.2590
119.4087
114.5460
120.8253
186.6942
385.9146
98.1542
64.3895
64.3102
147.8994
243.1313
132.4306
146.8865
229.1118
215.2205
98.7321
71.0560
114.7970
165.3792
69.0554
94.5103
127.6031
112.3494
270.8332
345.3891
363.9422
67.6921
142.8973
363.8508
204.1778
181.7013
160.4291
151.7907
97.6648
48.6014
110.3553
131.3662
224.5305
113.7107
98.0560
114.0880
111.9820
187.3108
290.1747
91.0260
78.5977
89.9374
206.1476
207.1722
213.5378
44.0789
60.0313
62.0101
72.5031
96.7380
230.6253
576.8566
409.2596
303.0642
300.6893
254.9448
231.2600
121.2434
91.5123
132.5514
195.7445
114.2374
120.5275
108.1447
81.7831
159.4474
213.1593
85.4972
129.4935
240.9576
365.0448
350.5107
296.4310
66.5018
113.5522
202.6839
72.3927
93.3146
96.7410
61.9890
129.7797
332.6979
175.4023
100.6246
149.7049
215.0914
402.7212
90.1932
107.5668
113.5846
129.1105
216.7978
134.6606
187.7117
92.0540
56.7873
92.2029
79.9338
148.8797
229.8359
81.8785
210.4969
128.7312
111.4958
168.7503
173.9225
65.3038
95.7785
97.8860
92.5711
136.8096
135.4583
292.6026
143.1059
264.0419
303.3997
77.0649
262.3190
253.9974
79.1414
118.0488
81.7394
104.9855
217.7156
338.3561
181.4516
108.6813
96.8807
102.2127
179.2693
130.2315
86.4448
57.8585
142.1816
298.0163
91.9233
93.1150
216.4436
315.3513
188.1084
132.4459
91.0129
85.8497
82.2127
72.9167
86.6102
63.3045
97.0609
276.3902
279.2571
104.5249
116.8527
275.7203
328.2993
181.2738
188.4524
69.9810
87.5050
161.9638
231.1960
47.2327
55.3988
95.3037
82.0293
74.8347
51.8324
141.8493
202.7286
126.2402
86.2182
100.9599
58.2518
136.4450
364.3164
466.2624
250.6870
124.7342
97.9599
111.2899
146.8395
102.6541
182.8438
202.0664
125.5471
169.7463
361.7463
154.8148
62.1878
75.6390
124.8288
153.1293
190.7956
468.7543
270.0791
362.2425
270.5147
154.3598
234.9513
215.7643
59.6759
77.7178
83.4842
111.7042
197.8147
289.4444
281.6172
225.8686
253.0363
123.5032
263.0830
486.6414
67.4428
90.8658
164.5696
153.1531
166.3686
351.3262
309.6475
79.0365
84.9899
64.8717
117.1629
247.5392
278.8681
109.6322
75.3633
96.4862
136.9005
189.3162
189.0277
424.7218
132.2726
184.2053
182.3827
77.4100
83.8411
128.3237
92.3417
121.9269
263.2194
265.6682
312.7295
229.4607
116.0416
42.9587
57.7598
117.3795
108.6151
89.6035
173.6069
117.2839
221.2484
72.4081
133.4406
271.3560
261.0008
69.1985
111.0098
123.7989
60.0993
136.8319
180.0847
67.6174
142.9956
77.0759
73.3526
97.6230
265.1106
82.1348
116.7628
175.7921
85.7097
223.4416
428.4873
139.4725
95.5436
65.4220
109.7531
174.3261
312.5999
166.9636
388.1112
308.6635
114.8002
134.5611
144.4917
208.8477
230.4112
134.7755
63.1654
114.5857
151.6731
298.9320
144.9402
197.3056
124.1631
162.0361
170.0940
283.6723
256.6055
370.0449
128.7053
58.2846
172.5904
305.2126
269.7995
92.0758
132.0324
93.3056
82.8421
81.7770
169.3621
122.7031
192.7967
367.1253
137.6010
72.7199
183.1149
234.5410
120.1544
42.9388
49.3321
51.0668
78.5147
72.5347
89.7227
161.0536
243.8701
179.0909
80.5279
85.0775
94.3615
230.3658
206.2354
136.7801
210.1013
241.3307
367.1140
71.3805
89.6143
70.5540
264.0903
442.4620
193.3548
172.3047
142.3703
205.5414
353.6051
122.5167
221.6019
353.0910
287.1100
50.1650
162.6133
324.2624
246.2954
438.0830
126.6789
124.2461
93.9808
83.8980
108.5752
128.9372
110.3809
130.6519
211.5322
308.3857
102.9038
201.3243
223.5175
189.9388
296.5984
114.9800
147.2959
306.3072
420.3193
89.4683
84.6161
130.9948
92.2029
50.1642
161.0598
282.2836
49.3478
65.2534
125.0377
122.8125
80.2008
127.4132
215.5066
170.1777
119.7525
92.0678
122.9194
167.2070
237.6380
130.3193
251.7135
135.4787
134.5271
155.2675
93.7796
210.5227
393.9669
86.8598
86.2245
70.8402
68.7412
213.9730
199.8565
239.5536
89.3541
70.7997
171.3021
184.2456
317.2744
80.7803
151.0955
97.4333
66.6854
130.1803
97.4136
121.7896
122.9700
148.1842
192.4172
68.2598
78.0526
77.2510
50.7325
84.7934
172.1854
52.2661
94.2476
179.0251
200.7509
174.5072
76.1969
145.4080
255.8955
104.6237
275.0690
290.5904
195.1142
36.7958
109.4778
234.8293
61.8158
99.4616
205.9107
281.4947
108.5946
98.0635
141.2254
240.9555
175.1381
284.5112
156.3122
265.2838
118.2436
167.5342
202.1442
254.7058
516.1751
192.0538
106.0432
140.6051
174.1723
162.9281
202.4649
80.3963
131.3527
294.1095
304.8169
496.6205
155.2856
154.8574
186.8893
160.3851
282.9626
101.7070
113.0944
77.4771
222.4943
323.1769
140.0978
164.6151
358.3383
233.2362
139.1075
116.3675
111.9756
260.4518
434.4209
205.1710
265.5643
189.8293
77.9070
279.3916
524.0154
204.3921
146.2475
177.7110
221.9323
121.6694
163.3936
124.1444
120.0242
234.6736
108.2367
111.0190
288.7447
436.0238
104.5399
335.3139
542.7466
141.6383
332.3385
368.3007
146.1627
36.7945
62.7425
65.2190
164.9001
120.1591
172.1028
220.2243
268.3572
543.1068
63.2889
79.8943
108.2867
119.6194
404.7471
482.1516
55.4489
269.3679
496.8705
240.9394
93.1385
60.8992
77.6778
201.1421
466.3232
205.0125
312.2281
77.9903
128.2714
243.7529
241.5618
68.5162
169.8750
473.2324
231.3108
78.8551
102.2398
115.8801
239.0176
135.9239
123.6591
124.1611
110.7525
103.3524
235.7433
341.8450
174.9405
202.9937
197.9488
261.9499
245.8464
91.1111
78.1286
132.0839
295.7077
255.4142
174.5659
181.1588
353.1538
40.6963
102.8881
235.5581
543.4787
210.0213
299.6879
497.4849
243.5727
517.3527
110.7304
122.7987
123.6171
119.6912
253.2441
157.7394
304.7842
265.0641
409.8681
51.2710
56.5662
48.2967
174.2763
276.4183
179.0927
152.9177
384.5977
417.8475
119.9640
120.8332
276.5775
454.8494
199.7768
170.0311
189.2738
299.7598
184.0445
375.9501
113.1986
182.3028
153.9990
100.2848
161.4636
121.9053
148.0047
178.7407
140.0559
54.4335
51.8299
107.4612
171.8246
356.4360
373.3096
144.6099
277.0545
93.0584
161.9363
98.6180
119.4868
379.3226
321.3099
59.0316
58.4719
84.2450
149.3038
138.7335
103.4375
91.6578
52.8317
153.8826
388.1529
141.0041
64.4124
119.8692
120.6784
168.3008
173.1551
156.2457
246.8090
113.1637
127.4760
163.5924
46.9733
96.3549
145.0287
219.4254
306.0517
248.8367
104.0394
149.4130
215.9231
75.3550
98.8878
147.1342
174.0530
93.5841
244.6688
392.9376
86.2828
184.4713
135.3157
316.5290
145.0932
63.2697
106.6748
151.3403
251.4266
293.7576
121.5549
87.2173
199.9192
317.2343
93.5561
250.5072
265.3554
201.7278
129.2812
112.1698
74.0017
67.9920
212.5730
267.6860
79.6382
100.9214
204.4616
258.7624
286.3944
84.8501
84.4895
95.4213
114.4663
110.8473
115.4241
215.4929
225.4123
154.4045
166.6780
122.5510
215.2883
107.8303
164.3407
302.0123
141.9087
281.7399
305.4175
122.8239
167.1625
173.5593
120.1019
112.1521
152.2186
165.8888
74.2194
121.2293
264.9089
446.8923
118.0686
65.8811
76.4227
165.3998
312.3833
179.7424
185.8159
236.9349
619.3063
385.2516
290.9344
563.3013
540.7191
322.8532
160.5498
173.2738
250.4271
243.6572
597.4526
444.7564
163.1724
178.9180
120.9959
245.9158
173.3734
65.5541
64.0768
100.9574
198.7689
59.7045
89.0068
267.9220
193.3597
310.0986
239.0735
275.9124
354.8365
87.9212
132.6987
177.8993
147.4399
381.6919
147.0639
63.2921
103.1100
154.3422
177.8625
113.9468
196.9229
130.0745
150.2925
78.4995
56.7102
102.4468
242.8094
353.3566
90.5131
186.7685
183.3646
90.1735
191.4518
239.6418
144.1646
168.0526
209.6761
167.7385
73.4913
120.7056
169.5228
224.5513
145.1456
304.1877
168.3987
182.3056
70.6189
249.0185
422.7375
291.0602
156.7852
312.0289
460.9916
60.3231
65.2159
336.8064
684.7027
138.3610
218.3375
398.7544
82.6061
61.7359
170.1216
85.6612
131.1701
167.5537
100.6894
53.0448
62.8795
98.5885
92.6365
206.5093
328.0462
217.6943
283.4913
338.5938
157.0920
123.8945
132.7730
272.5843
331.3666
428.1693
88.4560
43.2148
150.5660
241.6054
90.4532
196.1141
90.4208
121.7543
256.8390
439.4296
143.7082
73.6127
126.7189
106.7642
74.7350
52.1662
40.3609
101.1991
236.3360
422.7401
245.6828
142.0464
259.1505
308.4524
239.2854
329.3233
57.4636
81.5974
224.1653
386.9119
79.7175
73.4552
51.7335
133.4470
348.3303
413.4667
355.1981
138.7749
140.3334
199.8293
98.2488
99.8688
193.6419
142.4783
160.2756
83.8563
63.7538
114.9027
123.8887
305.7061
534.0074
46.5968
72.1967
232.2315
241.5988
72.5611
191.2841
277.7859
144.6563
419.6767
498.4807
227.5266
69.2979
102.2647
320.0185
362.5421
131.7727
167.9114
173.0850
94.4525
44.6078
56.3825
100.6989
239.3378
104.4902
130.1341
181.8449
81.5382
130.4289
128.2490
72.1893
63.7582
144.9586
251.2204
119.0763
365.1830
331.8290
99.3139
237.0344
450.2187
68.5977
226.0470
328.8187
195.8481
177.7958
291.9288
298.2322
483.6429
138.9824
247.8193
362.1637
107.6126
98.1769
188.9898
128.8158
110.1122
310.6089
409.9803
73.7791
227.3662
550.0597
464.7119
313.2452
499.1006
166.9714
355.4026
90.6850
200.0283
491.5000
395.0271
108.6564
117.1889
91.5673
181.9609
194.5942
88.2461
176.1831
274.2567
69.3963
57.3894
65.3651
101.8062
116.9051
140.9261
181.0743
135.2360
140.9025
54.8220
67.3947
88.5037
141.0029
278.4085
156.8211
197.1183
73.7224
127.0968
44.0790
134.1989
347.9396
412.0151
122.2254
47.6459
120.6631
417.3935
342.8602
96.7710
120.9807
102.2877
89.9800
117.3025
214.1722
149.1169
250.1637
527.4783
514.5274
96.9630
362.9842
613.3689
125.4068
178.9883
564.0111
277.0704
63.4820
144.1775
326.9865
237.9792
429.6842
569.8663
228.1534
101.7913
92.4604
136.2058
194.0858
74.8126
62.8701
285.9031
425.6119
111.4923
209.6002
111.8622
194.4675
232.0091
98.6684
132.7162
113.1406
96.0795
53.4151
253.3394
568.5203
117.1311
162.2656
344.1406
507.9445
116.2161
83.0133
114.3997
55.7806
60.4490
105.9471
98.1406
211.7681
497.2451
125.1734
332.9641
277.7857
123.6280
218.0864
288.6238
176.4461
402.4922
190.1620
317.2956
488.4874
154.2851
255.1538
174.1123
314.5769
315.5697
63.7142
52.8762
164.7208
273.0730
59.2836
314.1036
661.4130
209.4336
178.7273
112.3083
112.0923
179.3628
180.8094
131.2677
97.4718
95.3193
100.9865
81.9507
251.1657
363.2651
69.1412
116.4258
93.6295
127.0414
323.5802
351.7207
213.2069
78.4125
125.2230
92.2017
125.8951
209.0570
248.9560
241.9910
65.1638
87.7347
166.7040
97.3258
104.4836
118.7754
185.1827
183.9074
126.9170
312.8110
361.5605
176.3391
412.6491
321.1517
58.8834
80.1547
76.5716
95.8966
108.1704
91.2460
84.2733
224.4074
83.1580
82.6986
49.4101
186.0275
272.2348
442.9367
404.2846
229.5856
231.9933
136.2658
193.0695
194.4405
195.2400
185.4424
52.6609
90.4740
97.1117
170.7039
199.9395
218.0899
486.5741
494.0556
271.6107
182.3631
388.2372
411.7690
543.3344
463.6005
89.6594
104.4965
281.6438
256.6667
144.2969
259.8214
65.8068
175.6808
235.9541
141.2227
222.3794
249.9900
320.2727
174.0414
100.1339
95.6585
130.2787
104.3268
78.2388
78.7107
263.5187
599.7103
233.4221
117.2294
216.6179
385.7836
238.0366
513.2318
290.1402
305.3741
415.5167
122.6364
363.7009
594.4706
367.3140
267.5842
221.1373
89.2196
139.0536
129.4953
153.3350
300.1805
158.9628
351.0912
392.3609
237.7603
210.2068
279.9430
112.7434
157.1182
248.0537
442.6251
134.1700
234.0120
93.8516
192.2560
386.5172
78.1325
221.0864
358.7432
294.4785
470.1086
397.6793
175.4179
191.5814
490.0992
549.9442
197.6242
112.6304
181.3027
286.4569
284.7315
259.7842
141.0945
414.9356
391.2574
117.6316
116.6960
146.7594
82.8652
178.6227
297.1513
180.7310
215.9331
73.9432
104.5927
139.4040
94.6362
319.4423
499.4199
126.1657
203.5507
339.2032
300.7844
163.1850
328.8119
240.8081
205.8637
162.3669
106.3763
231.3797
289.1787
254.5385
177.1406
255.9890
349.6779
269.9637
69.8012
119.2296
154.8129
134.3282
151.5984
180.0901
205.3562
188.9530
404.4931
68.7655
81.9645
86.6733
190.2727
347.4246
147.3342
462.2262
517.7723
249.1517
102.6365
158.7629
255.3821
70.5866
62.8401
127.6799
165.7855
78.1043
186.8589
174.5477
111.5153
175.5023
202.6882
265.1749
582.3404
363.8268
264.6334
621.1606
230.7591
106.6773
178.5423
138.1745
109.1711
98.0867
282.5960
307.7626
55.8466
76.0609
176.0221
80.2704
174.5107
397.3369
60.1038
58.3670
309.0191
567.1869
427.9552
343.7816
66.2859
93.1760
150.6177
334.3382
189.7906
151.0308
121.4128
182.6862
334.7980
247.7008
254.3823
510.2443
309.5238
238.4099
388.7216
178.1679
90.3943
123.0106
141.2472
175.2216
128.1993
109.1159
142.4318
206.6929
439.5871
126.0950
66.1306
87.4349
173.0487
168.1549
434.0680
101.2998
67.2686
229.9520
500.4171
191.1647
110.7165
257.7022
161.3270
107.3155
87.0775
266.4403
540.8102
162.6300
175.5111
294.3729
147.1431
372.9688
77.7763
104.3762
135.2127
178.6455
63.1196
105.3021
241.7083
97.9868
225.1626
307.6995
99.9046
160.4066
70.8663
77.1734
195.7887
436.5019
481.2013
412.2656
282.0238
117.5785
120.3408
225.8859
398.0140
126.1145
159.7195
74.0907
103.9459
289.8756
363.2556
56.5040
127.8162
143.9487
228.9256
475.2439
142.1103
114.4479
71.9427
93.6031
173.8634
110.2562
63.1336
77.3100
144.8054
103.4542
113.0739
152.5938
170.4093
229.3182
108.3481
49.8643
85.4127
166.5361
159.5417
117.4753
373.2828
423.5507
81.0533
139.2491
191.2117
60.1699
348.1998
480.5860
283.4038
138.4651
155.1409
274.9029
75.3431
167.9788
218.3762
95.7988
137.1449
164.8087
104.8123
106.4856
188.8050
181.8089
300.8203
278.7880
81.6543
315.4584
400.6813
102.7271
283.6357
85.4860
59.4508
142.1532
461.4922
225.1273
226.3585
141.0341
213.9176
74.3888
87.5519
306.0365
384.0530
115.9396
80.0358
161.3330
266.5844
278.4624
546.7696
102.8223
166.7718
291.9947
256.1762
205.3882
179.0472
48.8227
255.0322
322.9353
278.8221
134.3404
235.2741
155.3159
325.1285
174.6673
207.5821
57.6784
150.1611
449.5109
354.6349
167.9449
254.8435
135.4805
67.7644
171.2093
451.1209
100.1748
55.2578
55.0908
66.1578
74.9178
74.2158
94.5665
115.5625
158.7361
113.5913
246.9934
298.9700
234.2688
182.6331
48.3186
101.6457
211.5285
246.1069
245.1586
155.3942
143.1627
476.6068
716.2571
290.3060
267.7578
176.9009
309.7201
247.7272
102.8058
189.3371
392.7367
462.7404
417.9632
226.2245
179.0051
148.8221
104.3466
50.6582
53.7457
80.0124
68.1740
226.1421
284.6006
98.8029
161.6724
91.7381
171.2266
257.0729
588.2577
338.6978
100.9915
92.0145
110.4390
114.7577
178.0212
179.4800
100.6048
187.2081
353.1767
152.6345
45.3595
84.7238
45.9237
96.2400
124.3798
106.6427
401.0110
554.1926
82.1768
328.3326
490.2007
142.0461
178.1754
305.1883
358.7150
355.7295
570.1510
162.0909
294.5991
106.2469
134.4010
66.5896
106.3225
218.6343
153.8944
250.5219
176.1879
102.2771
182.9905
292.2501
197.6540
225.2193
88.3205
47.4900
124.6883
116.5580
97.4673
118.4114
93.0149
96.9048
54.9580
134.2769
156.0551
93.0278
243.2525
243.2792
64.1591
86.6608
188.1630
432.6320
151.1838
158.8771
304.4679
106.6486
309.4942
505.7385
207.5939
83.4581
62.3278
78.9764
355.2255
430.3520
307.9473
138.9972
325.1193
515.1905
357.6444
155.3479
199.3088
330.5592
95.3278
40.6264
195.1386
429.4402
262.2946
92.0517
76.5489
143.5491
198.5454
195.6036
146.7091
58.4164
86.4535
93.9846
88.6809
152.4986
126.5015
90.8343
150.2796
117.7670
114.4687
178.5943
122.5789
305.6140
280.6577
240.3785
192.2854
82.4862
211.9542
250.5750
70.8352
159.5337
276.6915
219.6232
133.7466
318.1147
489.4563
364.6656
562.7250
132.2276
47.9636
87.5606
288.6304
434.2562
241.5721
419.2886
154.9026
576.9093
519.4427
134.0036
269.5200
257.4474
249.1250
516.6941
363.8704
262.3015
307.1158
115.4890
176.2471
237.9479
418.7039
124.0351
145.3333
154.8212
182.4139
148.6464
64.3949
87.7274
93.1829
150.6083
52.2785
91.0031
151.4224
180.0251
89.4603
172.7933
404.3875
586.5041
549.0036
141.3910
163.5966
305.0569
128.9509
206.0850
195.3612
255.5561
122.0472
162.8506
268.3531
192.9211
75.4872
55.9694
106.7755
161.8371
136.5103
367.1606
388.5854
137.8008
89.0808
264.0259
307.9542
172.2375
139.5978
291.9909
360.8834
173.5623
170.9964
471.9435
654.5069
239.8531
223.2745
381.8216
50.8211
211.0488
654.1787
531.1122
411.9092
176.8117
587.6881
647.5326
383.3850
264.6357
615.6733
697.7218
362.0665
195.0589
225.6839
138.5514
197.4058
443.7210
132.6046
83.9506
139.6860
122.9828
72.3071
156.0462
411.6221
161.0260
107.2936
45.3308
240.1744
493.2041
100.2799
69.2698
54.8832
219.5105
427.7528
428.4961
385.2879
125.6786
111.3330
405.2762
561.9582
136.0508
157.6118
260.0726
297.3706
324.7119
75.3203
135.3493
197.4799
103.2825
256.7975
257.4527
207.0594
284.6256
639.9855
473.7057
111.8284
192.7640
358.5239
203.9853
77.5288
155.2190
244.7460
218.5268
184.0409
284.5480
122.3485
226.9397
119.9817
284.7923
332.1077
317.2540
751.2305
564.8724
194.3862
306.3060
428.1725
252.2074
252.0618
226.3786
385.1660
416.7822
100.4488
183.8234
289.7511
94.0745
173.9945
68.6853
227.1146
252.6482
99.3393
236.8091
443.1336
384.8561
527.1848
422.3404
477.1739
271.9929
572.0828
204.8935
556.4847
526.9305
223.7009
46.5166
95.1815
219.8492
114.1221
81.7515
62.9799
159.3190
371.0238
318.1912
182.4075
275.7183
257.7283
502.3111
417.3845
219.1605
151.8163
192.4227
374.6271
212.0863
235.3639
103.0068
136.7899
146.8303
260.5419
491.7290
115.8641
195.6452
61.4067
153.5750
281.6847
150.3293
297.9592
195.4235
95.1012
83.6030
102.0026
124.8317
213.6716
61.5700
74.2798
158.6282
226.7036
55.9723
112.7827
247.3601
317.7124
43.6342
117.6299
97.8877
39.5189
227.8078
521.3355
174.3664
397.1064
438.2254
347.0245
146.0744
159.1241
308.9618
126.5103
166.8549
266.9237
141.3643
276.8491
432.1194
470.9524
221.8977
496.7521
621.4491
374.7196
288.0948
484.8320
75.6373
146.4090
181.1970
134.1947
155.0358
90.8166
138.5175
355.5338
560.2470
655.4334
698.9191
449.6583
411.8819
283.8812
253.4739
166.1651
355.4556
226.5921
413.8777
601.4282
192.4591
91.5508
72.7601
104.5150
238.5794
376.2028
159.8518
294.2382
312.6747
310.2396
162.5783
445.6887
471.8612
575.3942
303.7832
159.4130
210.8984
122.5437
238.5378
158.4684
130.5055
301.6886
483.2981
145.3738
374.1991
559.7326
492.6428
395.0828
203.0034
233.0668
143.5254
429.1448
513.4290
256.2212
226.2626
225.7562
223.2595
259.8789
125.8006
134.7691
100.5499
66.3385
91.0537
96.6478
162.8804
252.7386
174.9740
54.3419
72.9500
251.2602
366.7432
94.6671
294.2389
477.8456
203.9464
289.3235
490.3027
171.7177
165.7111
124.2538
118.7145
129.7548
80.5089
129.8937
315.2476
241.6917
354.1064
408.9103
249.7373
539.3208
387.1328
525.8104
84.2600
256.5359
192.1704
265.4765
183.9735
97.3033
286.9057
557.7498
256.9551
193.6856
271.3672
254.7008
206.9418
275.6332
605.8728
498.1967
321.4203
110.0717
212.1078
235.2707
228.9996
240.6086
228.3592
73.9633
80.1636
158.5207
89.8681
269.3218
357.6611
75.1477
332.9676
455.9951
102.9441
121.5647
172.1976
148.5670
244.8775
164.6600
103.8676
145.4438
92.3620
122.9134
80.3089
154.1203
119.0078
158.6369
295.0102
306.0479
122.5125
190.7376
125.4098
132.8368
74.9385
111.5499
264.4683
586.8343
395.2462
104.2557
183.7039
132.3387
237.0897
226.3575
195.4888
274.1997
343.4908
93.2322
195.4155
338.6171
592.1595
497.0138
158.0064
114.1784
121.3631
61.3372
88.4527
232.7524
96.4884
109.5320
103.1574
221.1961
505.6896
272.1648
158.0297
412.9142
548.2235
127.1137
114.9974
249.0943
324.3267
174.3190
97.1835
153.9060
243.6750
406.2248
95.4873
83.0997
162.3003
498.8416
645.8490
243.1620
70.5508
96.1872
382.6070
545.3045
254.1940
203.7065
149.7264
364.1940
369.4371
74.0766
102.9288
204.1602
335.2079
115.3906
237.7614
245.9956
104.1407
160.7783
436.2252
351.0510
515.7272
245.9806
408.1781
423.6696
346.3449
223.8258
101.4443
220.0986
153.2308
70.3408
331.9676
715.7302
477.4965
119.2611
296.2268
185.9282
532.0329
529.6021
148.1365
174.0369
134.6004
280.3143
468.6113
507.6652
148.8115
253.7511
336.8993
797.7553
628.3336
240.0001
177.5030
336.6050
391.6705
211.9007
198.2613
212.8644
248.5869
248.7469
348.4075
153.1180
345.7432
55.3313
286.9411
621.9252
616.1356
595.2579
565.5938
326.3159
55.5397
184.0009
319.1004
203.1382
277.3412
403.6322
363.3812
478.5175
108.4546
80.5947
74.6147
109.1372
85.6450
168.3353
70.6972
239.4593
548.8570
465.8899
413.9480
93.6328
110.7653
158.2326
180.4764
160.8450
297.1715
500.0075
217.0258
367.2445
494.9464
462.4442
242.6681
189.0470
133.8857
46.8579
61.1538
132.2573
241.2919
182.5161
89.9200
31.7531
56.9382
243.0725
436.8546
82.2178
201.3508
228.7884
108.1207
280.2518
329.8676
72.4424
75.9076
192.1414
454.8255
284.0871
66.0006
87.8916
320.8981
201.6852
273.7483
134.0203
251.0312
590.0708
225.5255
334.7246
377.4754
91.5926
181.9093
291.0535
192.7093
461.7298
527.5578
104.5278
359.8626
586.1656
216.2881
147.2167
130.4189
193.8299
606.5264
741.1628
346.6620
190.6899
169.0699
168.6622
224.5328
397.2768
515.0879
220.0162
444.6650
359.6868
593.1508
340.8742
173.4978
155.8977
79.5889
97.2122
99.9833
250.0240
80.7705
47.5810
138.9593
279.4456
194.0176
163.0719
516.2932
544.6289
86.4051
126.1945
85.4478
146.7013
171.3238
138.9719
133.8529
353.3122
736.2196
464.3611
227.2387
69.0043
142.8926
606.3832
565.5823
379.7066
405.1692
139.5581
260.3996
365.9932
581.7281
423.4195
243.2117
205.8883
455.5384
664.6531
443.6528
563.6985
297.6885
167.0071
193.9111
169.5228
432.1296
355.1370
394.4789
221.9397
111.0692
242.7792
287.7203
512.6533
450.7019
468.5655
106.2238
123.9463
257.9347
281.3106
657.1847
386.9094
101.4751
147.6688
263.4755
437.5861
174.0965
111.7365
96.5014
56.0708
186.7959
172.2169
203.8188
243.3686
133.6429
124.0110
136.8144
154.9734
320.6549
276.0793
75.8903
107.3992
119.2287
267.0230
92.2099
117.1705
180.2415
450.1086
208.9764
173.7049
132.4778
261.9590
654.9584
553.6973
625.8036
610.7068
263.6869
204.6792
335.9939
108.4369
160.5108
74.3825
167.9162
469.0582
509.3522
306.7846
94.8476
77.0347
69.0469
213.4256
285.8560
473.6701
358.0538
132.5473
294.8442
269.8599
237.4605
376.2634
263.9247
511.8604
304.4231
311.7496
141.4357
368.7415
187.0860
121.6977
260.7353
125.7405
302.0455
366.8428
360.4572
440.1233
266.7845
267.2247
417.3175
319.1328
733.5772
488.3774
155.9431
151.1575
146.4742
445.2198
487.1443
219.6664
222.0233
187.4104
299.4233
105.2151
58.2521
78.9532
193.0993
440.4967
456.3435
431.8271
616.9558
294.1507
238.8115
669.8967
576.3835
133.3625
342.7565
326.9984
169.0859
244.2665
470.1111
229.6052
158.0871
243.4292
159.2575
225.4696
146.0572
338.2668
293.8596
120.4304
190.1485
53.7522
93.7654
253.4866
142.9328
319.3825
706.3332
493.4206
74.1955
106.1490
264.8307
230.9915
99.1731
77.8107
118.1359
195.4851
265.3454
593.9434
404.2150
248.2767
107.4066
163.1126
350.3144
389.1693
215.0827
436.5853
258.9629
417.4232
484.6660
147.4521
114.2980
322.7116
528.2178
329.3865
459.6772
108.8825
107.8767
262.6260
290.9667
313.2253
416.4707
808.0685
471.2331
192.9471
222.9754
87.7730
263.3002
414.6041
306.6889
438.7997
512.4067
182.9322
465.9428
461.1414
528.0685
177.3445
287.5322
463.8196
428.4878
282.5261
499.4293
206.8052
227.6915
159.7669
452.5169
502.6256
209.0229
153.7047
53.8983
206.4359
408.1555
528.2754
422.1942
700.1965
496.2450
172.0043
329.5407
422.9941
158.1185
236.3919
642.9260
537.0334
266.0024
328.7504
442.3083
138.2406
181.1983
461.6070
529.3712
396.7120
133.8787
86.6151
95.6510
39.1507
65.8639
167.1959
295.8509
425.1886
709.4822
712.8113
450.2836
284.7551
493.4436
110.9466
166.4366
277.9141
453.8943
415.9965
595.5720
626.3476
444.0699
421.7275
298.2722
67.0758
212.4807
255.4000
567.4221
726.2560
577.4569
217.0032
292.2884
375.6545
88.3025
181.6518
263.4205
176.2206
147.3422
149.4237
174.2509
197.3750
110.4946
114.9783
325.7592
802.9738
607.0091
87.1872
217.3515
328.2462
75.8339
187.8190
567.5149
403.2888
525.9534
672.0227
442.2432
578.2621
539.8264
108.6807
118.7677
312.9100
444.1749
172.2878
227.8647
254.6821
131.3619
219.1206
288.9300
507.9235
104.8670
65.6956
59.8353
287.1835
716.3599
551.8234
412.1095
662.7121
544.5731
71.2189
75.1868
241.9833
274.3261
181.9645
137.7374
263.1771
177.5541
99.0682
154.6260
457.0745
127.9418
63.4350
115.6276
219.4483
97.5871
100.7425
176.3385
230.9292
43.9082
269.3313
420.9983
131.1497
312.4693
473.7706
448.7284
660.0111
615.5169
364.1071
527.8931
261.8756
123.2839
145.4329
138.0139
56.3821
71.4795
95.1074
245.0829
203.4235
125.5775
186.4494
97.8733
300.4113
666.3853
541.8937
337.8512
81.3839
98.5935
138.9202
184.2731
133.2825
85.4065
80.7335
132.5239
199.8655
128.2220
90.7752
47.3113
319.7438
434.1256
101.8572
255.4506
252.4911
66.6680
309.8672
576.1276
234.3654
269.6384
748.0066
745.8942
634.1759
745.7219
518.7441
241.0777
126.7041
216.9542
148.3987
52.5164
70.7319
63.4413
98.7616
202.1816
54.5616
84.5194
81.7909
142.1308
211.8645
161.6475
406.5385
195.5095
158.5795
273.5210
404.9954
130.2431
336.6086
554.9418
458.2070
361.1974
397.8448
276.0247
296.6490
432.4754
532.8617
531.8816
353.6436
314.1105
263.2555
584.7843
401.9776
601.7155
381.0853
233.0099
345.0584
152.6992
240.5161
210.4498
64.0480
117.5385
124.1641
303.3990
540.2541
193.9288
199.1829
281.9357
333.4784
182.1003
427.2127
737.1140
492.5655
100.8451
245.7095
714.4142
557.4203
247.4324
398.6270
344.4818
338.5164
140.9609
254.6458
262.8826
92.1982
207.5032
110.7375
226.1845
161.6901
72.1528
213.4928
367.5877
293.0087
562.5405
267.5304
291.0238
510.3133
110.3798
91.4901
272.5323
283.1666
134.7773
215.4067
190.4464
435.2298
561.4168
178.8516
204.6062
285.0727
432.2366
383.5834
444.6906
177.1820
114.6983
248.0363
656.3703
510.0343
730.7313
434.2431
147.3179
431.8216
518.1667
574.2557
595.6466
400.9821
167.7794
94.4023
172.2725
574.9597
567.0143
196.4241
98.6861
215.9579
294.4164
85.2059
35.1913
73.4223
160.2059
170.0750
186.5389
144.5722
120.7885
270.7298
437.1983
679.5291
443.6000
257.5759
318.5601
588.2766
602.5333
823.2428
681.0651
522.8544
238.1843
250.1628
227.2206
189.4055
298.1916
600.7311
466.0891
177.2629
340.4421
181.7521
236.1944
509.0281
356.0102
546.7816
393.4240
401.4990
426.9931
539.7214
223.1467
183.8361
174.0716
321.5173
164.1299
165.6018
107.2446
458.4135
579.5985
224.1858
163.1479
199.8170
113.6568
354.1479
429.2686
89.9423
102.7565
69.5172
313.8490
434.1265
326.2801
499.5046
98.8674
229.3130
361.3415
124.6288
208.7428
594.0813
717.3320
772.6418
747.7697
408.0153
105.2448
231.1746
154.8883
204.3591
505.4862
347.3496
107.5368
199.7618
141.8591
157.0678
372.5598
446.2087
269.9301
529.3173
238.1178
348.7389
102.2492
271.2398
472.7198
216.2270
434.7886
286.3557
361.5339
371.4320
98.6573
255.1211
427.6610
365.0397
335.1431
319.8355
464.9610
176.0715
215.8167
375.8996
469.5519
143.1114
504.6865
598.7635
165.2931
189.6510
439.0511
300.3407
530.6277
418.3636
473.5705
225.9059
451.4777
79.0050
101.2795
77.7239
44.6976
58.0360
57.1099
59.4396
75.2426
170.3891
375.5928
687.4702
431.2305
423.1706
442.6898
246.0290
417.7966
169.3462
224.5855
524.6256
573.9914
159.3419
165.9467
176.1514
126.6489
411.8279
591.7177
561.8675
135.9381
246.0836
536.3134
627.7694
500.4012
305.6633
257.9119
199.4556
396.6673
285.8162
529.1660
412.4285
799.0555
515.7738
359.1268
711.5630
510.2489
426.9195
164.7463
140.1029
467.7503
532.2827
166.3673
207.6498
179.2669
170.6884
114.1491
146.6545
75.1343
137.4410
332.5065
280.8710
545.7475
447.1194
257.4290
164.8176
207.9050
169.4489
220.3551
419.5293
450.3442
124.2911
257.8630
313.7540
365.0853
122.3687
242.1878
355.7563
136.3906
69.5447
119.4270
137.8195
170.8151
599.4347
467.3763
372.8915
553.7883
90.7148
137.3071
119.6533
79.9436
287.0185
236.5915
395.4420
104.3133
357.7500
551.9424
195.9392
465.2067
396.2793
192.3000
323.3350
386.8343
274.6354
454.3721
60.2073
89.9913
126.5052
172.3172
215.4226
118.1183
305.1413
323.2887
101.7664
146.6875
204.8936
513.2901
647.9657
318.7197
461.2571
490.0197
322.8050
216.1478
367.9752
227.0309
170.9788
334.2495
839.3557
652.8663
219.3916
383.4693
498.5259
407.6472
159.3787
390.2850
555.1579
417.6869
410.2162
536.9310
425.3135
232.6168
445.9549
86.2666
136.8831
473.1763
654.6093
315.9977
668.2106
550.5361
258.2732
272.8524
114.6872
249.2837
296.2445
222.8066
172.6321
483.9880
791.7088
705.9057
607.6977
346.3512
157.8300
108.3496
225.5414
419.9880
261.3639
370.4961
187.8735
426.0061
317.9166
411.1746
524.2354
200.0823
583.0810
548.4043
685.2196
627.1260
309.9829
90.0066
112.2125
74.9968
239.0280
614.9967
516.5305
323.3489
639.1505
496.9854
614.9791
568.8185
144.4356
325.7991
313.3093
190.8051
138.1434
233.8249
276.5486
524.7660
581.5408
99.1568
267.9421
420.6792
668.5783
450.5702
77.9991
200.9878
274.7023
381.9703
616.8927
221.2652
202.3204
351.3552
549.6742
685.5020
684.2012
663.2190
612.9836
509.3186
227.2169
168.4252
258.5930
432.4041
539.7272
295.6877
253.0479
376.9927
462.3234
298.7385
112.5815
118.0596
244.0832
559.2622
543.2105
76.0614
65.0894
107.0889
248.2944
554.9465
601.7522
195.9019
247.4070
313.9268
496.6854
99.7592
212.5186
187.5135
332.3071
269.8819
534.5887
293.3540
570.7452
316.4458
120.9332
164.8761
147.9934
140.6502
171.2740
200.3442
218.4072
166.9391
138.1663
123.3152
94.1568
175.3304
466.6826
680.1139
527.3568
117.0536
73.2698
141.3517
246.9558
355.9262
201.4139
303.4990
177.5339
352.4489
127.1978
185.8974
156.3693
103.0939
262.2186
303.3009
624.0896
503.4234
364.7716
347.0897
391.7512
481.8955
518.3059
438.2503
557.4670
478.8821
398.7227
264.7047
392.0919
182.2999
212.7745
235.8511
449.2121
127.3431
332.8936
509.2626
546.0472
438.7971
693.2395
589.5596
79.8304
90.3276
123.9733
176.2633
206.1528
276.4316
453.1578
169.0798
271.9715
395.5687
325.2825
549.8357
187.8195
462.3123
471.9448
74.1882
240.8758
551.6282
583.5761
339.8509
210.2845
163.0110
195.4801
627.5632
568.6839
161.7823
134.9228
357.6122
575.8778
356.2899
437.3547
91.6240
280.3921
786.9532
621.6944
193.5503
367.9586
516.4920
613.4285
237.8629
85.0444
138.8045
370.9328
508.1058
400.0349
563.1630
56.2292
212.5773
464.3096
231.1659
373.5363
218.0872
307.8933
384.0984
728.9360
567.1228
346.3924
399.6671
90.7913
94.1103
208.5235
328.4579
258.6050
92.2106
111.3687
199.0679
419.0288
416.3044
334.3238
420.6757
177.5393
167.3303
200.8479
216.8034
331.4256
191.7907
730.0265
502.8083
163.4139
543.2983
415.9062
180.6853
396.0269
526.6446
841.5606
567.9193
203.9382
245.9764
193.6575
237.6467
30.9447
57.0194
105.0457
364.8236
646.9653
487.9966
251.8604
461.2169
191.8259
258.7370
244.8043
96.8599
137.2019
349.8565
608.1750
473.9406
480.9926
118.8092
386.7506
403.8448
522.4679
428.5724
405.0552
129.0554
91.3077
214.2458
495.4998
148.0138
71.4689
247.3301
657.1748
629.8447
581.5532
287.4931
758.9654
529.6485
222.5851
143.9378
137.2703
364.5032
515.3227
124.5814
80.8472
141.5432
260.5808
323.4025
488.0380
364.2819
428.3538
216.1815
79.8890
163.2098
218.7457
406.1073
106.1138
90.9228
133.4051
186.9944
134.8836
300.5894
596.6903
444.0832
430.2510
97.9961
212.3691
334.0080
183.1283
597.9214
494.6453
675.9428
247.0237
508.3180
370.7780
138.6779
224.5932
206.2920
243.0286
189.2995
425.5809
604.4412
391.1907
596.1346
364.8167
130.1997
185.2968
257.8342
180.2520
378.0187
507.0485
563.6683
158.0370
234.2579
411.9539
293.5607
470.8629
238.9318
544.4888
491.3594
610.8702
488.3513
171.5105
140.9360
159.3679
520.6808
585.3098
416.8493
201.0489
277.7580
475.2065
125.7238
143.9135
201.6894
426.3577
120.6172
96.2018
127.4445
191.6106
106.2441
47.4881
114.5307
462.4096
786.8687
576.3728
264.4094
335.8376
313.9229
201.4876
71.4381
165.6134
313.4635
447.0616
78.0290
131.7940
133.2793
97.9754
137.8152
171.7296
306.2730
464.7275
536.9944
45.0471
166.3001
87.9710
273.6160
552.0167
526.3774
161.3132
416.6981
549.0683
624.2221
419.1739
191.1597
344.3722
272.7751
201.9534
137.3337
288.5482
373.9822
58.7144
58.9712
89.4153
223.0225
356.6356
192.3626
120.1490
271.6827
697.4907
724.1178
487.6136
183.2184
147.0429
456.9134
479.5785
335.4292
708.0570
601.1423
584.2955
264.1278
291.0253
175.9876
156.5361
397.2133
704.4742
716.9529
644.4811
524.5792
297.2315
531.0151
212.0775
122.2564
170.3881
289.6331
622.4058
586.1221
188.8919
586.6248
447.0736
537.8028
504.5480
323.2150
482.5461
230.6194
325.5000
87.5684
160.9080
499.7109
521.2954
93.2375
139.8529
454.2968
167.5814
207.9963
302.8672
54.9521
153.4929
443.5574
218.4519
242.9905
315.6202
725.3481
568.5582
231.9160
325.5450
712.7953
774.7776
583.3355
424.1224
377.5630
459.7616
348.9126
502.1149
125.2659
238.0971
215.6550
473.0998
338.8623
216.5218
439.5962
510.4710
809.5212
824.0244
754.0856
580.5407
402.3396
177.3006
417.4387
361.0985
649.5907
836.8159
546.1465
61.4395
227.4201
392.6362
29.2060
65.1985
133.1358
113.1549
127.5032
306.2848
359.8981
490.5407
265.4008
297.1464
357.0704
248.4372
313.9050
98.3341
309.4075
132.4593
106.1740
216.8563
426.4688
479.0943
116.1589
139.1352
195.3433
647.3875
559.5714
341.4115
469.3231
118.1791
92.8541
145.3831
559.7057
624.5989
159.3724
238.8646
451.0640
882.4566
648.2755
452.0087
817.4845
791.0762
719.4920
468.7635
425.4121
886.3680
503.6866
358.0634
481.0700
174.3248
535.2349
377.7684
100.4918
581.9088
714.0995
422.3705
56.5633
171.5613
303.3612
413.1019
206.2842
303.7980
137.8341
164.7323
454.9576
534.2718
305.5257
564.8088
336.7089
413.5996
322.9849
713.4318
495.3983
206.5552
208.4570
125.9727
219.2652
245.6991
116.0533
236.6315
169.3494
310.4281
140.1627
106.9498
120.9658
209.5860
283.6838
466.0474
995.3414
927.5953
472.9523
279.5322
525.7179
764.9171
642.0769
296.1252
292.5846
111.2275
173.0614
192.3608
215.6851
577.4264
559.5419
341.3829
852.7851
680.3184
252.4757
172.6106
86.5701
305.4379
349.4516
321.4322
140.8391
404.0102
432.5482
122.9537
178.1456
281.6794
454.6688
203.9298
363.0138
475.4248
727.6006
553.5543
293.4161
234.6181
612.9276
563.6914
328.3156
582.5766
143.0416
227.9352
664.9275
493.3597
229.9438
438.5317
581.2396
443.8841
124.2661
117.2716
263.7203
458.2101
175.0102
357.7468
99.7218
50.9017
85.7874
110.4779
73.2205
166.1277
462.0976
414.1332
275.8453
846.4796
692.9432
260.2529
405.6099
564.6047
191.3361
258.1402
177.5521
393.0469
572.5378
473.4699
449.4988
114.9991
80.0853
205.0235
617.1773
412.2509
218.9586
347.0080
151.5836
253.8815
162.4704
219.7938
67.1920
121.7438
145.3741
211.7136
199.0578
366.7335
242.5789
173.3445
320.9678
633.9033
381.8522
118.4282
174.7983
187.9317
182.7070
142.7045
379.8461
473.7531
186.7461
507.7951
686.4076
119.2855
163.5298
170.1488
520.7051
656.5677
380.3886
166.7910
119.8318
369.9726
603.1217
564.9149
507.5037
285.6228
383.5868
450.2669
57.5602
188.3947
681.5028
430.7525
441.8016
439.8838
31.5765
93.7222
90.8171
150.3206
581.8354
782.5606
507.7152
305.3915
308.2062
129.1120
334.4105
121.1171
132.0133
154.4716
217.1174
666.5126
796.5800
523.3243
253.1404
420.1546
153.8481
76.2168
282.7305
503.1916
87.9433
133.4340
252.0417
565.5222
228.5115
517.4580
682.2602
325.6839
205.3017
150.8899
97.0360
108.8109
219.8865
333.7227
180.0863
236.2165
402.0267
567.6599
253.8380
539.0109
188.1691
382.0944
399.1181
92.5105
432.4699
760.9703
681.3268
593.1643
543.9897
163.9509
255.0241
251.1385
535.5344
126.2577
241.4959
419.9855
180.6036
435.1487
817.0363
601.7477
257.7210
101.5303
137.8831
312.1046
506.4476
180.5870
318.7512
498.5673
547.1419
48.1155
108.8840
140.0414
142.7985
444.0138
495.9735
157.9832
164.3395
252.6506
125.9056
94.9364
183.2936
259.4476
596.4775
749.8128
485.7787
190.0192
163.9075
112.8028
162.4628
286.9897
718.3883
550.3552
77.9208
251.4211
392.3310
163.6858
495.6937
418.6282
359.3344
397.9333
567.0952
287.2863
409.4763
588.3693
115.9469
331.4367
602.5558
564.9507
608.5523
748.7679
563.3671
255.3849
588.6904
580.5519
439.1678
941.6776
760.5928
578.8195
185.9253
330.7500
187.5979
305.5298
440.8069
385.3842
475.3602
59.5067
140.4937
85.1290
57.2539
211.6047
403.7139
434.2533
644.0051
282.6330
82.5712
176.9745
387.2966
697.3357
618.0826
139.5879
144.9269
134.3174
118.5897
237.5215
272.5958
244.4345
304.1487
756.4292
467.3966
98.2463
99.5632
222.8533
464.2973
183.8845
258.2232
423.3945
361.2110
650.0571
935.8816
585.9709
117.7081
374.4297
468.9535
190.2958
199.9959
485.2520
476.5995
478.0770
110.7272
267.8496
154.3089
213.1730
112.8981
161.6396
481.2246
628.0933
346.8452
238.8207
340.7487
142.0610
333.8157
479.6907
149.0362
182.0494
184.5786
198.8151
598.2711
663.2959
631.5225
542.9656
441.4765
196.8608
254.1974
560.1659
434.9662
625.0714
523.9346
317.2114
515.1254
526.4950
453.6610
638.1979
460.9188
603.4071
546.0750
273.1853
223.3494
409.4071
315.1267
438.4237
287.4965
213.4945
580.3023
842.3300
614.1750
700.1826
838.7351
667.6149
418.9563
847.6673
599.9945
282.0858
795.1142
545.8086
344.4702
118.6075
193.2325
41.5412
164.5076
259.9674
208.7911
542.4083
739.4926
632.7778
187.6831
385.1360
636.3458
777.7930
603.1574
263.8803
467.9181
240.2908
506.8792
839.9876
670.8720
815.4789
297.7571
258.2655
525.8382
836.8691
583.4622
111.9956
250.9364
485.3796
492.1911
161.8235
237.4656
307.5058
301.2563
506.7929
365.5658
432.7526
416.9819
79.2949
288.6439
680.8027
726.8859
628.9889
527.6410
528.5885
347.6924
357.3861
557.9238
77.2965
72.2531
142.1429
175.2815
237.1763
412.4298
138.9529
587.2774
564.1073
187.4121
185.3914
474.4920
739.2636
522.1492
86.5448
116.2150
568.5615
926.4069
597.2257
439.5334
765.0695
770.1385
870.3599
927.8806
796.1949
579.2123
411.3537
451.5020
272.0842
493.6504
677.3444
606.5035
768.0722
539.6861
100.4364
342.5830
596.1497
438.7661
409.7959
603.2155
467.1704
657.8148
848.8116
873.8201
677.7088
688.2727
808.9597
607.0183
240.3662
188.2391
237.3717
331.1473
660.6468
701.7901
717.5748
954.2587
667.3374
98.3455
115.7546
412.5230
626.3381
883.9768
893.3240
912.8117
683.5657
780.8370
577.6621
119.5809
252.1952
611.1348
461.8715
120.2703
127.5186
316.4370
490.6224
383.7252
563.6327
134.6114
221.3996
176.1200
261.7465
605.0623
718.6928
488.0351
260.9701
474.9461
489.9966
597.1378
377.6236
510.3160
447.3682
180.6774
221.5237
90.8808
124.7282
347.9058
536.9772
132.2770
167.4267
143.3721
311.8317
485.7110
101.4553
266.3981
137.3837
133.4578
264.6910
246.1711
373.2480
409.6288
421.3850
43.1430
88.8338
75.5032
166.5622
519.0061
252.4263
117.9111
352.4379
810.6810
724.2687
372.0847
287.3132
680.4858
548.3715
346.5938
642.0536
205.8920
118.7341
250.7019
392.0782
97.2049
214.5837
487.5385
882.0227
742.3041
779.5402
503.6764
215.3527
550.3994
803.6031
923.3734
894.5709
705.9671
629.3974
237.4236
585.6695
514.3554
100.5133
283.8775
790.5709
907.6564
525.3902
264.6196
813.0057
598.0571
66.2662
71.3840
435.1929
681.4663
417.4499
298.0197
361.3482
718.6304
637.2605
511.3978
788.6812
704.3924
530.1589
295.5329
789.9081
519.2380
54.0315
72.0780
273.0889
554.3805
777.5188
806.3552
746.6052
729.6900
402.6675
180.0967
312.5403
239.3225
395.9935
495.1280
296.6968
124.2505
560.4725
803.6919
684.5591
688.6934
666.4353
518.9748
523.3494
242.5663
163.1000
562.5155
614.7026
231.7521
170.0769
473.0739
832.7188
566.5602
251.6940
649.3876
323.1252
311.4006
397.9212
444.4696
905.2626
778.2230
366.4629
179.4768
286.1962
468.2528
486.2718
509.6827
752.4799
586.8722
543.1985
580.2806
324.4464
228.3675
651.8249
656.3151
260.5877
221.1621
236.6108
411.3453
383.1828
521.0173
91.2662
151.4473
320.6432
386.7070
95.6645
239.6199
671.3477
545.3547
144.1084
83.3476
140.2738
366.2647
586.9955
184.8802
318.2752
752.0802
463.4642
201.3067
376.4194
346.6709
469.3875
112.1540
246.0801
235.4078
547.8078
573.8662
214.3239
271.4355
292.6131
754.1532
308.2742
462.9793
582.6265
216.3351
483.1972
572.7881
264.8954
734.8314
783.2646
678.6821
608.7012
398.7533
565.8563
338.2681
229.3338
88.6129
82.6885
366.4146
684.7598
261.3102
518.3283
760.3482
425.9888
170.5980
547.6665
541.8509
296.3524
127.8410
266.8531
344.3248
682.4447
401.4505
282.0315
656.1936
891.1191
581.5871
158.1106
113.5756
202.8153
696.3698
594.9524
149.2004
46.6116
38.2237
336.4181
520.8961
313.2944
120.7339
160.7459
472.8937
834.9458
712.4137
682.2471
389.2519
438.9241
181.5431
261.6837
447.3765
695.9254
708.5589
707.7322
716.0785
102.6155
123.4895
37.9233
91.7238
201.0763
531.7858
538.3386
444.1509
630.6743
173.5766
279.5682
213.6102
98.6495
131.1337
170.0495
80.1492
194.8919
536.9615
888.4999
879.7066
680.2136
253.3070
130.3739
116.1164
257.5473
319.5951
36.7864
109.0043
175.6777
131.0969
450.7565
549.3764
139.2138
103.6394
202.0489
435.2834
382.9620
436.8292
423.0171
184.6713
253.8248
578.8145
314.2722
584.2034
578.6275
309.3601
436.7814
91.1254
220.8937
349.8171
294.2084
375.8720
446.4467
31.6781
165.0785
377.7293
425.5800
117.7259
281.7003
624.9384
708.8563
364.5340
712.5489
605.4493
623.7844
557.0920
228.0330
123.9137
392.4921
484.2370
478.9027
183.8648
100.5619
413.7805
507.8164
230.8036
690.7996
771.0695
530.7024
95.8712
166.8727
177.3986
109.9148
309.6099
377.4522
185.3434
307.1440
141.6099
468.9289
616.5096
194.1866
172.5383
51.2284
83.7026
191.2164
315.3507
659.8090
502.3874
173.9177
258.7040
230.9079
580.3697
251.8765
172.7554
454.0624
688.7808
339.8878
37.9392
82.9817
361.5592
550.1520
580.7797
738.2174
616.3932
652.3983
121.3027
153.6034
376.7813
801.2706
698.7026
909.1407
780.6286
777.0442
730.9864
388.8533
396.2175
418.7519
195.9557
193.1564
203.7527
302.4954
138.2504
406.8764
629.5385
239.6920
299.3747
601.8475
583.2195
257.6373
331.9720
172.9032
117.7989
86.7558
215.9864
198.0819
182.9629
247.6909
403.1554
750.2281
513.9626
244.3395
404.0137
321.3296
305.6553
529.4495
557.3494
392.2904
121.1150
221.7432
646.9921
346.4216
127.4220
236.0131
367.5891
192.1725
314.5255
692.2102
421.8275
367.3710
574.6647
129.4471
158.7580
555.6934
766.7881
733.9460
929.9197
701.3876
339.8523
481.2513
898.2769
874.3514
608.6345
111.6621
415.6836
813.4530
554.6713
316.9802
555.2007
201.8024
87.3821
119.9529
180.0972
281.2234
634.8942
128.6756
300.4452
818.3060
982.1565
621.9569
190.2118
300.8020
494.2036
457.3405
487.3295
655.6657
291.3576
908.8576
898.9446
940.0851
540.3773
153.6160
198.2315
128.6974
71.1114
151.1021
371.5578
800.6974
579.4616
197.9049
123.3084
120.4523
49.1351
325.7666
506.5803
248.7567
748.8178
551.2578
221.3722
383.6499
680.9866
421.9390
433.2810
755.8883
671.6448
204.1337
232.8214
358.2472
258.5181
106.5742
168.5695
384.3135
476.9656
400.9508
575.0190
93.7617
501.0535
616.9940
102.1834
185.8020
359.8759
604.9179
785.0027
689.8496
589.8266
49.8050
255.0064
628.5835
495.1740
286.7130
83.7676
101.5460
110.2706
397.9319
799.4189
423.2448
83.9315
287.5154
784.2639
837.6168
336.2249
95.6915
182.1329
174.2035
308.6885
239.1433
503.6721
336.1022
281.4536
570.5072
401.3325
931.0157
940.9774
778.9413
619.5354
940.7400
784.1047
572.5776
448.5094
404.8162
335.4826
394.0487
263.3159
54.7628
410.2981
918.0877
682.5380
525.2793
80.3686
67.7028
220.3732
348.5696
250.1838
451.0270
113.3228
150.2450
78.2831
137.8764
169.1145
637.6961
901.3661
573.5106
128.0922
229.6683
247.2926
163.9824
100.1703
407.3546
412.9297
72.1984
53.3567
375.2856
826.6675
781.4806
553.5584
471.1143
660.6034
494.2139
338.3089
590.7370
103.4483
62.9505
196.6663
414.6203
303.9101
404.0548
446.9210
124.2710
442.5739
447.6231
180.1596
405.5560
557.7016
137.7382
613.2031
995.9516
982.1090
754.7063
870.7027
614.0432
341.9045
183.2801
396.9029
195.9833
139.6067
211.5476
132.2153
428.7282
479.3404
197.3552
327.6723
371.8559
401.3319
664.6116
381.4554
535.7636
390.8362
185.4850
167.5284
312.6991
702.5575
117.0076
472.5639
668.3975
809.6066
922.3260
575.0082
420.6128
472.8871
353.0405
178.8923
299.9243
844.6668
791.1405
945.7099
618.9068
99.2095
148.6064
294.7348
552.9196
344.6161
272.4008
579.4082
182.9802
185.5005
106.6012
306.2230
804.9415
718.0157
670.0323
408.8327
564.4587
362.4392
457.0040
130.8542
185.8152
309.7692
516.6898
100.5444
566.9770
910.9040
791.0822
522.1770
175.2135
206.6878
324.0333
743.4182
571.8779
253.5707
285.1648
172.1524
175.1354
266.6818
430.6347
492.7903
943.7355
646.5862
268.6284
95.0816
97.8565
259.0982
361.7598
183.4794
111.7367
329.1640
536.5429
183.6460
698.6418
853.3387
570.8613
394.9281
589.6193
247.6452
319.8145
483.1978
446.5728
505.5451
118.3573
478.5829
681.7819
420.7591
270.1174
396.8423
120.3340
289.4830
603.4905
672.6511
529.6048
522.6362
135.3989
195.7845
376.3986
117.8434
192.7215
296.5993
376.5153
810.0293
656.2644
792.1770
795.3594
567.2704
397.0291
682.7146
159.1271
440.2911
649.2550
543.7932
516.3358
279.7330
238.4702
481.4848
151.5256
600.3252
934.2224
487.1108
188.4868
456.7987
942.3118
855.1165
587.8083
340.4366
749.2584
729.0282
479.7593
660.6250
351.7712
205.0889
707.1904
890.7579
761.3429
206.6919
190.2673
98.9154
344.3983
330.8248
552.4485
447.3321
814.2145
481.6160
444.9932
683.0585
537.5018
160.7400
378.4681
244.3552
327.4195
1005.9038
887.8750
482.7117
81.6144
237.1034
247.6651
220.1613
257.4813
455.5167
196.1200
507.0881
620.8213
289.8627
208.9510
367.6641
235.0007
365.6800
410.3661
235.6483
252.7265
359.0481
547.0073
115.4258
115.3354
357.5566
601.9384
479.1953
115.4117
166.6243
166.3388
147.3245
237.8787
197.3469
344.2786
703.2571
982.8328
939.6169
754.1973
375.6153
84.9037
119.1309
85.0062
126.6191
331.8277
452.2821
172.0585
277.9938
156.7370
377.8545
596.7797
421.6555
215.2276
451.6362
536.8892
443.1364
283.3196
286.8759
381.4657
252.3743
364.4741
309.6846
514.1184
288.9647
289.6609
229.1600
444.0190
817.1388
481.0248
419.1485
613.2372
122.0649
197.7619
302.0704
801.7504
588.3759
241.6300
267.5150
83.2775
324.4689
782.1247
469.3122
573.7827
80.9672
122.0706
192.2944
233.5349
143.2425
252.6716
667.3984
607.2929
563.0922
362.3880
166.5871
464.9624
413.2090
316.6735
603.5112
296.5463
348.6358
634.3516
371.0274
97.5488
167.8739
458.4285
611.8447
206.2872
409.2909
622.0318
191.6198
96.3927
152.1004
216.2036
733.5262
967.6280
560.6074
246.9421
831.7709
679.0055
349.0344
137.6507
380.4928
655.4418
742.2601
641.4211
188.2370
72.9581
210.0948
388.4459
138.6771
511.0867
498.1449
125.0227
217.7599
799.0379
430.5001
135.6386
313.5372
123.3459
474.9516
908.2548
965.1153
658.8492
284.5248
272.7609
919.9364
717.1770
343.8094
322.8663
804.7690
587.9363
400.0305
488.6535
214.9564
399.7169
502.1667
271.7910
635.4375
424.8618
778.5627
759.5624
269.0563
546.9507
857.3061
561.3219
204.8288
367.7843
674.1238
1044.6129
604.6376
207.4099
412.2732
758.9176
449.4611
207.1583
699.0514
588.5899
489.7655
531.4175
443.4752
102.3127
242.2799
386.4169
529.0166
676.6210
671.9568
866.7948
900.2469
573.0908
487.5477
648.9916
300.7807
742.0851
801.8999
609.7394
137.3887
582.5850
525.1638
276.8397
323.9355
167.2297
247.8872
310.8657
341.4035
191.9386
231.1566
457.6092
465.2768
630.9510
170.2116
324.9520
653.6959
454.3232
583.6381
180.5428
224.2815
449.0640
398.6471
150.6563
258.3423
423.4376
290.4168
274.2194
500.4302
749.2120
480.6364
158.6707
172.3746
297.9229
370.3119
257.8114
505.4170
393.5016
727.0732
516.8477
114.3571
367.0222
762.8655
502.9002
414.2942
410.2516
651.7876
583.5917
344.0309
443.5731
174.6969
76.3838
152.2367
137.8651
453.7591
601.2040
202.2404
478.1157
618.5918
452.9088
637.8734
636.1098
198.1227
384.0874
270.8659
239.9601
320.3549
621.6020
414.7632
237.8845
495.7447
436.7938
211.0742
140.4741
416.1787
522.2692
177.9646
337.8734
572.0843
359.9172
743.3411
566.5773
390.1334
567.1816
267.8845
55.4640
448.1229
594.7952
392.4511
863.9183
523.3380
562.4509
925.9936
491.2930
192.5349
446.2489
672.7817
899.2796
996.1742
940.6929
554.7445
211.5096
528.7854
410.8958
461.1489
134.3391
130.2023
59.0223
291.0040
531.4111
223.3822
172.1937
277.3373
176.3176
505.1520
915.5085
909.7255
590.9266
75.7096
92.3862
238.6347
347.9904
568.4645
771.7996
473.2972
361.9336
449.7363
217.6108
568.6705
803.0490
466.0352
322.3692
801.3982
771.4110
866.5224
748.1339
440.0502
200.2880
428.8659
871.5576
472.3822
187.1145
432.7516
426.6283
524.0813
68.2947
134.0991
370.2785
424.3615
400.5354
746.5112
614.5445
260.5895
358.3491
331.0580
304.3412
300.8310
91.6113
137.6560
275.1944
329.1921
221.0533
227.0258
701.5238
994.7520
718.1305
676.7278
725.6904
101.7193
261.9903
594.7085
230.9396
569.3032
550.7847
599.1297
607.7750
480.2218
720.4680
756.9555
682.0324
194.3652
316.6222
577.0055
893.1322
572.3972
171.6366
231.1309
276.8925
374.6896
720.3467
955.4636
650.6906
295.0335
308.8193
166.4921
356.9182
802.5790
726.0936
323.9851
265.9004
450.5481
217.6894
347.4622
363.6154
669.9943
647.0230
540.4185
771.6624
286.8641
200.2150
245.6454
95.3441
454.2562
566.8696
111.6328
172.4951
341.6624
470.3242
886.6502
525.4363
146.3792
343.1447
377.8991
91.6160
264.4365
534.7279
295.5625
607.5888
889.1859
573.1780
281.1571
238.7482
140.9904
307.3946
147.2135
262.9665
550.4595
513.5894
271.8765
581.6161
197.4722
393.0199
452.1527
262.6712
644.5341
429.3495
198.3231
341.7294
501.4985
420.2965
239.0395
450.0705
885.1135
544.3475
103.6356
123.6956
183.3240
338.9336
551.2123
264.3719
839.5975
572.2574
236.1189
287.3128
314.4305
522.7142
253.5640
205.4936
167.3419
419.5849
493.4800
865.8975
896.2476
509.6668
403.6032
528.5436
575.4608
782.0816
273.0302
50.2596
276.7688
518.7898
437.9108
640.1268
238.8694
371.2588
221.8040
180.6947
432.8992
793.5335
765.3318
980.6851
849.5819
558.6604
606.0443
125.8730
173.3443
226.4660
308.3745
334.7412
306.2182
181.3734
97.1418
183.8297
224.0457
622.5287
742.3629
216.3167
293.4357
335.8633
309.9386
303.6307
68.5624
150.4831
529.4141
1039.5153
928.6244
787.8584
487.5623
115.2453
391.1880
937.5737
806.9027
850.1995
375.2509
572.8717
1044.1163
648.3099
206.9099
564.0932
1025.0814
1021.3581
1023.7617
917.0366
653.7399
260.3450
318.6414
469.3598
698.9325
635.6360
767.6062
959.2636
661.9592
191.1587
146.5223
491.4878
835.2404
543.3239
224.2988
309.0444
773.3595
729.2936
557.3502
489.0887
177.3437
484.7544
407.3977
94.8657
383.1000
580.0053
78.5093
35.4824
77.0707
230.3549
421.5090
407.3349
300.7550
289.4616
593.1488
457.1376
58.0783
221.5607
287.4278
118.5230
130.0242
175.1202
322.8246
432.5275
243.7682
394.0760
613.5061
321.4230
594.2749
922.4340
888.5919
524.8072
284.9132
440.1180
259.5431
284.9297
497.4080
226.1564
386.3689
403.5130
274.9990
881.9414
653.5512
402.3902
402.0020
148.4252
83.4947
272.7472
624.5545
186.7511
248.8741
88.2674
241.2457
378.4627
462.9658
57.3560
358.3245
885.7773
953.5016
1081.9233
990.7757
739.2643
455.5747
548.2942
814.1129
810.4071
689.9413
155.0175
40.2237
141.0336
226.9319
195.5896
332.8197
289.6591
174.7314
171.7372
91.1872
175.6300
217.3450
383.7414
493.2140
387.5595
494.3256
146.1868
651.7199
726.4235
237.2466
171.3859
333.5865
398.0750
208.4491
158.4483
404.0689
380.1508
73.9912
215.7916
440.3145
614.6180
730.3790
502.1096
477.2304
864.9419
614.1773
403.8114
689.8208
333.6916
485.2554
579.9174
205.4755
649.2143
553.1753
488.6935
472.6315
739.7827
753.1272
668.9488
284.7822
324.1351
476.5505
959.8166
658.5974
339.8417
82.6667
162.4812
416.7894
756.9534
188.4263
51.5720
48.7637
111.1194
231.9452
417.7802
960.0836
680.9376
234.3852
532.2217
1017.9972
686.2578
701.9405
701.6728
192.0860
145.8977
269.3735
160.7890
282.4165
574.7872
412.3268
456.2540
694.9415
524.8349
329.1442
550.4913
389.4657
611.0318
486.0518
228.8956
175.1544
210.9787
222.3844
338.4960
555.7362
627.7317
86.5239
134.8999
473.2104
472.4025
499.3392
864.0525
397.9044
172.1758
438.7531
584.3895
145.8599
189.9331
453.2798
291.2086
183.2859
279.4828
168.9036
142.7931
345.6226
434.7719
400.3070
803.7717
573.1134
801.9811
932.6924
629.2160
144.5004
137.8805
38.0507
177.0080
249.7806
525.1352
559.8294
115.7001
230.1839
378.0286
624.8645
776.3673
544.6819
473.6836
553.8242
395.8759
597.2759
158.8760
406.7691
232.1273
572.1535
702.0559
153.6536
260.6820
253.1076
454.0363
430.7202
138.5646
130.4164
143.2114
200.8178
465.0028
234.0165
132.0155
283.9953
874.2767
741.9409
400.1071
149.8853
252.1034
456.4505
217.5053
325.4991
653.0619
486.7683
190.7660
581.8246
506.2951
398.5965
989.1476
937.4109
670.9823
618.6762
668.5825
420.1508
566.0752
159.1108
290.2786
181.3396
534.4093
380.4191
90.8408
194.2593
636.5025
609.7200
192.9424
371.3817
127.7209
170.4224
690.9081
642.7496
119.9501
235.2769
149.4639
334.5622
393.6197
507.6725
397.9807
727.6606
342.9504
441.3428
523.6141
970.2120
751.5628
356.0527
425.0636
126.9713
403.9597
644.7041
228.7396
579.8317
439.7146
631.4552
588.5805
679.6290
681.8512
351.4305
808.4620
647.7875
216.8425
722.1707
890.7341
835.5777
493.8547
136.3797
507.1742
690.5008
496.5132
491.0798
466.2072
431.3185
582.2856
654.5428
168.8234
127.8118
228.7853
372.2924
173.2761
267.7980
290.3767
404.6034
74.9264
131.7054
149.0993
179.7910
126.2057
514.8763
633.4877
307.5777
597.8414
451.0288
108.9430
235.2866
389.9935
266.2941
395.8089
198.1140
298.3690
534.2863
603.6371
529.1836
305.5504
940.5729
686.4748
249.4606
131.4554
550.8485
731.5619
825.3556
824.8027
833.3631
1030.9531
612.7044
226.5061
332.6546
1069.4540
930.5260
614.1823
241.8434
172.1417
297.1459
543.1289
726.4816
607.0951
105.2720
309.3706
369.2324
116.4928
64.0900
469.2443
1050.1710
892.9362
513.0292
292.1620
523.9499
499.1461
628.8820
307.5707
282.8119
393.8467
680.9214
361.2161
93.8420
434.0702
641.9802
233.7389
568.2307
712.1373
137.5152
276.7799
471.3720
280.3202
487.8057
837.1867
817.0447
894.1238
927.2656
706.6833
325.6044
125.6840
111.0087
209.9228
637.3633
1020.9589
906.4361
681.7211
782.7522
970.2542
982.2452
1001.6796
672.5909
623.3869
795.2724
446.7671
162.4445
359.2131
303.7989
714.2824
723.2381
684.4519
470.3405
912.2170
931.9224
835.6995
821.6646
634.2874
344.0385
123.0996
370.2481
491.2033
105.8132
699.9426
908.0725
745.7724
432.1665
935.6572
1102.9921
1000.9431
1108.9542
638.8509
461.6997
898.6539
909.9101
615.7972
619.3969
632.1585
578.2599
1085.2566
958.6114
846.2184
829.8181
481.1048
381.6157
389.0201
585.6594
252.4802
454.1437
893.2097
1041.1171
877.2809
636.4125
629.3704
993.1512
844.1334
900.5342
635.8615
446.0023
518.1066
491.9016
815.2714
428.3103
328.8673
29.0281
215.1554
366.5543
878.6699
922.1190
985.4115
630.5776
281.1830
1041.7254
960.8902
705.8839
376.6471
205.7803
122.4900
293.6118
581.4820
789.5824
616.5937
265.3040
201.5126
232.4645
141.8918
321.6002
698.7160
830.9989
308.4549
388.4364
836.3709
757.9431
369.2812
556.2169
421.4987
323.9135
399.9679
991.8621
1062.3202
979.2982
725.9340
477.0822
244.5955
168.8488
426.5432
204.7175
651.7211
412.9788
104.4030
347.9621
345.2511
586.1813
136.3505
203.5270
279.2595
176.7830
218.0288
636.1354
442.8760
307.6429
435.9152
645.0286
941.2930
637.5441
520.1471
256.7698
370.5268
609.8943
472.2980
242.7486
934.1485
700.1160
401.2197
395.6300
390.4580
850.9789
977.6961
1101.5648
967.2582
973.7985
610.8070
350.7106
669.7875
636.1492
605.0909
668.0904
219.2751
821.9623
640.1908
454.2887
1095.9123
1061.4803
877.5204
598.3197
271.0805
547.0826
990.5390
734.3517
718.2176
597.5091
359.0967
655.8852
382.3937
504.1143
314.6867
403.9091
296.8514
111.3390
139.4235
375.5371
662.8649
575.5955
165.1091
220.1522
481.9312
724.7553
646.4119
532.2885
936.7011
915.9879
510.6764
257.0746
697.9954
998.7829
974.2266
650.8641
452.0524
645.0973
149.3007
843.0536
771.3394
541.0272
43.7609
239.2095
137.0866
236.7083
457.3472
433.8530
968.0480
956.4085
742.0011
743.8457
874.8766
602.0822
296.9257
275.0040
144.9870
332.2533
182.8071
252.0351
222.1298
287.1076
691.2496
729.5678
142.6741
130.2116
239.5737
601.7605
414.6567
215.9161
211.8237
271.5033
194.6804
174.2477
217.1309
698.2674
456.5369
283.7913
795.5649
733.2950
509.3251
245.2839
212.1838
483.9602
393.8284
644.3439
405.6105
801.4697
424.6095
250.3477
383.1235
180.2507
182.5748
532.0132
537.4331
278.4200
528.5233
379.2700
694.1767
245.1066
490.2665
742.3641
583.2242
132.0685
51.5275
100.5042
251.4201
399.0500
403.1829
233.3924
572.1170
670.1265
529.7581
384.1358
664.2881
157.9824
115.8787
272.5943
671.6231
1011.1397
641.2943
673.9617
543.0512
27.9187
88.5486
348.0975
1031.9193
1090.9567
603.0249
124.5547
234.9527
272.5308
457.4320
651.4262
574.3377
141.0112
386.1489
364.3076
489.8909
745.9716
584.6563
315.5898
83.2715
191.6363
432.6379
67.9409
311.2293
522.9569
324.6212
469.8482
783.3541
321.8684
380.1980
242.4660
124.9665
388.3894
228.5541
192.1240
781.9671
804.5023
210.6945
103.7321
339.1019
385.5360
437.9870
893.0314
854.4705
1068.2637
934.4013
547.7806
203.9130
344.7369
416.6198
796.5391
658.6576
719.6149
939.5886
832.0704
930.3063
696.2876
440.2586
117.2364
331.9071
539.7354
661.0895
718.1004
1006.5294
939.6352
811.9420
1018.1525
967.8489
348.0848
449.4443
628.0072
236.6311
84.5012
67.2120
185.0001
548.2566
465.5628
189.0684
168.0809
501.0563
697.9839
437.8078
186.4339
285.8427
479.0964
417.7709
618.4694
610.3298
368.4660
508.8970
585.4993
287.6190
184.2965
130.6076
400.9759
432.9773
712.1139
968.2493
1011.7720
935.2980
1016.3613
848.5958
628.7277
784.6543
1022.4622
724.7204
561.4615
593.1664
700.5596
681.3085
200.9456
237.2323
395.4325
411.1548
42.2538
209.8654
466.6378
161.0020
290.8654
289.8544
194.1766
532.8843
976.4030
974.8530
656.1524
242.6400
476.5224
623.1028
711.9127
615.6403
720.3463
918.6504
1029.4828
1139.3315
776.9334
542.5679
714.7771
957.0467
989.3083
1025.2916
675.1099
485.8105
477.7027
321.3067
660.7399
215.3331
282.3886
507.3168
542.6485
125.5085
380.9901
829.8140
504.9732
449.5186
449.9742
440.1565
687.8228
725.5325
512.3828
77.2216
40.3891
94.5028
221.8504
340.2364
615.6321
1031.2221
557.7030
195.0780
91.5652
173.0225
336.9912
839.9962
679.6365
75.3417
238.8819
506.6758
555.1641
219.8305
770.3504
736.0543
412.7091
584.1834
874.8002
572.4558
349.4976
11.2863
105.8878
311.2709
108.7974
148.4255
330.3222
354.8493
129.4400
188.5785
666.8283
310.4901
419.1324
986.9279
726.2395
655.1068
712.4807
1109.3696
1146.9194
1110.4872
1031.7704
1155.3618
1051.7100
755.6079
460.4072
522.7738
505.5813
265.4364
429.7808
552.8528
511.1733
956.1917
798.8333
704.2176
811.2218
601.3946
432.1666
988.3191
678.1819
254.8347
516.3353
871.9698
738.1935
580.6350
385.4146
902.5380
771.3556
147.9053
63.5823
247.4005
468.2630
349.5814
193.3953
252.8461
197.8698
174.6443
375.9997
509.9447
341.1581
149.2702
48.1629
279.3957
520.0055
101.0747
143.1978
109.7803
401.2699
768.3126
1051.1687
1024.2186
1073.9987
678.6249
217.6426
178.8171
629.8972
808.2610
565.0201
691.7989
581.0549
389.7340
460.9351
672.7029
195.0542
239.2389
318.4222
232.2838
474.1282
1001.2712
714.1554
539.4418
553.4751
599.0794
909.1483
708.3135
563.7962
133.7008
219.2260
228.1538
460.7714
874.2691
901.8713
559.1020
364.3549
525.7283
622.9950
144.4003
81.3682
193.1104
221.8497
437.6202
546.7075
523.6917
677.2036
517.1321
260.5829
177.5433
463.5315
687.1963
440.9750
314.6648
625.5906
657.6728
753.1190
826.2223
659.4591
336.8475
903.9626
955.6491
577.3713
148.4505
569.7885
957.5827
960.3042
1048.4386
1110.8082
1042.8986
1052.6706
1024.2198
845.9795
741.7027
84.5891
96.3991
323.1740
605.0004
386.7492
247.7905
841.3222
602.9083
78.7606
246.2063
337.1054
188.4470
719.6710
1037.9464
1153.1631
1070.1653
963.9223
958.9811
643.2179
230.8637
797.1640
713.6438
391.5500
380.5238
640.2116
791.2763
689.4874
309.9768
672.3977
623.7456
460.4716
808.6683
559.5954
96.4569
117.6630
134.7417
271.0852
228.4408
181.4858
241.7931
515.3684
420.4690
477.8669
945.5120
1024.3770
1069.0981
624.1683
178.5856
241.2806
68.1409
546.0564
564.6982
332.7736
610.2101
889.2366
692.3949
806.6793
611.3437
386.6829
821.1021
777.1772
436.0425
253.8909
266.3862
601.4842
611.5801
807.9338
988.1203
729.3336
693.7668
468.6240
167.4186
150.4928
155.1695
407.3622
369.3870
681.4779
984.7684
791.5096
658.8455
561.9341
1040.6575
1052.5835
1107.0397
1020.1395
659.4427
480.2208
127.3106
239.2787
281.3819
210.9909
338.4830
525.0038
103.5494
143.4447
610.2963
1129.4888
720.2211
344.0139
328.5732
833.3697
741.6979
514.5875
598.5677
503.4084
143.6697
284.3103
286.3250
136.0588
685.5722
1038.0142
587.5343
300.3197
868.6786
530.8035
506.2776
758.6372
393.4607
499.5377
531.6138
442.3483
649.0360
607.9159
431.1048
730.2352
724.5535
1030.4861
600.0553
231.2353
190.8533
331.7741
207.5144
364.6993
290.6087
135.6635
365.0497
643.2761
533.6774
444.6516
459.0298
1059.8241
1038.3585
776.2055
554.7698
262.0203
355.2227
850.3836
1021.9049
1045.3879
1104.0322
788.9147
240.4020
357.6276
602.5767
658.4057
491.7111
193.8051
281.9855
363.2333
386.5783
174.0979
318.9406
183.9896
291.8111
335.1960
623.3433
577.6548
706.2899
619.7815
870.0324
825.1156
431.0463
678.0292
799.3033
587.9273
335.0854
223.9125
92.6088
436.7537
584.6333
85.8029
133.2631
662.8906
989.5666
840.0885
1071.8661
957.4729
625.2323
545.9986
1064.3375
1036.2826
932.0625
620.3889
510.3183
374.5046
443.7555
516.0268
546.0477
623.4808
144.3543
337.8376
620.0815
581.5985
122.6363
242.0390
256.9924
535.5397
718.9227
905.6734
1184.9874
1103.1759
1099.2452
1070.4966
841.0016
748.8299
978.6414
1023.3205
444.4679
285.3764
789.3011
921.6304
1007.2750
866.2314
480.1379
211.6411
256.6399
806.3397
542.4152
299.1832
178.1886
258.4760
388.9058
699.1995
394.7477
372.6673
955.2477
1073.3680
1068.9292
930.4998
729.9395
578.8507
198.5799
598.6384
791.4006
440.3861
213.9634
464.5220
321.6218
483.2870
220.6947
221.1140
225.7435
146.8162
162.0991
227.7588
359.5417
538.9950
541.2641
713.0165
701.2039
686.2885
933.4806
774.7638
595.5283
528.8151
683.3517
296.3434
297.7798
674.0047
773.7882
561.5344
485.8786
696.8395
420.4797
469.4404
134.7505
174.9887
184.0816
129.4337
279.0829
655.4244
754.7144
258.5470
747.3384
1066.4217
582.8902
404.7477
404.8847
431.2594
884.0597
641.9351
238.3133
360.1312
257.1693
27.2389
81.0732
426.1689
773.8290
990.6024
950.0093
749.9868
758.2313
511.0785
220.8507
424.7940
595.1118
903.0987
780.9627
512.4143
615.0824
1078.6827
1048.9208
1013.6267
1030.7161
863.3232
1075.9629
1000.0967
916.6723
614.5047
373.1721
773.3467
1158.0987
1040.1561
1047.1008
605.3640
70.8600
52.4571
308.7254
819.0342
823.7706
787.8643
574.6673
191.5785
145.0996
123.1480
252.3421
386.8913
170.2168
271.5655
902.4792
1138.2221
994.3629
528.2711
212.3950
241.7796
75.7885
124.0122
280.8087
182.2921
90.3004
386.1275
706.4609
692.7349
359.8084
361.5558
499.8554
213.8146
45.8011
137.8419
164.1708
204.6142
348.0338
226.6452
469.9076
194.4165
489.4788
841.5267
839.7483
984.2959
1078.1157
1092.4728
969.5571
472.1896
255.1361
717.9605
676.7037
338.2752
305.1683
755.8532
968.5485
566.0787
514.3098
1079.1328
709.6858
441.3080
183.7394
441.1291
868.9903
1057.2785
1110.3467
596.9858
380.5129
541.6995
203.1347
335.2188
342.0444
420.3272
579.9191
329.2793
409.4047
802.3550
1123.2129
753.6587
650.2687
1183.7565
1085.1304
618.4511
100.8627
162.9725
113.0946
219.3330
500.2757
581.5698
163.2297
805.2693
1045.3358
802.3702
866.0701
563.0630
573.1710
228.3567
175.2281
233.6600
181.6887
420.6033
269.5690
364.9120
300.4869
105.0613
124.8928
319.7898
211.5281
121.9569
116.8906
226.5127
941.0645
886.3184
366.1611
60.2743
410.8259
429.3608
126.5790
216.0381
107.1339
243.3328
366.3148
336.2036
516.8817
214.8052
324.4919
793.4201
538.5029
504.3135
905.8575
573.0288
110.5739
378.5499
806.0039
702.6971
260.1995
384.3563
333.1466
1040.9982
887.6164
466.5931
294.8877
717.4873
888.5785
329.7427
162.9133
296.5167
197.9910
296.0968
662.0244
1016.9987
641.9603
202.6051
245.1984
188.9130
416.3603
666.2509
230.4589
183.8941
335.4706
210.2306
483.1156
340.2991
158.9696
375.2914
453.2954
713.4937
777.4177
446.2779
144.4479
637.5915
796.6596
910.6077
558.6785
277.8246
445.5951
251.9225
538.4027
474.7658
75.2125
87.5472
168.3850
150.0652
192.1861
512.8332
736.7170
545.7633
428.3549
232.8024
464.8759
90.0991
102.8621
295.0425
452.5887
356.0815
528.5437
612.9994
676.1463
429.0059
469.1150
351.2880
189.6852
521.7191
609.2567
732.8750
794.7177
1048.8662
752.7123
325.8552
382.3791
269.1328
433.5012
180.1262
116.6810
117.0399
217.1886
530.1175
861.1595
1085.9975
864.2570
822.1747
516.6128
137.4944
294.5913
212.2026
349.9723
403.2589
570.3548
981.9757
1021.0118
1115.3161
994.4628
1051.7085
564.4989
187.0688
193.2535
334.7500
358.6177
244.5920
405.3753
188.9630
267.3905
153.2898
251.8344
870.4810
667.0435
163.1947
298.7413
594.3643
607.6083
148.8517
451.0492
134.7100
308.7514
698.1699
719.5573
923.0242
938.2624
964.4980
973.9448
950.5099
661.7873
433.8218
856.8616
363.8232
352.4924
1021.6434
1009.9091
1072.8752
1012.7293
985.5498
1115.5831
1109.9885
619.9357
356.3175
302.2398
191.6373
212.0160
270.9336
566.0017
568.8177
126.1613
228.1356
271.5340
156.6294
126.5435
326.4184
372.8040
190.5886
274.4843
265.9516
579.0616
829.2874
532.7239
145.7827
396.0546
331.8897
134.0646
685.2891
654.8476
200.5039
202.9652
272.0913
226.5228
264.1721
187.9027
385.9525
677.6250
200.2888
207.9567
436.7776
1158.8324
744.0450
236.0458
210.3472
399.5812
739.7511
720.6578
1143.6290
1128.1627
1010.8340
998.8697
500.7138
603.1836
871.5966
794.3636
349.5505
164.5170
309.0073
468.8411
548.4669
747.5354
1016.8197
1132.4762
1057.9589
868.6781
801.2878
987.1262
1014.8904
1033.5411
1109.7059
640.1169
502.5857
1126.4934
1158.6343
1152.4405
1165.3915
893.3414
1003.0223
772.0421
561.3261
840.8690
578.6352
504.9283
950.2214
741.4300
482.9326
647.9549
567.4224
468.1907
778.8025
757.6174
359.1205
110.4645
182.6150
139.8719
242.6870
643.3610
1142.7620
1026.1139
667.0686
713.9180
523.7270
334.4058
214.9706
477.7359
202.4401
444.8279
349.2093
423.9005
1053.7862
627.9329
51.3833
139.9245
215.8835
168.6427
112.2073
355.0455
784.6915
396.3088
505.1715
458.3941
724.1029
831.8009
467.8546
35.2861
627.2353
1124.0634
1039.5368
1046.7895
550.4140
644.8437
1012.5529
850.4115
542.5114
691.7606
662.0937
140.1844
304.5133
288.4327
282.3978
654.4895
829.8389
747.9137
445.3726
182.1063
872.2255
745.3371
442.4655
350.8906
534.1518
677.5858
960.0353
654.2121
535.2846
672.1745
411.7248
141.5291
720.9230
1004.2568
817.6310
748.3088
695.8176
533.4426
417.7605
447.3105
478.7123
260.9773
248.1632
125.7445
564.5100
870.2856
565.0180
124.1991
167.2932
449.6602
1027.8767
1120.2562
1150.6048
1088.7766
1141.5330
1118.6688
502.8389
47.1053
382.9380
585.2798
176.5841
814.7646
642.9262
170.7226
218.5422
782.0285
1059.0450
1104.7689
1145.6191
679.6648
661.4870
1042.1076
985.4199
904.6120
1137.2194
971.6140
657.1783
492.9159
988.9185
506.8695
261.8501
254.6993
528.2364
839.1201
668.4815
706.9926
415.3914
620.7608
922.7301
604.9993
700.8938
977.2734
765.4225
1030.9111
736.4522
458.5930
363.6439
364.3908
248.8109
495.8535
465.2430
631.1656
81.4612
20.5413
59.2964
550.3549
758.5989
417.3333
382.9724
439.4514
1102.0501
1153.0807
1144.9201
1153.5597
1125.5721
1048.4019
775.3288
287.2043
539.9438
554.3853
726.5964
782.2055
566.6759
458.3291
163.4224
138.0314
371.6876
664.4409
268.5609
163.0072
435.8914
510.2615
510.0510
723.0729
695.2771
711.6247
281.6922
206.9244
472.4353
459.6179
220.8395
255.2194
698.3850
746.2802
699.4894
417.3366
627.3008
897.3853
1093.1304
1148.3507
979.5264
892.2366
1088.1444
954.8948
657.9128
707.3962
621.7141
233.4259
295.6440
153.8341
239.2242
442.2627
483.1399
274.7156
476.0831
696.9286
916.2306
534.9844
215.0308
322.2838
566.6464
1028.9480
1170.5089
826.7802
492.3348
951.3193
1124.4370
666.9225
250.1794
324.6999
453.1479
275.8463
347.5777
293.9597
571.1149
501.8185
758.5445
829.8405
735.5910
794.7246
327.0972
995.6723
727.0284
387.6972
234.0332
448.9450
223.5776
81.2482
305.5627
830.6087
655.8877
440.8926
789.0392
619.1149
611.6877
595.0674
550.9001
741.3545
615.9897
433.2544
949.2978
986.9109
1112.3823
741.7684
635.6648
785.6341
211.0554
207.8901
162.3092
147.8450
185.6102
93.9805
137.8544
238.8271
224.4393
62.1882
111.2150
277.6811
458.3752
581.1387
303.6562
538.6691
217.0804
374.5970
365.0421
649.4865
325.4399
93.9677
266.2854
369.7650
78.9068
554.0867
717.4588
758.4028
1202.0713
1157.7555
835.8815
1039.1661
1067.6042
1061.3206
1107.1601
968.9556
731.0763
554.8766
507.3583
278.7791
469.6368
814.9290
1127.0359
1193.7604
1119.2535
498.2247
255.0477
163.3159
127.7827
465.5357
1087.5383
662.5014
357.9335
700.4117
470.2707
186.1317
356.2857
565.1731
160.3378
322.1997
239.8320
440.2100
520.2360
436.8351
267.8246
180.0910
302.9075
268.6601
416.6417
174.6647
378.0869
161.3588
294.6190
401.8126
342.1853
416.4048
570.0670
670.4200
907.5080
1018.2257
1183.7776
1208.0947
1130.1087
1072.5582
1178.8038
1202.2562
1062.9595
1120.9716
746.1587
655.4117
454.9038
723.5348
707.6570
560.0989
742.6428
462.0033
385.5650
673.9533
289.8176
274.8014
332.5749
760.7769
842.2165
349.7166
169.0135
381.6494
451.2411
612.9385
478.7867
106.1534
280.5392
917.7830
1035.5380
1128.3115
928.8716
625.3777
178.4497
602.8966
771.4234
895.8544
1093.7833
978.4819
1062.4184
1035.5466
683.7359
267.9205
475.7468
152.8580
231.5791
267.1746
289.3978
390.7283
231.0405
345.7061
172.1247
294.6380
588.3506
525.0254
934.1019
815.1827
716.7590
775.9473
697.0139
360.6965
593.6159
568.4168
632.0841
355.0615
166.8084
406.1605
129.1635
286.6996
751.0212
1133.9217
747.7122
275.8915
284.6859
954.4951
1059.4833
799.1997
988.2911
910.1192
416.1898
406.3437
311.5016
383.5594
553.8121
804.9900
796.6942
579.7262
812.8325
746.4898
1209.1715
624.2951
167.2802
133.1989
297.3349
506.9123
627.8665
1156.2256
712.6036
432.2790
561.4017
65.4187
215.1284
545.6048
1138.7342
829.5073
832.6704
1098.8640
631.2791
194.6756
593.8519
585.5442
543.3931
169.7878
266.8767
283.5742
589.5812
1049.1198
764.6476
367.1362
439.2069
483.9377
371.3577
583.5240
430.8702
758.0125
564.2165
106.4010
277.0859
736.7452
1160.1702
1195.8369
637.5638
331.2954
598.6284
846.7143
549.7934
874.1809
729.9514
236.3678
370.1401
483.6348
734.6490
524.3230
357.9419
280.8247
317.4465
522.6596
580.5118
1166.7455
1122.4291
975.8410
1076.0044
694.1750
108.1501
191.8022
945.2253
1186.4736
844.1803
675.6503
1014.9494
1216.5438
1122.1254
1103.5257
1133.7674
886.4794
519.0666
737.9371
487.5859
510.9475
730.5006
880.7329
451.0604
958.4807
1164.8553
970.8604
553.5541
247.1258
392.5411
772.8908
919.3550
334.3381
474.4793
1176.3622
1190.4057
1111.5416
1074.4131
1144.1279
1128.0968
847.6959
629.6881
1049.0596
657.6824
153.9827
204.6394
398.4269
801.0500
547.7897
112.9167
195.2796
385.2699
512.4398
208.6043
462.2074
217.4894
509.3898
271.5586
371.0823
467.6068
618.7275
586.3458
942.8259
736.1335
132.9432
351.4465
577.1814
263.1474
400.9490
236.8005
315.6590
543.6003
283.2494
475.4286
263.3680
141.7936
341.4172
560.0789
840.0676
1101.2013
1074.1357
1004.7166
1073.3573
1161.3311
928.1959
392.1073
201.5043
43.1538
210.3657
753.8293
1155.9573
1171.2782
1168.0997
700.4680
159.4728
568.0215
910.1091
557.6824
365.4710
1114.7662
1149.9891
1177.0711
1174.2901
1172.6338
1242.7626
1188.1862
1109.8202
725.8104
328.5003
442.4371
475.7362
522.7306
894.8033
982.6269
863.9114
338.2704
88.2061
19.3426
174.1904
546.5360
1057.0352
949.1972
582.7647
146.1630
164.7834
355.5866
425.0417
189.9936
232.2479
350.3408
329.2587
1060.1776
1108.4856
1190.7758
1208.8614
728.9014
438.5507
101.1960
565.3663
1132.8996
718.0046
545.8192
795.6576
1147.6662
1167.7438
872.1874
730.2207
198.1469
101.2011
441.0330
1081.7941
835.8345
414.7889
595.7301
980.6882
455.9737
392.7917
616.1214
237.1244
206.7010
410.8676
359.9197
424.9167
210.4283
297.7287
929.4558
1178.3617
661.2247
201.1341
530.0152
606.8896
1076.1764
670.5138
589.2324
510.0065
442.2949
347.2009
69.0074
67.1700
493.6400
543.3476
479.7343
535.4208
186.1081
162.8213
293.1025
145.3598
381.2001
308.9410
204.7349
344.9788
1003.6451
1193.9574
1113.2017
1063.0233
564.5135
264.5047
487.6126
684.0742
1180.7832
1230.7855
1148.8030
1149.2487
1199.7461
1082.3329
1081.3522
1056.7244
1040.3691
1176.4079
839.8159
248.3803
278.2964
738.0474
1087.1082
1201.1590
1202.1652
822.5574
228.6024
753.3001
1141.4485
663.4839
228.2486
622.9314
629.0894
441.7545
649.1656
474.1667
293.0304
449.2828
90.7170
84.9294
126.1131
610.5358
1100.4406
1136.2810
1205.5386
1075.2248
722.9840
291.6173
536.2038
747.4794
462.1695
836.2009
710.0724
548.9716
451.2265
154.1439
620.3038
861.6108
546.4667
1057.4414
1175.4493
1104.7068
1122.7942
1149.2028
628.4717
175.5530
446.8570
573.0793
679.4129
425.2524
393.3085
410.0817
542.2420
458.7273
1162.9386
1064.4232
659.0119
458.7157
348.1223
531.2080
608.8940
629.3999
674.6378
193.9973
572.1252
774.7345
237.1090
388.3932
973.6032
1200.9918
1091.6173
1145.9029
1111.3316
928.1367
353.6849
631.1687
1082.6035
1169.9734
1150.1891
980.8655
1087.8075
972.6410
415.2398
246.1725
575.9720
232.9314
207.9042
587.1466
872.2341
603.7016
562.1031
535.2273
312.6475
340.4700
207.9081
132.8828
481.7396
810.7822
554.5515
1164.7560
1064.9344
1064.0764
1134.9644
1151.1736
718.7619
320.0346
409.0262
477.6411
225.8318
240.0738
572.2668
954.9440
1106.4490
1217.6055
1171.9965
1053.9171
1108.2680
1097.9351
1111.4907
1207.9702
1193.0725
1193.7328
1114.1262
1066.7848
730.4147
733.7222
1161.6927
1155.3707
1132.0680
1084.5063
648.0959
260.3048
484.1224
547.7689
176.7396
132.0910
149.7214
268.5816
156.3527
418.7862
685.0815
1044.4941
741.0572
1040.6747
1114.3303
1223.1427
1123.0318
1177.8230
1218.4890
981.0401
583.5859
380.3007
599.9342
527.1585
471.6077
253.9882
594.4316
759.1758
1040.2620
663.8919
131.3078
103.6856
246.1435
426.9647
430.7638
1158.6622
1094.0428
613.1488
27.8341
131.0560
292.1215
514.3459
500.8260
150.8767
107.8430
117.6525
760.0354
1198.5738
1130.2971
1121.1996
1118.3294
1116.9634
670.7957
682.8409
551.8683
109.1979
363.8481
733.9400
650.9635
319.5006
1024.5746
1178.4018
1110.5454
961.5562
1160.8149
1089.8605
564.7210
131.2844
478.4022
651.1552
230.8568
548.6733
835.2527
565.1825
316.5993
814.4335
996.8997
1115.8248
1048.5068
617.2050
515.7085
798.2117
836.8120
530.8869
606.6818
628.1565
306.6358
941.5043
1155.7278
1135.8189
1169.9542
671.2120
57.5087
133.6670
385.2876
435.4204
389.1645
297.5094
269.1831
722.0226
785.5990
540.2039
447.6462
233.5165
822.3427
940.1862
669.7625
515.9906
886.4528
653.0101
915.1813
1100.6464
1084.9797
1143.3948
1175.4008
1231.6893
1138.4918
1105.9672
1156.2992
1022.2655
522.2330
209.1517
307.5186
479.6005
1099.5012
946.1366
1188.7183
1152.0522
1165.9312
871.6023
437.0356
484.7719
388.5554
877.8290
829.9584
618.6220
462.2635
706.7558
1031.2035
853.5592
550.9810
700.0834
836.0122
927.2727
620.6648
181.6546
431.3105
487.9379
645.0070
225.4164
701.7494
1084.8027
679.4415
489.0455
892.0210
604.6225
191.3111
361.2352
751.9562
535.5954
220.1619
195.1644
283.9381
299.1478
121.1136
254.8518
519.8001
551.9277
152.1830
198.9799
226.5691
686.4416
442.3891
506.0099
430.9720
438.5010
582.0942
659.8156
272.5535
466.9444
543.5862
815.5795
1123.3549
874.8555
643.5732
801.8104
937.6375
453.7785
316.7218
579.0649
468.6749
315.2094
213.4434
420.1447
320.0602
29.4153
292.5111
1122.4061
911.3002
687.1713
1166.8707
1097.3202
671.8245
424.0377
438.6557
482.3022
571.4421
594.2937
115.5048
808.8071
1128.9803
630.2728
231.9027
501.2974
204.9579
381.2496
300.2956
549.5792
1001.1587
617.0149
419.0301
475.6667
606.3196
1177.4931
659.7990
555.6076
1112.2708
1086.8239
1183.9792
1194.7886
1241.4328
1200.2710
726.9321
1030.3488
1173.2061
989.7278
1017.2567
1146.0161
582.9192
38.3461
254.8955
658.0678
1128.2832
1149.3352
1151.4327
738.0398
804.9054
787.9288
1108.4022
1189.9811
1159.1979
1237.9683
1178.7500
1193.5580
1219.1565
1161.8445
1218.3141
1163.3567
1221.0041
759.5465
340.0933
927.6772
1110.1805
868.3047
310.5715
398.3758
306.5112
559.3843
380.4497
244.3246
586.8558
435.7936
312.9616
315.9483
338.7251
475.9853
1108.3428
1138.7283
1095.2009
1170.2949
688.5678
77.3941
302.8695
684.0364
537.4517
273.9338
351.4258
413.5248
1011.1874
1161.6521
1182.9212
936.6157
481.7229
1170.2370
1105.2423
914.6574
991.5361
824.9599
659.3844
624.7238
585.3184
514.5838
458.2128
243.9247
112.9897
71.3669
314.9359
1008.1233
1197.2167
1236.0273
1235.2119
945.9644
537.2055
270.4053
307.5542
960.7810
1126.2910
997.1270
540.8838
314.0694
531.6345
236.7129
245.1331
402.3885
296.6651
275.8018
473.1877
214.3766
984.5749
1165.8464
1166.8720
631.8736
350.0467
575.2280
676.6315
599.7995
367.9386
704.4924
1177.4180
1054.5555
631.2525
363.4977
196.7432
127.8753
199.9273
478.6753
1114.3602
1091.3222
623.3128
302.9642
438.8045
88.6324
84.5017
296.7012
580.6128
252.7514
446.2905
617.0916
809.0326
981.1522
1063.7153
689.0505
112.8581
256.2872
110.8093
706.5098
1176.8941
1107.7365
1228.7616
1126.7789
1143.5542
1075.2914
1179.2102
1196.7520
1178.6970
764.6582
749.0316
990.9633
1092.0447
1213.2301
1167.3227
1181.8245
1245.8479
1234.4197
1249.3256
1234.7428
1046.8337
580.8342
428.6886
520.4457
375.3053
525.7236
540.8931
933.2419
488.6553
121.7577
392.5671
576.7868
223.0781
542.9035
609.0908
528.8638
202.9716
187.9191
437.7313
1212.3272
1219.0707
1167.0112
1239.9121
1159.0767
1103.5003
1202.1480
1209.2812
1243.6871
1175.1667
1162.0956
1149.6074
1244.7632
1208.8541
687.3068
389.0914
621.5056
425.1525
1054.5073
1184.1755
1201.1889
842.2365
262.6970
200.9874
558.6065
772.1029
838.0384
1066.9159
656.6285
409.3820
558.8061
219.1470
565.3608
1157.9118
1208.4948
1155.7410
1121.2940
1163.6813
1185.2963
1148.8724
1056.8175
1041.4794
1194.3486
1158.1402
1132.6118
1108.1331
1089.3311
1158.4449
661.5719
176.6710
485.0095
572.0339
65.4622
268.2809
909.9302
735.4071
110.6076
209.1539
440.5684
184.3579
44.4752
384.5280
1150.3095
1142.0134
1182.7563
1177.8249
1154.2982
1164.2366
702.5362
283.4384
360.3166
211.8098
516.2584
603.6787
1124.3287
1183.6611
1220.2036
1242.7653
678.4796
119.6398
83.2543
304.4677
568.2284
384.5103
419.8143
336.7231
445.6282
267.2830
485.9370
603.5852
651.1374
640.4221
599.4948
470.1478
1131.5931
1188.0836
1214.3439
1160.7508
1184.8974
1104.4891
1120.4514
1127.3360
808.8563
563.6874
641.0899
652.8865
631.3852
439.9613
99.1608
185.7597
392.2136
493.7046
648.4813
572.0062
79.7604
484.0481
1094.4525
777.9955
566.5065
226.1000
490.7872
137.3631
328.2000
461.7798
162.0900
218.7896
268.5900
470.2380
355.5497
588.5075
585.4794
447.2552
424.5353
162.5559
433.8412
402.9889
236.3773
521.1812
480.0255
544.1793
423.8200
314.5223
327.6626
335.2421
171.2774
156.1799
630.4919
1216.6083
1203.8857
1174.6691
1202.7677
1243.7187
1153.3665
1153.9561
680.6327
232.1789
443.7955
356.7037
638.0366
585.2897
567.6981
527.9250
514.3177
821.1968
755.3452
264.2499
324.3929
623.3164
517.3835
267.4033
526.7110
760.3980
1195.5474
750.0145
407.7143
230.4247
170.0569
93.1488
750.2920
1188.3125
1177.7900
710.9184
443.9193
1018.2121
1166.0649
1171.7154
1233.5240
1177.2866
1220.6388
847.6849
667.2826
436.3970
1133.8297
1165.5726
1156.3581
1232.2501
1152.6191
1125.5450
1095.4996
652.6842
358.7181
438.4403
206.7582
149.4195
259.2854
677.0259
840.1989
1179.6783
1108.4778
1174.9449
1128.5343
1132.1490
1171.2085
586.3853
407.4610
868.5603
1187.1550
1176.0786
1227.4563
1215.3165
1216.9229
1150.9855
766.6737
417.9558
1043.2028
1177.0587
1051.0343
1262.8610
1211.8232
1227.5469
798.1808
227.1192
601.8855
280.8729
276.4091
288.4956
541.7285
616.6334
529.2557
269.1332
919.9598
1194.5789
1124.1539
1212.9289
1155.9817
723.9950
176.4910
174.5878
457.4693
681.6757
591.7070
662.5861
374.8457
608.6475
237.2293
147.6940
275.8057
469.4726
684.2501
931.0891
940.3033
726.0487
723.2079
305.3549
565.6549
710.7517
198.1304
340.0163
992.7567
1258.9082
1115.9539
1148.0113
1112.6672
1234.2347
1249.5309
1169.5154
665.1232
253.3979
489.9726
554.9031
550.9129
983.0640
1187.8256
1200.3956
1224.6290
1232.8840
1259.0634
1245.7165
1230.9531
1135.1697
1187.9189
940.3116
1152.2012
830.4698
967.3634
1229.7470
1246.0609
1125.9243
1108.4468
673.4467
686.0093
885.9801
636.4027
705.8622
1233.2795
910.8132
514.2147
174.5688
50.9772
167.4593
287.4992
1016.6649
1166.4111
468.4434
400.3317
958.6143
588.1254
204.9007
738.3595
470.6559
465.6731
854.5404
1032.7676
1003.8296
601.4810
427.2240
1070.9314
806.1007
634.5329
627.9200
293.0343
588.7371
225.6583
208.1915
311.9358
175.5111
383.7658
329.2087
547.3987
1154.6837
1162.2087
1153.6516
1103.8267
1145.0729
1142.1736
1222.2433
1185.5338
1143.8904
1191.4698
1223.5450
1249.6058
1243.4185
1203.2693
1225.1644
996.4642
720.3777
878.9810
638.1650
291.7510
523.6683
466.8701
543.5017
116.0953
612.7161
1236.8426
1141.7064
1205.5724
1036.4074
584.3997
184.3162
213.8833
835.6634
510.1512
265.1915
348.7495
169.2024
215.7632
374.3518
747.8532
956.1864
1124.2683
1167.8626
1213.9286
972.4809
499.5324
521.9862
1223.9360
1233.4846
908.6257
589.8498
509.4205
236.6979
728.9279
750.0362
543.6129
667.9759
453.8154
225.3226
549.9911
576.3600
1085.4753
1165.7712
1168.4439
1253.5602
1258.8447
1236.8393
1008.0863
1116.4393
1142.2162
1202.8180
1175.0888
1168.7400
1163.0093
1225.0121
1183.8884
1206.3563
1241.1896
871.3398
456.5307
502.2092
434.4891
346.6213
777.9643
1076.8382
948.1255
766.2945
553.5127
421.1094
432.9028
391.6816
877.5974
484.3211
555.3750
825.1458
1166.8561
1224.1563
1175.0540
1216.8239
1224.3027
1260.9733
1210.3907
1144.9809
1152.2172
990.1392
1073.5289
814.7892
656.5727
1194.5462
1264.5960
1214.7813
1217.6661
1195.9222
667.3086
13.3031
304.7223
1009.3065
1249.7148
1201.0275
1164.2916
1214.2644
1216.1739
1252.8260
1237.9686
1211.8283
1232.3066
876.8272
609.9977
862.5796
746.8651
769.6758
726.4159
718.2701
128.1210
182.4186
442.7911
155.7627
371.9924
576.3181
571.4803
235.3299
333.2590
955.4686
1110.0257
754.4613
1049.9062
1235.9864
1268.3342
943.1132
967.7845
1180.4164
681.2107
153.9286
362.2805
1092.6103
1205.5327
1215.7709
1193.0768
1191.9526
1095.8583
1207.0765
1252.5812
1184.8369
1086.4586
1179.5825
1254.5182
1265.6629
1262.6284
1211.4521
1232.5578
1199.7257
1248.4813
1209.6217
1201.5353
1216.0388
1191.6023
940.0426
1107.2829
1227.2931
661.8264
96.0405
89.5882
179.8143
308.1941
533.0171
1038.7115
1023.8728
937.2156
713.5760
432.9249
294.7037
125.2138
572.3853
620.0667
91.9975
228.8685
594.8525
1168.3323
1224.6205
930.9303
689.8283
771.3652
1140.5834
1196.5014
1231.3570
607.5206
579.7599
1248.6765
1225.3996
1232.4294
1248.9399
1226.2512
1197.1483
1241.8597
1182.8691
1162.1754
1247.3871
1195.6223
1217.2843
1211.5677
1156.1541
863.5369
880.6676
1021.9403
1195.7997
1237.2578
735.2436
789.7906
1219.9663
1253.8979
1254.5441
1243.3685
864.7158
268.6561
399.6293
620.8971
420.9713
429.7516
257.8397
582.1501
748.7827
894.1640
1086.1147
1169.4096
1176.7768
1228.2132
1233.4240
1250.4386
1199.6653
1234.4582
1179.7325
1121.2778
1201.0404
1044.8480
1102.8685
1240.7179
1196.4285
1221.0316
1167.0074
732.7265
845.7731
1233.6816
1216.6670
1220.4333
1206.1415
1230.0273
1238.9733
1242.0055
1216.6494
1199.8619
930.1322
726.4137
790.6571
1244.2352
1241.1556
1252.8126
1169.8645
1020.5972
816.3309
769.8915
1226.9903
1260.8117
1212.0012
1159.7121
1234.0176
1213.2731
1264.3436
1229.4154
912.5903
879.4515
1239.7499
1130.9986
1181.9725
786.9841
253.6609
594.9957
1164.7560
1226.1964
1229.5310
1251.8552
1160.2981
938.6801
423.6500
109.4349
407.5445
542.0936
281.1421
123.1751
735.0078
1216.9714
1249.2393
1229.6705
1212.0826
1229.8870
1217.6104
1226.9288
1259.3558
1172.4278
837.9537
1042.1463
650.5352
435.2436
1192.9581
761.6324
318.9782
710.9171
603.5293
248.3389
273.4390
611.4335
576.0348
1117.1341
1257.4969
1201.6099
1200.1571
1128.0749
1189.3302
1252.3200
1269.1373
1218.7687
1219.7228
1220.6316
1201.3739
1225.4889
1256.3613
1252.1699
1220.5149
1251.9054
1210.9672
1238.4277
1220.0355
1252.6423
1242.0242
1189.9857
839.3714
583.3043
487.2954
467.8286
458.6362
546.4398
176.6166
156.2610
449.4275
1045.5189
1214.8696
821.9465
321.0562
404.9171
407.9824
264.9412
727.3007
690.8588
573.3594
1068.9215
1203.8158
1251.4841
1263.1133
1263.8941
1274.4623
1245.7050
1171.9493
1196.2768
1213.5828
1263.6174
1263.8366
1231.0633
1242.8581
1246.8978
1223.2349
1229.7379
1201.3660
1252.3800
1259.3430
1250.6012
1250.8058
868.7679
828.2378
1218.5259
641.1352
442.2965
580.1900
471.2297
289.9688
217.8744
278.7222
831.7080
770.4180
262.5849
546.0143
807.1833
760.1956
727.1470
608.9272
1006.8621
1255.5798
1255.8015
1227.4595
1181.2722
1221.7958
1263.2118
1249.1432
1249.6401
1219.5144
670.3272
353.7453
391.4956
325.7999
502.5064
447.8263
312.2433
440.7084
240.2971
396.9368
303.0248
312.5159
200.4555
825.5632
1222.1762
1134.0554
1206.1759
1207.9613
1207.4366
1237.3407
1237.4830
1248.6915
1257.6915
1267.3528
1259.1921
1168.1378
1237.8421
813.3912
449.6933
1033.3972
1216.8506
1121.4429
1230.5481
1195.4642
1220.8889
1215.1589
1222.1932
1091.4518
762.8332
292.3305
83.3824
450.6358
1217.2596
1215.4830
1235.4502
1236.3897
1184.2781
1253.5193
1217.1192
1231.6788
1212.4549
1212.8282
1230.1614
1256.2868
744.7457
235.9145
394.6431
339.7201
410.8613
680.1061
397.5968
336.9428
387.2915
548.8652
642.4976
404.4870
177.1783
551.5415
552.0382
731.5763
570.4035
707.2033
509.7725
453.1957
571.2999
585.2965
691.9866
475.6409
220.1717
227.9236
323.4487
657.4326
515.3081
260.7942
1027.3302
1252.1811
1244.3242
1224.9963
1245.2440
1213.1601
1242.6858
1155.5975
1228.1224
1265.7185
1242.3425
1229.3322
1242.3259
1252.2089
1256.0962
1022.7480
424.3018
242.4693
661.0551
645.7737
69.2626
259.3606
744.0689
505.0311
341.1208
625.2053
297.0744
529.4692
686.6369
747.8601
845.1400
591.7080
674.1059
825.7363
1267.0117
1222.6112
1258.6863
689.6249
35.9855
244.1374
276.9751
63.5996
247.2482
553.5049
349.0066
498.6622
379.9074
849.9452
511.5844
426.6172
486.6968
454.2951
483.5976
277.7019
121.6939
326.5309
685.9828
667.3996
599.3143
511.0111
461.0819
382.8658
167.3507
317.5056
253.8245
107.9693
251.4485
460.2426
671.5776
209.4489
375.2148
338.1707
480.3243
292.3363
554.2142
1253.0855
1246.6697
1241.0859
1276.8236
1246.8845
1217.6665
1255.6933
1239.0429
1263.6545
1216.5208
1089.6808
601.7681
352.9350
161.3587
269.8701
290.4757
371.9485
646.8928
582.1109
582.3703
600.0796
845.7515
1257.7204
772.3741
625.2927
778.8718
205.0154
250.8006
159.0396
555.7538
1179.1234
1248.7704
1240.7750
1277.4055
1238.3306
1250.9190
1243.3473
1248.1844
1233.4608
1273.8953
1140.5686
1231.1161
1269.2219
1257.5535
1231.0887
1093.0752
652.7881
257.9035
682.3210
479.5390
49.0279
124.2966
656.5871
1258.8664
1212.9463
1075.1102
1242.4865
1268.8004
1248.4738
1210.2991
1153.0713
961.8739
499.8782
1049.2516
895.3547
444.8889
351.4143
934.5356
661.8342
511.4137
112.2255
98.2631
169.2097
300.1340
1098.2951
1194.5718
1254.6467
1220.5885
1235.1294
1251.2158
1255.6467
1267.9206
1182.8494
1231.5559
1241.3095
1205.9539
1190.4129
1221.5789
1181.8231
1245.1356
1261.2171
1251.8134
1258.8636
1262.9889
1223.9558
1218.1974
694.8425
19.3447
167.4785
533.2472
562.1647
608.2702
1268.1317
1259.0731
1235.9379
1232.7653
1195.9029
1202.4343
1194.5607
1260.6395
1183.4500
720.2587
492.2720
281.7256
677.8944
882.1140
761.2539
662.0701
459.5684
851.7048
519.4251
213.5406
930.8639
1267.4690
1146.9547
911.4324
738.6214
438.4818
249.0766
421.9016
397.6281
721.4753
981.0885
1222.1659
594.1357
101.8953
181.2889
451.0238
1097.9645
1240.9301
1243.2230
1217.5087
533.5330
240.7462
272.4881
761.2199
747.3419
526.1208
461.7724
651.0730
1005.9586
1257.6971
1273.3661
1237.6047
1247.3502
1273.0316
1242.6766
1277.5192
1239.0746
1265.3114
1268.6189
1177.1919
778.5839
621.7327
639.6201
434.5224
201.5734
683.1289
556.9497
193.0246
181.4761
673.1689
659.9560
486.8309
376.7648
145.6789
120.8762
43.5197
117.4295
364.7401
456.3096
475.1065
593.9480
492.8419
793.6584
1094.2314
979.0212
828.3078
1249.6509
1188.3752
1248.7214
1245.5786
1243.7701
1261.4023
1270.0773
1260.0686
1264.7834
1245.7307
1228.5071
1164.8569
1217.2277
1096.1355
995.8367
1210.5169
1096.4383
998.6262
1194.0753
1155.2517
703.6021
1045.1121
1250.3468
1244.8732
892.0409
542.1854
210.2370
898.5827
1252.1909
1262.1369
1204.1049
1214.3540
1215.2249
1247.4262
1228.3291
1245.2515
1229.2518
1219.6563
1251.4026
1083.6092
714.5255
344.7169
767.8477
743.0767
620.9103
952.3140
604.4063
16.6370
62.6676
135.2732
351.0500
636.5694
318.6045
539.9811
1247.7228
1242.7584
1266.9948
1222.6153
1259.0585
1211.5628
1231.3489
1268.3323
1023.1994
538.1784
252.7377
420.6078
406.7291
775.8150
474.9535
343.8920
574.8634
603.5718
605.2581
545.7053
622.6320
375.0116
723.1035
734.3742
587.4416
429.0219
151.3638
295.3532
815.8851
1257.8959
1181.5503
1231.4529
788.9734
517.1361
471.4534
534.7160
660.7458
883.3727
719.6654
324.2640
484.0739
675.1084
846.2700
426.7576
601.4405
1241.8918
1225.9824
1222.4477
1209.8770
1257.9687
1213.4321
1261.9824
1246.5934
1264.5492
1219.5587
1213.6951
1242.2807
1174.7054
1212.0650
1201.7333
1238.2178
1195.0983
1211.0248
1185.5589
1186.7932
1261.7948
1272.7761
1203.6638
1254.6676
690.5987
270.6230
331.6312
422.9389
378.7048
855.5271
506.0586
715.1451
1142.7335
1246.4941
1154.0980
1122.6804
1227.4713
1181.2591
1236.2459
1236.8824
1242.0053
1149.2329
1241.8060
1275.7926
1269.0330
1256.5553
1236.0769
1228.0430
1211.7063
843.0823
804.5846
1265.1640
1269.0097
1242.8743
1223.9235
1231.0302
1234.8111
1262.6206
1199.9606
1246.4354
1251.2732
1225.5821
1259.7061
1216.3053
1251.4416
1251.7052
1252.2001
1275.9988
1278.4463
1271.8469
1224.5619
1217.5488
1232.8004
1236.3165
1257.0443
1267.9829
1225.1334
1212.6718
854.2937
1028.8453
1218.5881
1208.4098
1247.5214
1247.3993
1221.7384
1222.0149
1194.5641
1213.7240
1255.4615
1242.7441
1248.4709
1274.4866
1239.6894
1257.0761
1199.0594
1258.7244
1225.7546
1258.3459
1260.5094
1250.1150
1249.2316
1244.1176
1231.3166
1234.2132
1268.2858
1216.6943
1170.9127
1244.8768
1224.9384
1202.6079
1236.4967
1234.7625
1262.5587
1189.4007
816.2794
577.8400
636.4404
587.2257
578.2263
707.7619
483.9497
236.9691
1104.3707
1267.1702
881.1933
362.3450
470.7973
1148.2786
1229.9080
1239.0467
1172.0651
1232.8651
1209.0259
1232.1297
1190.5053
1212.3872
1269.6944
1253.3399
1217.2388
1269.3553
1264.0892
1258.2639
1271.1478
1221.5142
1238.2185
1246.8997
1208.0616
1235.6787
1248.0362
1249.1852
1203.2565
1252.4886
1245.3617
1260.9065
1203.6504
1178.7589
1260.5707
1223.6987
1257.7777
1210.9269
1229.2946
1245.8576
1166.6136
1256.8665
1211.3540
1209.6473
1262.2256
1229.8046
1266.9893
1189.7210
622.0092
728.3953
817.4062
620.3619
757.3607
723.3232
478.7566
