5.6211
-13.2617
-6.8635
-13.3203
-20.6049
23.7667
-24.7443
-10.8351
-18.6643
3.4819
-22.5495
1.0879
-3.9934
-8.9768
-19.4480
-21.1449
5.9328
-5.5576
8.4154
-12.3646
-33.1555
-6.1318
2.6166
3.4239
-14.9341
-28.9988
2.2125
-8.1034
-14.8718
-2.5775
-8.1402
-12.5790
-13.5684
-2.0000
-7.1703
-29.6637
-19.7522
-13.9672
-6.3395
-6.4870
-27.0379
-0.2553
-9.3395
-11.2083
-20.7738
-14.8838
-31.0539
9.1112
-4.6738
-10.6473
6.3026
-7.9701
-34.4688
-29.7633
-17.0125
-24.2016
-26.9542
-17.4889
-2.6793
10.0988
-9.7991
-6.8055
-10.0946
-13.4230
12.8453
-38.6367
-11.8906
-15.3569
-8.8932
-0.4969
1.0742
-12.5124
-12.6434
-20.0594
-20.0542
-19.1572
-21.7107
-28.8863
3.6033
-4.7944
-18.0512
-9.1567
-16.4518
-33.0328
-17.8278
-23.0653
15.0904
-19.2702
-11.7535
-2.9941
-3.4814
-20.4473
5.0747
-18.6873
-16.3465
-14.4294
-5.8389
-27.8232
-14.6658
1.5248
3.2844
9.1584
-11.8740
-2.8713
-25.4445
-44.6629
-25.5163
-11.8845
-26.1914
-28.6841
-2.0034
-8.4897
-35.7715
-29.7098
17.9799
-5.9187
15.4600
1.5084
-10.0067
-27.3020
-17.0124
-1.1920
5.9982
-10.9418
-4.1617
15.6137
-17.0805
-5.9169
-10.2934
-26.7043
-3.3637
6.1262
-19.8244
5.1969
-20.1836
15.4358
-33.1666
10.7148
-9.7699
-10.6262
6.8043
-19.3936
5.6109
0.2500
-0.3910
8.8182
3.8417
-4.9103
-15.9750
-6.0152
0.0021
0.6418
-22.3168
-1.0506
-36.4562
-1.3972
2.0206
-24.4701
-13.5243
16.7186
-17.2781
-12.2437
-28.3387
-24.4559
-9.1199
-25.9180
-21.5592
-1.7959
-17.4010
-11.6506
10.2301
-5.2674
-34.6690
-11.1956
6.4814
-21.1006
-7.3469
-39.0648
-2.0641
-9.4230
-26.5664
-8.9812
-32.8422
-37.5709
-10.0026
-20.2851
-3.7691
-38.8273
-14.5660
-19.2805
1.2335
2.2941
5.3816
-15.9256
-13.7922
1.7280
-21.6238
-7.9088
-10.7108
-3.7648
-25.3371
3.3628
-7.3789
-14.7426
2.2242
-15.6906
-2.1199
-8.6070
16.4767
-20.1723
8.3351
6.9294
0.4790
6.1932
-16.3680
-17.9487
-17.2035
2.4824
-25.8947
4.3805
10.2300
11.3878
-32.3219
-15.3219
1.3930
-17.6014
-14.9742
-39.2727
-28.5270
-7.9148
-45.5938
-8.0805
5.6628
-1.2381
-3.8299
-22.2090
-18.4492
-2.5403
-6.9023
7.4016
-11.3391
2.9824
3.1205
-7.9251
-5.6527
1.7965
0.0008
-4.2113
-13.9328
-13.3406
-5.3054
-0.7657
-13.4020
-15.6749
-7.0857
-10.7352
-20.7807
-10.5129
-13.9867
-19.1434
-18.7367
-3.1972
-1.6293
-5.5015
-17.5675
8.6262
-25.9008
-10.2990
2.5165
-20.8020
4.3844
0.3348
-31.3617
-2.9641
-2.8187
-9.0352
-16.2945
-9.7250
0.3215
-34.2434
-22.9663
-20.0859
-1.4918
-36.2640
-17.7717
-8.6320
-20.2974
12.6938
-0.9060
-23.4973
-19.0652
1.7395
3.8567
-1.5465
-24.0212
-16.4492
-20.1930
-35.6585
-29.9906
0.2803
-13.8254
-12.7532
-13.4910
-0.8547
-3.8837
-9.7818
-18.2262
8.6019
-16.6801
-26.5777
-13.6544
-0.6273
-18.1444
10.0137
-8.3146
-4.1575
-40.3227
-3.0682
-3.7646
-2.0387
-13.4666
-17.8229
-18.5969
-20.4033
-29.2953
24.5354
1.7154
-32.7969
6.7316
1.3238
-14.5066
-9.0319
-13.8670
6.2947
-5.2016
-27.7766
-17.4906
-25.8703
4.6829
15.5107
-9.3809
-16.5395
-2.0533
3.3484
15.7986
-21.2469
-9.8018
-15.5531
-3.4339
-23.7379
-8.3379
-19.9720
-2.1455
-7.0953
-5.8398
-32.4156
-1.6623
-26.6215
-21.8668
3.8193
-19.9687
-21.5684
-16.5605
-18.1781
-23.9250
-23.6793
3.8492
11.8371
1.3559
-13.0258
1.3699
-18.3507
5.4238
-7.2273
-10.3871
-44.1516
-11.1054
18.5963
-7.2555
-5.8268
-16.8781
-2.4532
-6.2672
-1.8824
-23.3250
3.8010
-29.2852
7.2786
-26.1266
-5.3536
0.3365
21.2391
-22.9250
-17.0762
-24.7930
-14.4229
-24.9438
15.2617
-2.9996
-16.5020
-23.7270
2.2233
6.7305
-10.1184
-19.0871
4.1078
-12.7320
7.1273
-20.7601
-10.2906
4.6652
14.2957
-1.0666
9.6518
-11.5021
-17.6205
-7.5035
-20.7940
7.6535
-15.0445
-16.2924
-8.7691
-4.8496
-18.3399
-23.0158
-6.0226
26.5393
-11.4314
-9.0993
1.6404
-17.8820
-15.1796
-2.1373
-7.3344
-12.4303
-18.5145
2.5193
-18.4064
-10.5099
-5.4978
-20.1172
-11.0539
-11.6066
-8.5778
-0.0781
-2.1691
-26.2473
35.4164
-15.5305
-22.3254
-8.0475
-8.4031
-28.5133
-11.9578
-24.4838
-26.6105
7.9146
-22.2502
15.1766
-25.7469
-1.1461
-11.4746
-16.5775
7.8320
-14.0314
-7.3332
-28.6289
-3.4129
-30.4164
-2.8175
-19.7594
-6.9402
-22.1320
3.8969
-1.2833
-5.6418
-33.9586
-18.9445
-32.0648
-18.4391
6.8750
-3.8450
-22.3605
1.3336
-9.3008
-18.8285
4.7810
3.1813
-8.7773
-27.8426
-43.7266
4.3498
-19.3684
4.4055
-4.9125
11.9625
1.3793
14.4628
-1.2691
-24.9532
5.2431
3.8171
-11.0152
-5.7941
-23.1320
-29.5098
-25.0977
-23.1773
-3.9807
-11.0230
-38.8625
-0.8132
18.9989
-26.8438
8.3098
0.4137
-16.8285
3.1984
-5.5406
8.2930
-25.0401
-29.7422
-14.6750
-10.8340
-20.3975
-19.6277
-15.6135
4.4873
0.0453
-23.2668
1.2918
-26.9613
-12.8320
-3.7188
-21.4688
-14.4922
-1.2578
-27.5946
-7.3480
3.3708
-4.4230
-19.9621
-9.2672
-18.8414
-20.1771
-9.7740
-36.4594
-25.4500
-10.5070
-0.6486
-2.2315
-28.8199
5.6617
-8.9809
22.1338
-30.9937
-15.7613
-19.4105
-7.8266
-9.5998
-5.3746
-35.2887
-3.0545
-2.3156
-21.0867
-28.3152
-23.4895
-8.3355
1.9580
-15.6879
-15.8951
4.1039
-5.2945
13.1781
-1.3250
-7.7932
-1.0871
-24.2938
-2.2261
-24.0143
-11.5785
-23.8725
-12.2059
1.7158
1.1491
-31.3631
-18.1479
-20.4508
-1.0566
-3.8219
7.8249
-43.3141
-4.7875
-9.2172
5.7879
7.3377
-18.2625
4.8459
-7.7748
-20.8597
-8.3117
-15.1295
-5.5482
-12.2184
-22.7398
-19.5679
-37.4062
-0.4387
-21.3250
-4.4521
8.0477
-11.2551
-17.1016
-4.9358
-10.3604
15.2074
-10.0688
-5.8658
-20.3430
-6.7300
-10.5520
-2.5350
-24.4719
5.8262
9.1473
-8.3348
-13.5988
12.3711
-8.0568
4.8266
-20.9480
-15.7395
-11.4045
1.9320
-2.2313
-5.1396
-3.9416
-25.7793
-23.5846
-23.3051
-3.7016
-19.5531
-32.4316
-33.7973
-2.4814
-18.3090
-26.8095
5.6534
6.5535
-29.1301
3.8477
-6.3012
-30.4070
-16.9404
-10.5232
2.6039
18.3777
-11.5004
-4.3642
-14.5523
-29.2347
-5.6779
23.3043
-4.6546
-6.3546
-2.8038
0.7833
5.8551
-2.1912
-14.0676
-15.5594
-22.4641
-18.9365
11.0631
12.9799
-13.1502
-7.1490
-6.1779
-9.5113
-23.5521
-22.8318
-5.6285
-27.7742
-20.0211
-17.3697
-17.2756
-4.2566
-40.1791
-33.5922
-31.0219
-20.4703
-6.7985
-5.6102
-24.9594
-9.0905
-23.1430
-15.2523
-9.9032
-20.2957
-5.3760
-10.2052
4.8480
2.8281
-6.4854
-19.7547
-19.1363
-7.5960
13.8690
-22.8918
-32.1184
2.5875
-10.7148
15.0657
-21.4009
-16.8625
0.3229
19.2159
-10.7348
2.6084
-14.0469
-3.9574
-15.1262
-21.1383
-4.2613
0.4830
-14.7473
-7.3422
2.4574
-7.5442
-25.4000
-14.6369
3.2596
-20.3035
-5.6090
-11.0586
4.6937
8.7879
-22.5326
-12.8053
-14.7332
-17.2070
-33.4723
2.5939
-9.9922
-23.8711
-1.7064
16.0758
-11.7789
8.0427
-20.7098
-2.5415
-27.7184
-9.8875
-5.0753
-9.0296
-34.0569
-16.6895
-30.4344
-8.3939
-9.4082
4.8102
-14.2250
-15.0004
-34.7020
4.1199
-15.4036
21.3465
-13.1906
-6.8865
-26.9418
-20.1123
0.7163
10.9977
1.2771
0.9167
-9.7805
-17.9305
-29.0008
-3.4432
-19.7926
-25.7590
-18.9020
-33.2549
-9.8820
-8.9783
15.1492
-17.5066
-28.2964
-49.8766
-32.6645
-0.0319
-11.0906
-8.4922
2.7294
-3.7663
2.4551
6.4231
0.6252
-16.7457
22.3399
-7.0699
7.2793
-11.1605
5.5824
2.0255
-6.6195
-10.7773
6.5746
-6.6565
-3.3963
-31.0375
0.4432
-18.8098
-16.7575
1.7260
-14.6138
-3.9852
-21.1596
-41.3102
-9.6472
3.8925
-27.8465
-9.3145
-4.0141
-2.2875
4.6340
-29.0652
-20.1846
-20.5633
-1.2168
-21.1256
-25.9174
-27.5281
-24.5238
-24.2326
-10.3766
-0.7473
15.3764
-27.9223
-42.0944
-38.4367
10.4634
-26.1562
-11.1816
-1.9669
-22.5656
12.3228
-5.4799
-0.7193
2.1016
1.3594
-3.4069
-6.9410
-28.0336
-2.6023
-23.1473
-25.7496
9.1594
-2.4771
4.2207
-11.9383
-15.6469
-27.4848
-9.0417
4.9746
-17.8471
3.8867
-33.4364
-33.3477
17.9016
-5.7442
-18.6791
-10.8109
-17.3273
-18.8434
-16.4414
-30.8109
-40.6656
-2.3512
-18.4516
0.5844
1.1172
-14.5868
-22.4580
-16.2146
15.7963
-15.9106
-3.1074
-7.1672
-13.7378
4.3981
-2.4538
1.0746
-19.2322
-23.3199
-13.1094
-39.7285
-20.6625
4.0539
-14.9336
-7.4008
6.6246
6.6230
3.2575
-23.8055
-14.8465
-16.9202
-16.3197
-16.2828
-15.8723
-50.1594
-18.4091
-3.0223
-17.3345
-26.0826
-17.2437
-7.0596
-19.3687
-7.5016
2.0670
4.8715
-21.5498
-13.8463
2.7509
-12.7884
-8.5379
-35.6730
2.1863
-21.9562
-22.0375
-0.2548
-14.8352
-6.7256
2.6928
-13.2336
-16.8547
9.5259
-13.3919
-23.5160
-3.0086
-15.2064
-13.0096
-12.1723
-15.5127
-9.8711
-28.3488
-10.2254
-43.2172
-13.1813
-1.9922
-19.0832
-8.0895
0.8879
-30.3596
-4.5602
9.0009
-0.8485
-8.2273
-40.0094
-24.5484
-15.1766
-15.9402
-8.9139
4.1437
-16.8117
-16.0917
-36.7645
5.3768
-10.1797
-5.9625
-7.0279
4.1119
-9.6861
-25.3796
-21.4113
12.3232
-4.6516
-22.3008
-7.9612
-14.4479
-9.4996
-8.9703
-35.2564
10.0585
-14.3340
-6.7168
-32.0082
-15.5305
-5.8391
-8.3222
-31.7752
14.1197
-5.6160
-0.4026
2.7118
-9.1502
-22.8813
-4.6273
-18.8066
-25.1975
-13.0006
-15.3909
-15.6079
6.0986
-21.3296
10.9648
-18.3592
-29.2970
-8.9684
-24.1723
-31.7930
-44.6072
-22.5312
3.0085
11.0469
-0.9035
-1.2055
-6.2531
3.4652
3.7908
17.8396
-20.7275
-32.7449
9.5902
3.5090
-42.7531
-37.2375
-6.1060
-30.6315
1.2603
-31.7492
-15.7364
-13.6934
-11.0798
-11.6059
-26.0645
-10.3941
-4.1297
-23.7805
4.7373
-7.6384
-38.0094
-16.3410
-16.2484
-6.7260
11.4273
-2.2539
-4.4965
-11.0287
-14.4105
-3.0473
-10.6398
13.9332
-14.2299
-14.7790
-6.4812
-7.3260
-14.8953
-13.5180
-8.3021
-22.7430
-7.8137
-31.2271
-5.8121
-33.2344
1.6912
-16.8834
-9.2346
-15.8574
-21.7994
-1.7191
-4.5543
-18.8264
-17.2758
-13.1016
-11.0695
-10.3730
-5.6473
-11.3598
-21.8590
-13.7500
-20.8609
15.0914
-3.2516
-36.4355
-6.7048
10.4521
-24.1736
-10.9607
-15.8076
-36.1195
-39.3160
-1.0733
3.2855
-4.8177
0.2968
-25.4910
-30.2807
0.2332
-18.6360
-23.9342
8.1867
-14.0023
2.5056
-22.1383
-16.1179
-25.3813
-16.2157
-10.2344
-4.3164
-10.7500
-9.2719
-4.1849
-10.5613
-13.7510
30.1902
-16.9896
-7.6617
-1.1852
-36.1594
-17.7357
0.2925
-26.5135
-22.7213
-5.1869
4.3383
1.5244
-18.7420
-8.2500
2.6344
-6.4410
-12.9457
2.1422
-11.9930
-18.7852
9.3646
-26.1086
1.0475
6.4902
-42.4125
-9.3826
7.3440
-16.8691
-7.0594
-19.2416
9.2354
-29.9234
-7.4113
-24.2742
-5.1190
-7.7439
-20.9273
-0.4871
-24.9203
-2.3933
-4.2695
-39.1678
-14.8781
14.2688
1.2492
-11.8582
-26.1258
-23.2000
-4.8848
-22.9646
-18.7119
-50.6484
-18.2081
13.7686
-14.2585
-34.5984
-16.7531
-13.9449
-41.1203
-27.8434
-4.5633
4.8363
4.7943
-8.0771
1.9442
-25.8073
-41.9828
-7.4089
-12.0328
-5.7037
-1.2186
-4.0654
-11.2026
5.1787
-7.8613
-16.9264
-16.0629
2.6782
-23.5719
2.5039
-3.6475
-14.7186
-22.4570
10.5219
1.4688
-5.7422
3.7768
-37.5930
-14.0492
-27.4227
4.2988
-22.3471
-8.4517
-48.8742
-4.6740
-28.8027
-11.2773
5.1203
23.3426
-4.7362
-25.4629
2.5361
-23.3131
-5.7643
6.8617
7.7594
-18.8123
-18.9547
2.2867
0.4943
-12.9493
-9.6951
-22.1895
-28.6883
23.7543
-3.7243
13.1125
2.5969
-6.0830
14.9621
1.8152
-10.9514
-27.0465
-13.1645
-9.5748
-17.6758
10.1111
-15.0380
21.2193
-2.3260
-17.1176
-17.1119
-6.9762
-10.9621
-31.7342
-21.2211
-4.8271
-15.4680
-4.3430
5.4820
-12.7146
-0.2703
-18.4539
-16.3312
0.5660
-9.1858
2.6792
-13.2703
-5.1922
-22.3883
-25.4156
13.3750
-15.5918
-7.0902
-1.0020
6.3125
-5.5430
-17.4023
-13.2951
-27.2241
8.8620
-10.3835
-5.4635
8.6117
8.4387
10.9867
-26.0713
-4.2037
-49.2977
-13.1187
-16.1410
14.6363
19.9100
-13.8236
-14.0844
10.7498
-15.6470
-24.5086
23.3156
-7.1344
21.3174
-23.7075
-15.1955
-2.5141
-28.1879
-3.9518
-7.0525
-38.9969
-6.9133
-18.2617
-0.9488
21.4715
-9.4709
-17.1744
-30.2500
-24.3207
-9.6859
-9.8398
-12.8676
-9.1242
11.1540
-20.7291
-33.8828
-36.1016
-32.4367
-18.3609
-5.6004
-24.5469
-10.4762
-4.7891
-6.1946
-5.7900
4.3570
-24.8383
11.2738
-10.9847
-19.5984
-19.7219
-6.7377
-40.7627
-12.7875
-34.1703
-2.3510
31.3129
-15.9256
10.5219
-35.5785
-17.7977
9.5813
-19.4017
-4.7473
-17.5376
12.4715
10.1422
-5.8117
-30.7859
-31.0328
-12.7164
-29.2322
2.5992
-2.0612
-17.2125
-13.1788
-4.1716
-6.1265
0.0106
-16.1832
-14.4456
0.6691
-10.9072
-7.0827
-9.4073
0.0664
-7.9309
19.7055
-20.9937
-10.7103
-6.4178
-30.5308
1.8055
-32.1508
-3.9793
4.5922
-13.9324
-15.9242
5.4914
-26.7729
-18.6023
-26.8258
-17.6387
-35.9879
-10.6187
-30.0008
-33.7578
-6.0074
-11.1234
2.4875
-9.9744
-17.1105
-23.7711
7.3102
1.8980
-27.5383
-2.8594
-5.8448
-26.8066
-9.4914
-8.1751
-6.7488
-46.8607
-0.5590
5.7545
-18.9266
-7.3957
-12.2980
-24.0445
-12.3547
-16.2854
-34.5320
2.1082
-9.9574
-22.2141
-1.7611
9.0403
-12.0066
-29.8398
1.1973
-14.3625
16.0506
-8.9334
-24.3477
-31.0195
-11.8969
-6.6914
-19.4941
13.7707
-41.3758
-12.9199
5.4216
-10.9891
-10.0743
23.9617
-7.6627
-29.4594
-1.5275
-16.3578
-5.3783
-17.4312
-3.0234
-1.6759
-17.2578
-1.9333
-21.7855
-15.9145
4.0055
-26.8086
-19.4602
-28.2340
2.0777
0.5306
5.2223
17.8041
-1.0582
-8.8754
-10.1543
3.0700
-6.8301
-34.3414
-11.2037
10.8244
-21.5484
-13.9641
5.6790
-10.5887
-0.2352
-9.9495
-4.5684
-26.5133
-33.8297
10.2520
-20.7172
-12.4320
-5.6465
-15.3658
-36.8508
-8.1809
8.4204
-26.0652
-20.6437
-21.8793
-6.4914
-10.0646
-24.7148
-16.4844
-23.7941
1.0289
1.9485
-14.3777
13.5714
-42.4773
7.4384
-10.2671
9.3121
-37.6609
-16.1570
-43.6859
-7.2137
2.1473
12.2580
6.8622
-24.0187
-20.1395
-40.4482
-17.4180
-21.7445
-21.7338
21.2408
-12.1282
-23.5291
-12.4469
-5.1619
1.7889
-40.9461
-6.7432
-36.6195
-7.2055
-2.7820
-25.3229
11.5492
-10.8953
-19.7125
-19.1930
-24.9154
-9.6408
-38.8422
-6.0938
-30.5703
1.4015
-10.1625
-50.5801
-15.6836
-15.6292
-12.3993
-31.6336
-20.5318
-31.1871
14.6554
-13.6781
5.7359
-19.1980
3.8104
-9.4017
-20.3116
-28.0219
-18.6894
-11.9520
6.2953
-28.3133
-15.3340
-25.8762
-17.1598
-19.8962
-17.0398
-19.3125
-13.1654
-16.8846
-10.2683
-36.6615
-24.8529
8.9215
-7.9696
-22.1434
8.5836
-1.4371
-24.5281
15.5727
-23.5969
1.1074
-22.7250
-26.3844
-20.1613
-7.8517
-6.8957
-45.3230
-15.0633
-2.4419
-13.8859
-3.7301
-25.3971
3.1311
-21.1192
-11.7361
-9.3238
9.4563
-2.2951
-23.3945
-14.5141
-9.0074
-22.9100
-0.2633
-0.6888
6.4398
-25.3785
8.4062
-30.9000
1.9305
-16.3483
-3.7926
-17.1834
-12.7211
11.2453
-1.4582
-17.7834
-24.2779
-34.3785
3.1941
0.3933
-18.0555
3.1691
-15.6102
-0.2484
-2.8194
3.2301
-6.6845
13.0596
-7.6486
-1.2613
-14.8086
-6.5176
-13.0539
-8.7273
1.5357
2.7273
-23.2133
14.8425
-6.2176
-30.5977
4.8419
14.7266
-9.9528
-27.5972
-3.2316
-5.9084
6.6344
-7.7831
-0.3928
-17.6063
5.0617
-13.6102
-9.2286
-0.2984
-29.9527
4.9246
-9.3654
-1.4926
-2.6190
-14.6918
-20.1668
8.5336
22.6422
1.8805
7.5350
-49.1750
6.7631
-10.4638
-6.8676
1.9281
3.8751
-2.6152
-19.9166
8.9367
-6.4742
15.4828
-14.4875
-4.4608
8.1790
-0.7914
5.9820
-31.1945
-15.1746
-35.5627
-13.7027
-14.9501
-15.2270
5.2822
6.6646
4.5387
-30.4020
-19.2549
0.2336
-8.4555
1.9486
-19.2152
-20.9469
-3.7756
-6.7947
-8.3119
-8.8865
-7.0845
-44.8086
-20.2082
-15.6089
-23.3742
-10.2910
-8.2642
28.4535
-7.4352
-2.6497
12.2067
13.8848
11.5426
-11.1027
0.3492
-2.6012
-24.1383
-17.0656
-22.8328
-5.5262
-5.0055
-0.3381
16.4498
4.9544
2.8069
-15.7350
6.8227
-19.8768
4.3977
-24.8867
-19.3012
-18.0865
-12.4566
-30.9664
-6.9848
-7.3137
-24.3008
-5.5277
-7.7805
10.4980
4.6984
4.4113
-32.4712
13.9094
-27.2516
-15.5139
8.0531
-5.4018
-10.7623
-30.5953
-22.7094
-46.3471
3.6820
3.8408
-9.0484
-55.5789
3.9727
-10.3104
1.1167
-8.3139
-22.1570
-8.1904
1.7182
-31.9631
-6.9572
8.1504
26.4738
-3.0746
-1.8504
-19.3211
-19.1552
-6.5744
2.9500
-22.3797
7.4336
-1.3926
-11.8695
3.3998
-23.3144
-4.6994
-11.6172
-16.7991
11.6178
-34.1211
-15.8488
-1.7957
13.2781
5.4854
3.1984
-17.9413
-45.1555
-15.3482
15.8221
-9.5234
-2.7223
22.2563
-49.6535
17.1779
-17.2102
-24.2508
-12.0455
-34.5131
-17.6723
20.5486
9.9832
2.5592
-35.7461
-20.3891
6.0184
-33.9043
-9.2082
-9.8938
6.3320
-15.6352
11.6017
20.2707
-15.5125
4.6178
-21.2873
-13.8383
-23.9700
8.8850
0.4795
-19.2109
-23.2790
2.9980
-23.0322
-21.2820
-4.4527
-28.7691
-22.2765
13.6904
-8.7359
-19.0908
0.9414
-23.8543
-9.1742
-22.3293
-0.8668
-27.3527
34.2652
10.5282
-10.0990
-45.8523
-18.6907
-19.3098
-13.4414
7.9148
-4.0819
18.6602
-5.0930
-23.1207
-21.2557
-23.8258
-20.0223
-7.0922
10.5764
-25.7016
-27.3578
-30.5977
6.4977
-2.2699
4.8153
-33.6430
-19.5094
-20.7160
-12.4573
-2.2172
-29.5895
-13.6938
7.0188
-35.5711
-6.7716
-19.5357
-10.9983
-29.5504
-9.2663
3.9306
-43.4813
8.3227
-9.6988
-9.7298
13.4805
-3.3695
-32.2120
0.3754
-33.4754
-0.5469
23.1105
2.0516
-15.3821
-1.7630
-4.0500
-9.4047
7.0285
10.2794
-31.9652
-5.6547
-6.2781
-43.9867
2.2466
15.0487
-30.8914
-44.0570
3.6227
-5.1105
-18.4430
-37.8531
-27.5666
-3.5801
-15.6344
-13.8603
-16.4261
-33.7168
1.4662
1.9354
-28.4191
0.0135
-25.9547
-24.0363
-26.8889
-11.6176
1.1465
-20.4205
-28.9883
-12.2922
-0.4893
18.3309
-35.7750
9.9748
-15.9617
-28.8883
-36.9062
-7.4367
-17.2336
-28.2203
-10.8723
-20.3273
-16.5906
-36.2867
7.4512
14.2375
-35.8795
-5.1820
-1.6982
-27.5780
20.0582
-31.4721
-38.1141
-15.7091
4.9719
23.7457
-14.9762
-23.8559
3.2165
-9.3844
8.7949
1.5743
-27.0707
0.7704
-2.2641
-0.4075
5.7745
6.4617
-27.8730
8.8765
1.7029
-26.5398
-17.6904
-18.5783
-8.3045
-13.9688
1.9310
-9.9930
-14.1703
-11.2178
-18.0684
-26.3963
8.6266
4.8400
-46.1945
28.5688
-18.5477
-1.1055
4.6078
-24.9678
-32.6555
-41.9344
-15.1172
-16.3516
-4.5652
-35.6516
-41.9695
2.5027
-16.4891
-9.2063
-5.7940
-23.2585
13.0856
-36.2305
-3.1098
-13.6326
1.9254
-3.6063
-18.4727
-39.5099
5.4102
-32.5320
10.1179
-14.6967
-29.5828
-44.2977
-40.2320
2.4133
-0.1934
-8.7836
-15.8166
13.4265
35.2662
4.3037
-15.2883
5.5719
13.7102
16.4875
-24.7229
13.1867
-35.4320
-32.9313
-12.8716
-28.5246
-8.0504
6.6195
11.0797
11.4571
-17.9184
-1.3105
-15.1551
-23.2559
-21.6734
0.8816
-12.3664
6.8969
-15.7406
-12.6121
6.8867
-34.3387
-2.9027
-5.5270
6.8988
-34.8359
7.6000
3.7289
-38.5457
-13.4311
1.9641
-8.6320
-32.5625
-9.1297
-27.0234
-17.5219
3.9885
-16.8730
6.1557
-12.3086
-6.8449
-16.9020
2.8219
-17.2762
-42.7172
9.8434
3.6633
-1.4941
-17.1020
-33.1258
-12.1222
-16.2262
-3.9094
-10.6609
7.1288
-41.0604
22.0742
-1.1539
-15.4879
-0.2545
-21.5242
-31.1945
-35.0105
3.2250
22.8160
-4.3973
-9.3604
-28.1422
-12.5016
-9.5498
-42.1988
-13.2457
-2.3766
-31.5723
-15.8078
11.2219
-11.8665
18.7368
-21.0285
-13.1203
-38.4516
-24.5633
0.6830
-19.8102
-22.4680
22.8605
-7.9918
16.9285
0.8114
11.9578
-30.2570
-2.2812
-2.5863
-37.8465
-5.2126
-1.2729
6.7090
3.2758
-22.8056
-12.8182
-13.8340
4.0146
1.2945
-24.2625
-29.3172
-4.0318
9.6029
13.6676
-8.9839
-24.9758
0.4522
-38.1203
-28.3953
-5.6074
-5.0707
-14.9258
-17.7625
-29.4374
12.9098
-20.5081
-21.7156
-14.8829
-17.5069
-4.2922
-6.0544
3.2145
-39.0852
-1.1512
-29.9480
-0.9826
-10.3984
5.6098
-3.8184
0.2037
-12.7472
-12.6201
-3.7607
-6.8390
-22.6674
11.7039
8.8930
-18.6680
-33.4814
-10.7508
5.9090
15.1141
-29.5738
11.7864
-53.4437
0.0992
-21.0184
-29.4465
-15.3453
-21.9742
-29.4668
-19.7953
-31.4270
3.5339
-17.3617
8.7434
2.4713
-29.7609
6.0695
6.9427
-15.0322
16.6285
-13.7994
-26.6660
-24.5328
-40.9383
-7.5344
-20.2439
-0.0608
-5.5391
1.2070
7.4047
10.5398
-26.1637
1.3371
-36.5734
-28.0344
-21.7052
1.3833
-41.8918
-2.3945
3.7043
-36.8156
13.8336
-15.8753
-6.5352
15.7263
-24.9781
-16.7047
-19.7297
9.6992
-7.1670
-42.6258
1.2672
-51.0758
3.5434
-31.1602
-7.5328
-20.0473
-21.3275
-21.8117
-2.8187
-33.9510
-3.6813
-25.3039
-1.2893
-34.3219
-25.5031
28.9969
-4.3438
-44.8271
19.0963
-9.6475
0.1287
17.2699
17.2951
2.7348
-35.1586
10.5911
7.4526
-5.3070
-1.0236
3.3479
-4.3305
-10.4215
-4.9684
-8.2023
-9.6543
16.9355
-12.0465
-1.0500
-1.2240
-34.4508
10.1375
-8.9825
-31.7062
-34.4355
-12.7469
11.5641
-36.9094
-1.5724
-37.3418
-14.8949
-27.0906
-11.4896
2.3424
0.0586
-17.8930
-19.7664
12.4648
2.9360
1.2953
-24.3410
13.0891
-21.1355
-15.4891
-43.7997
3.5220
-5.2656
-18.7262
8.4537
14.1656
16.7598
-22.3133
-15.0969
-20.5709
-15.3453
-18.9578
17.6133
-3.7129
-35.5914
-17.9139
-3.7238
-3.7160
-20.7605
9.5996
14.4166
-24.1283
1.2508
0.9893
-37.5997
-14.4740
-45.7906
-12.4041
-10.3020
26.5082
-27.9445
-28.2816
-18.2527
3.4166
6.4641
-4.1275
-14.2973
7.2842
-17.1365
-0.7160
-22.3982
-11.1508
17.2260
-38.7500
4.8805
-14.6918
9.2584
-33.0821
-33.8665
2.9109
-25.7253
-3.5043
-27.8645
6.9102
-40.0664
-7.7629
-1.4728
-11.5375
-21.4141
-22.9756
-28.0844
-24.1816
-17.7469
-5.1305
2.2484
-1.9219
13.7559
21.5977
-21.4441
-8.3172
-27.5402
-22.9173
-5.0279
-3.8902
-14.8871
6.3695
-18.7148
-30.1861
13.1336
6.7263
-21.8506
-1.8988
-2.3453
-35.1320
-17.7021
-15.2181
-32.3375
-16.1078
-1.8496
-15.1687
-12.3364
12.0775
-11.3914
-6.3566
-20.5219
-10.0529
26.7754
-32.6160
-12.4742
-3.0275
-2.8492
-8.0000
0.0842
-8.4240
-45.1184
6.0027
-28.7547
-6.9020
-16.0512
-6.7608
-12.5863
-21.9838
-10.5912
-44.7770
-18.9641
-5.3904
7.9480
-3.3470
12.2430
-37.6689
12.5996
7.0180
-11.6574
-31.9211
-18.3393
-0.5578
-35.5414
22.2398
-11.1975
-41.2664
-24.6789
2.6213
-4.8711
-4.0604
3.0605
18.2004
-10.3199
-34.2074
23.9471
-26.2523
-37.3746
25.3020
-1.8602
-8.4922
-9.0688
20.9305
33.5430
1.7605
13.4467
6.1477
2.4320
6.8874
-29.4926
-26.2871
0.2434
-4.3280
-46.2914
-15.8930
-36.5469
-13.1174
-10.6693
29.5367
-1.2109
-41.2000
30.2410
-43.0008
-4.2328
-4.8227
23.2342
-16.3181
2.9115
14.7309
22.4191
-2.3602
-25.0355
1.4324
-16.5162
0.8533
-10.0361
-3.6078
-21.3703
10.8797
4.2637
-43.3348
-49.4094
-33.8613
-18.1883
-14.9833
-31.9586
-14.8266
-20.3768
16.6037
-19.4428
-24.4406
-9.7836
21.5012
-19.7711
-36.1305
-35.6516
-17.4125
2.6211
-19.3262
-7.7902
1.3770
-23.9648
-0.2453
6.1880
-11.2404
3.7633
-16.6220
-7.3108
23.0424
-0.9367
22.6295
-35.8937
-19.8298
-16.4023
-1.3041
-23.0172
2.3763
-18.3797
-2.4437
-17.6187
-31.1818
-30.6078
-45.4395
-13.2584
-0.9457
-42.8004
-9.9556
9.0686
-18.1604
-8.6595
22.2892
-36.5301
-3.1324
31.9625
-5.6129
-7.8891
7.0141
-26.2719
-19.7404
-15.2209
-7.5082
6.7617
25.3781
33.1443
-11.3659
-18.9199
-3.5140
15.2391
-5.6385
11.3914
-11.1455
0.2367
-8.9043
-49.4117
-25.0953
-19.7020
-34.9258
3.9295
9.1778
-11.3372
-15.1078
-25.1641
-11.1092
-10.8629
-18.8493
-27.2320
-32.0223
16.1258
12.5719
-16.5891
2.6912
0.8680
-12.8236
-14.3801
-6.4301
-23.0914
-21.0383
26.5191
-36.4172
-1.7065
-15.3791
-7.9572
5.4168
22.9625
-20.8207
-32.7914
-13.1148
8.7973
-41.5719
11.7355
8.0307
7.5750
-23.3723
11.2639
-30.1727
-32.3574
13.1762
12.8740
-27.4168
-8.9801
-43.6660
3.7180
-31.0289
-17.1508
-44.1777
0.4114
-10.3859
-6.5844
-45.8805
0.6687
-5.0859
17.4525
-0.2850
-28.0234
-22.9684
9.8516
20.8078
-23.1201
2.3063
-17.0859
22.3352
-22.1324
-6.2332
-14.3550
-19.0359
-8.2871
-30.4805
-12.2563
-32.2473
-12.1311
-21.4400
21.1600
-4.8170
-12.2164
25.3121
-9.4691
-11.6935
-5.9697
15.6324
-4.7066
-16.8609
-8.7945
15.4477
-22.3711
-7.8914
-13.7213
-37.6879
1.1359
0.8914
6.9566
18.6230
-16.3117
-8.5206
-9.0803
-20.8570
-14.8089
-21.4749
-5.5461
-4.9898
10.0516
3.8055
-34.5227
-5.2855
1.7744
-23.5242
-38.1760
4.4949
-38.0266
-14.1931
10.5910
17.5443
-3.5162
-37.0352
-11.4052
11.0699
-17.4973
15.6658
-14.1648
8.0102
-2.3547
-4.5873
-20.6031
-44.4820
-4.9816
8.8687
2.4260
-52.0781
-1.2328
-43.7402
5.4597
5.0490
2.3211
10.1996
-32.0859
-1.2625
-6.8375
-4.0832
-21.4516
-31.5383
-17.3070
-43.7683
2.0893
-10.0284
-13.1313
3.5139
-16.3908
-25.9102
0.1332
8.4957
16.8523
8.5690
-17.9121
3.6730
-35.2531
-18.6750
-8.6543
9.4077
-7.4742
-23.2278
0.2098
-31.3223
1.1456
-24.6609
-36.0878
-20.0254
1.6566
-8.7488
8.2393
-9.7161
-14.7289
-4.4623
-16.2125
-25.1969
-40.4141
2.6000
17.6039
2.4746
-12.9282
-13.3746
2.7146
-39.3281
-40.5133
0.0785
-11.2438
7.3152
-6.3311
13.5744
-39.3078
-14.7324
-16.2698
-6.9460
-21.8008
16.5775
-6.3547
21.3090
16.3475
6.6547
-1.5934
-39.5797
2.4051
-20.8953
-30.7125
-10.3168
36.5973
-17.1999
-8.7729
-12.7447
17.2785
2.1480
-33.0082
17.6633
29.4570
-5.3805
-38.1547
-17.2791
-23.0156
-35.6344
-40.2586
18.2396
18.5277
-10.4625
0.5777
-25.0020
24.2035
7.1546
2.4837
10.0719
-26.2953
-32.2324
18.3094
-21.2367
-27.0930
-0.0500
-22.0477
28.5074
0.5443
-41.8244
-8.2336
-5.3129
-48.1312
10.6016
14.2924
26.6859
-25.7805
-22.0973
-30.7604
-6.6018
-12.6574
-13.5256
18.3250
-48.9656
-27.6234
-14.8031
24.5867
-10.7358
-8.2629
6.4680
-2.9906
16.3584
2.3934
4.5273
-20.3667
4.6766
3.3947
-20.3513
13.0973
3.7309
4.9109
15.2898
15.7555
4.5285
-45.8625
-7.7090
-24.8701
-44.9359
11.4217
-16.1016
-42.6520
20.8371
-11.8656
-12.8775
-41.8711
-20.0567
2.1977
-5.4844
0.3340
25.5730
30.5098
-23.0258
31.2254
16.3188
-24.1400
-6.2088
-18.7159
-32.2352
-35.0484
-18.6160
-50.3656
-16.6131
-17.7027
10.3807
-21.9492
-41.0461
-49.4844
-17.1012
-10.5403
10.3289
-29.1162
-17.7355
-32.4984
-49.6602
3.2309
10.8375
5.0650
11.1754
16.5262
-26.9666
1.7327
-20.4191
-42.1750
13.1422
12.0953
-39.2629
3.7988
9.3381
-23.8139
13.9797
-14.3164
3.2410
-7.6792
-10.7031
15.9586
-31.8547
-30.3672
-2.4461
13.9422
-9.0320
-21.2994
-13.7824
11.7605
-15.3695
2.1074
-6.8717
-54.8004
-26.1750
-5.6035
3.7703
-19.4762
-23.0635
-11.5319
4.6123
-16.3730
3.6400
-16.5994
-29.2203
-14.4869
-14.9398
-14.1000
0.3449
-22.7418
-40.9891
18.0719
25.9828
18.5434
-6.3332
-4.8777
-31.6406
-32.5176
-12.9234
11.7586
-28.2381
-4.5101
-4.6428
-26.5148
24.8682
-8.9926
-26.2234
-22.2055
-13.2349
16.2039
-0.7277
-47.1719
2.8061
-6.0855
-8.3943
-17.0119
-16.9679
-21.1935
-3.5622
-18.8387
-7.5875
-6.3969
-18.4515
-14.5273
-1.5535
19.4441
4.3086
-24.3430
-20.2441
-26.0319
-16.6477
-28.3891
4.9425
-13.8687
-35.7477
-29.7625
-39.3195
-29.5383
-48.8422
-42.0848
-9.1582
-9.7780
-25.2621
6.1416
-20.1100
-15.7529
-19.5911
-4.4559
-20.2646
-1.2812
-3.5348
-20.1047
-9.3172
-4.0984
-16.8986
-52.9661
-28.1859
-17.4645
17.1992
-4.4109
-21.1570
-45.7414
-1.6869
7.8871
11.1527
-29.2734
-12.7211
9.6211
-4.2029
-8.7285
-20.8109
-2.6312
-19.1008
7.7570
0.7632
-33.3594
-33.8102
-33.8844
1.0203
-18.1590
-4.5547
5.0072
1.4992
-14.8148
-16.5668
3.2352
-39.0352
-7.2558
-22.2375
-7.0467
-44.4617
1.2094
-42.1199
25.4789
0.6156
-24.3480
-24.3336
-36.2992
11.5105
-35.6982
-37.4211
8.2312
-7.6289
-11.1053
13.4816
-12.2031
-11.5031
-23.7984
-26.6129
3.5504
5.5754
0.3326
-15.8641
-24.1000
-10.1519
13.8656
13.0152
-8.6907
15.5324
15.1598
-7.2551
-13.4814
33.9458
4.5597
-9.1062
-32.3809
-12.3849
-45.4164
-16.4837
-41.8737
-12.2356
0.6283
-12.9961
-34.2672
-8.7480
-14.1949
-31.0746
9.5109
16.8492
-6.7961
34.2754
-5.9133
-6.1257
-46.0977
-26.2523
29.5137
-21.4828
7.9199
-20.8119
3.5577
10.7680
10.4789
-9.0518
-13.0704
-14.9600
-29.4430
-4.9796
-6.2888
-1.8939
-0.9000
10.1979
16.3296
10.3609
-16.6021
-8.5664
-49.0262
30.1516
-48.8359
-10.0070
-24.5287
17.3711
-37.4258
33.9156
31.4415
-46.1258
1.6391
-14.4926
-35.0086
-13.7074
-41.3266
-3.8383
31.9141
-17.9485
3.2730
-16.4012
-16.4443
1.1285
-13.9738
21.8826
-21.2160
-42.1359
-2.4102
6.4426
-1.2549
-39.4742
-17.8751
6.2064
-38.2426
1.5889
-19.1521
-25.5277
-48.8055
-6.0080
-25.8004
7.5246
-2.7189
-22.5340
-7.7172
-8.5684
-22.9080
-12.0752
3.6155
-38.1312
-32.2684
19.9047
-11.3389
0.2085
-34.2410
-32.0965
-0.6260
-4.5371
-33.3969
21.6516
13.6867
21.8660
-22.9477
18.5781
26.6613
-9.2329
15.8582
-2.5923
-21.2825
-0.3629
-41.7096
10.2795
23.2347
-35.2883
-23.1695
24.0340
7.6892
-25.9055
-39.3428
-9.1656
14.4076
-29.3260
25.6070
-20.1250
-28.8516
-53.7000
13.7178
-10.0772
6.6836
26.3848
-28.9008
-7.2839
1.1488
-11.4664
-8.7593
-30.2816
13.0117
-22.4182
-6.5375
22.8230
-13.8773
9.7301
-22.8031
-17.8803
10.6657
-48.5625
-46.4031
-0.0531
19.3406
-11.8145
-19.2221
-11.7830
-18.4643
2.0559
-27.4279
-11.1504
-11.4262
-15.8047
-40.7449
-26.3977
-35.9609
10.6941
16.8479
-16.4297
-21.9539
-26.1984
-34.2680
9.3742
12.0180
-3.3226
-19.2883
-20.2223
-4.8500
-30.2695
30.6363
22.7961
-3.4863
-38.4443
24.4037
30.6109
-31.7992
-39.8473
-47.1148
-10.4781
-0.1754
-4.4604
17.7973
-21.0887
15.4375
11.9324
1.6414
22.7676
13.0751
-27.6297
-0.6512
2.1188
-4.9612
-49.5531
-22.0586
-10.2455
-40.9730
5.0365
-36.5184
9.6256
-0.6685
11.7567
-4.9525
-29.7555
-5.0809
-23.7891
-15.5891
-2.2891
10.5795
-19.0852
-1.2673
19.2352
-1.3855
-9.9090
-28.5143
-42.1928
6.3000
-27.3773
-16.9797
-41.1621
-15.3023
-9.6853
-8.0730
-4.4708
-5.2445
-26.2477
-48.3680
-21.4281
22.3250
-0.9948
3.3729
-1.1535
-23.4815
-2.2758
-31.3133
-9.8984
2.4075
-11.2141
22.4082
0.1523
21.4543
-18.3531
-17.9727
-23.5129
4.0855
10.8283
-45.8539
-19.2977
-13.6032
-3.1283
0.9344
-0.8398
-8.3781
13.1027
-33.0047
-6.9516
-4.2129
-17.8602
-6.8119
-24.7984
-43.6664
-21.3902
-4.2550
-34.4531
0.3742
-19.6734
-9.1627
-20.2430
-43.8673
9.8219
37.7172
-33.8078
-25.2313
-20.3672
11.8318
-29.2355
-8.2150
24.7664
5.8625
-35.6102
16.1107
-26.5750
-9.4777
-0.6266
-13.0980
-23.7812
-28.5051
43.0285
-33.1338
14.6887
25.6840
1.1859
-43.2109
-17.9940
12.0068
-16.7836
-51.6682
-11.0680
8.6863
2.3891
21.3891
10.6125
-34.2211
-13.2543
-42.8027
-1.2429
0.2123
-38.2351
9.5504
-16.1218
-5.8420
-17.4297
-19.1365
29.6020
-13.7875
-7.7398
-18.8602
13.5016
40.0605
-2.5085
-18.8342
-17.0875
-14.4910
-8.6781
13.4520
33.8352
-39.5330
21.0203
11.7740
-26.9523
-35.8789
-5.7402
-6.5914
-42.3789
-18.4547
-15.4012
14.2252
-26.4000
-29.9156
-40.6000
-9.2096
-19.2057
12.1725
15.3744
-48.0016
0.2180
-1.7265
-29.2797
-5.9852
22.4344
3.4742
0.0938
6.5203
4.0430
-0.8547
10.1664
-2.3543
18.0949
18.3727
-0.4068
-0.0188
-24.4098
6.7109
10.4992
-24.6711
24.6059
-26.9437
24.1919
-20.6063
-18.7786
-4.3500
-19.0371
5.3508
22.1566
4.5902
-13.3953
-1.9964
-16.4590
-31.1125
28.0211
-0.0862
-17.0000
-21.0959
15.1160
-12.3949
-16.1047
-21.9125
8.4949
-18.4314
15.3051
-28.5553
-23.7570
-28.2391
-22.0285
19.2844
-17.1289
15.9713
-5.0594
14.0680
-43.9059
5.9703
1.1484
-14.0722
6.9856
6.6859
4.3084
-58.7344
-49.3023
-34.0354
-6.0324
-5.1330
-18.7406
11.5514
-17.8035
-7.2387
-1.6055
14.1629
-33.3426
-1.2207
-13.3924
-24.7230
-23.4047
-43.3211
3.6039
19.5496
3.6797
-40.4352
0.5117
-0.8754
1.1023
-11.0688
8.7488
-8.3732
-35.8297
-13.7423
-33.6133
-18.9969
7.7328
-16.5816
13.1363
13.6572
-11.1727
6.8358
-52.2344
-18.7555
-19.2238
43.1992
-1.4250
-7.4445
-5.6693
-7.9979
-21.3391
-17.0382
8.6546
-35.7875
-2.9465
-29.5773
7.7098
21.2152
-7.7735
-17.5959
28.4797
1.0421
-15.8801
-1.0020
21.0652
-30.0133
-26.6047
-26.2776
-28.5625
-11.5336
21.3719
4.9751
-37.2547
-20.4422
20.8754
-26.2471
20.7965
-21.4562
-20.2821
6.2090
33.3609
-7.4265
6.5842
-27.1316
44.6406
-5.7811
5.9650
9.7234
-23.3500
19.7850
-29.0719
20.9281
-20.6969
-9.5750
-1.7820
-4.1213
-1.9594
-13.5065
16.0293
-10.1609
39.4746
18.0301
-38.1781
21.9863
-22.8408
-19.2457
-8.5719
-21.8781
-25.1422
-26.5152
-11.3324
-24.2656
3.2342
6.0310
-37.4250
-6.5172
-44.3477
18.6727
-19.8693
-8.6260
-12.3190
-21.6369
-11.1922
20.4883
-17.3826
1.4367
22.6154
-4.6042
-14.6000
-35.2609
7.0516
33.8648
3.2541
-36.8063
3.1634
-8.5195
10.3258
1.0874
-15.6756
-14.3703
-41.9688
-40.8617
-38.0183
11.3176
-3.7727
-32.0734
-17.0528
0.7729
-18.2035
-15.0586
30.0723
0.2727
-43.1805
-17.6871
-30.0867
-44.3840
3.1479
-34.9617
10.9770
-16.5660
3.3916
-20.7609
-9.8637
8.1761
-19.7599
-11.5723
9.1453
-3.3156
-30.6445
-18.9513
14.2141
19.0766
-24.4043
-36.1326
-13.8474
-4.8963
-45.8812
-20.5282
12.2955
-9.2870
-5.1687
-13.3578
-35.7758
-18.2340
20.0345
-41.3934
12.1148
-6.2242
17.2012
7.0149
-44.6415
-3.2109
-19.4449
-5.6668
-7.6068
-19.4389
7.6582
5.3484
5.1348
-48.8225
-2.4773
-40.7633
-11.4949
-14.0945
-46.3238
19.1070
-41.4894
6.8180
-42.8148
-27.8805
-9.2512
-20.7211
9.5771
-18.7691
-41.0002
30.2125
-28.8781
20.1723
-27.1133
-39.5121
14.8082
-32.4129
-18.2906
1.0213
-24.6594
-35.5469
-17.2480
-40.0377
8.9261
-13.8750
2.3941
-16.8775
-31.2539
-21.0914
4.8844
-37.8195
-34.5605
-17.2855
-41.4564
4.1105
14.1703
20.5625
-2.7447
-16.1027
13.8238
-24.0158
-29.3461
-8.8379
6.3791
-42.5287
2.9949
-6.0531
19.8729
-28.1547
-19.3784
0.8419
-19.6305
29.5484
14.1707
3.9773
3.8370
-37.8475
6.6667
-10.0453
-10.1455
-37.3744
25.2445
-19.1723
-10.3242
-23.0510
4.6937
-17.0490
-17.0910
-25.6617
-35.6562
28.8398
3.8219
6.6641
-25.5206
-8.6832
34.1906
-3.4809
-22.4387
7.0676
-49.3203
-35.9867
20.4379
-11.1398
-5.3590
-32.8414
-42.3199
4.9396
-20.7588
2.2238
-16.4479
-16.0680
-0.2148
-11.9332
11.1449
-7.0695
-28.9354
-20.5297
-15.1141
12.2758
15.9105
-5.3625
-25.6395
-3.3383
18.3609
-7.8438
22.9172
16.3779
-44.0555
-10.4697
-15.8379
-3.9234
-8.4985
-49.4635
24.2355
12.5352
12.1750
-37.6016
-10.6570
15.3777
-1.5131
-35.0791
-15.2230
-26.2966
20.9896
-45.6641
-9.1824
4.6004
-42.2645
19.1531
9.2626
-41.0752
13.8359
-20.2094
15.3396
-17.8756
-18.4484
5.9844
-42.3898
-20.6586
-10.9577
-3.9801
-38.6098
-8.6516
-31.3484
-13.6934
6.1701
-32.1781
-40.9531
-19.7289
-22.8660
9.8703
-20.6242
28.2458
-7.9648
13.7250
27.6480
26.5886
-39.1617
0.9988
9.3602
-1.1871
18.7590
15.1551
-7.6244
-42.6414
-10.6543
11.5371
-19.2281
-24.7102
-37.6355
14.4547
23.0656
10.1234
11.0785
-44.9617
-7.8469
-12.0852
-0.7953
25.6094
13.8250
28.6125
7.6066
4.8402
-33.3789
11.7897
-2.0241
-2.6614
-7.2557
-17.7209
-3.6848
-23.9266
23.3809
-6.8598
-14.2096
-24.8336
-10.0219
-11.3660
-9.1803
-2.6838
-50.3713
-24.5187
0.7210
-26.3367
-2.5664
-4.7035
5.6879
-15.2871
-5.6414
37.1203
-13.8846
-32.5094
12.6124
-11.4403
7.6855
-12.1392
-57.1414
-9.1210
-17.4332
-1.2521
25.3406
35.0273
-37.4453
37.8164
19.1781
23.2484
17.3625
-14.1618
43.8953
26.4020
-4.5242
33.4055
-20.6897
-9.2969
15.9066
-16.0780
-3.3547
36.3047
14.5641
-0.4904
15.1738
-34.0672
-6.5990
-2.9703
-25.3914
-34.4284
-27.5497
-12.8082
24.9500
-9.5265
17.8125
0.5461
6.3903
-18.6746
10.3898
19.5699
21.9619
-36.5895
-22.5068
-29.9795
28.9252
-5.9270
-12.8031
-32.5191
-6.3500
-11.8315
-21.7299
7.1307
1.2120
16.8676
-11.8477
45.4234
40.3164
36.1306
-26.1793
-44.5305
-36.8477
-51.7859
-40.9559
19.6708
-5.7433
-18.9980
-20.4312
-3.6400
-38.8336
-59.4117
-29.0836
17.0154
-55.8367
-18.8750
-37.1223
1.0046
13.0303
-49.6219
-37.4672
-8.9073
-14.4551
19.3617
-1.4660
-9.9509
-34.8273
5.0466
-19.5703
-22.5488
-35.0430
-2.6820
23.3578
-11.0961
-41.0397
17.1172
13.8422
4.8693
-42.7367
-23.4840
-12.0274
-23.8805
39.9278
-6.4284
19.8650
-17.7496
16.5895
-13.3041
-23.4293
-11.6375
-29.3883
-33.0826
1.8941
-28.1652
8.0129
-3.2000
6.4432
-10.3645
-5.2566
0.6195
-14.0078
3.2820
8.9258
34.1133
9.2198
1.8980
21.0938
-24.9918
-35.7492
-16.3965
-29.3793
-49.5484
-23.1562
-28.2805
-22.5586
-16.9111
-23.8453
13.4703
10.3457
-22.0898
16.8543
-6.5068
-3.0494
-32.0466
1.6164
-10.2578
-13.4344
-26.6922
-15.3035
-20.7086
12.0577
-24.9729
-0.7203
-3.1682
-37.8563
-28.7938
-9.4746
-21.0869
-11.1121
-21.5887
-43.4910
11.7008
24.3410
-8.1939
6.0387
-41.9539
-39.2164
2.1351
7.7441
-4.8328
29.5941
-30.1906
-4.0951
-30.1762
-1.1313
27.7604
-38.2281
-45.4945
3.6653
-22.8277
19.3727
20.0348
2.9273
-0.7922
35.3728
-38.8766
26.9887
-14.1711
1.5488
-27.6949
-18.2324
-7.7953
35.3242
8.5219
-19.2053
16.3727
-18.9391
-25.7195
-9.8008
-12.0590
-18.4586
-22.8000
-1.8359
14.5055
25.7020
-5.1727
-42.3461
-21.3899
-21.1918
-15.4805
-0.1867
-17.2867
15.1038
-23.5438
-5.4125
-47.1759
27.0089
-37.0969
0.9904
7.6774
-21.7400
-28.6869
-13.0181
1.7248
22.0559
-10.2696
-35.4477
-14.6896
-36.2719
-17.1324
13.6281
-19.6973
-31.6777
19.5260
-19.5396
-11.7146
29.6063
7.7484
13.4076
-49.8000
-7.8273
-22.3516
-8.2676
-4.3961
-36.4753
-17.7793
18.2797
-7.1902
-6.0488
13.8773
20.9618
-42.8098
-21.3294
-12.3824
-8.6754
9.0566
-8.8914
-7.3109
-16.1816
41.1031
-7.6849
-19.7539
-31.5164
-24.7266
-20.1027
20.6125
-10.5436
-45.6422
-4.8578
-18.2926
-15.7415
-9.7098
-0.3859
-45.0910
29.3918
17.0047
-1.3885
4.1973
-4.5449
-7.3554
-5.5963
9.4922
8.7098
-27.4718
-9.0494
9.6090
-8.8318
-13.6613
3.1887
-16.4148
-22.0719
-2.2562
-55.3656
-15.3645
33.6109
8.5352
9.1697
-29.2000
19.0996
-6.8981
-27.2703
19.9734
-34.0965
9.2031
31.7238
-20.4138
40.1891
33.7910
-43.1172
-13.9322
1.9816
1.0027
-44.5191
3.8391
-10.2559
0.1695
-11.5000
-10.9652
-35.2195
18.7404
-17.3555
-13.7324
-31.6719
23.8578
8.7523
-15.4535
-12.0090
-44.4035
28.6664
-41.8359
-1.6674
-17.2102
-17.8514
-18.6417
-20.5990
-24.8773
-25.5422
18.0310
15.7023
18.1352
10.3477
-23.5583
-18.3730
-19.4250
-29.2331
-8.0914
4.1227
-2.2107
-54.6895
30.9805
37.6285
17.2455
-17.7979
23.5375
-10.6971
21.6904
7.6044
-40.0586
16.9363
1.7463
-17.4820
-7.9844
15.4402
-38.2996
12.1876
-1.9289
16.0691
-45.4344
-8.2426
-41.8477
-3.5928
-18.8016
9.9941
-13.5879
-34.1494
-11.0607
-8.3789
-18.9867
29.9323
-46.1211
-0.7855
-28.9109
-43.5871
19.1090
0.5242
-17.8389
23.3762
9.4132
-35.8695
7.5480
11.9383
-18.6219
38.7820
5.3910
-1.5309
3.0961
-31.0117
-9.3971
-17.9488
6.7685
-0.6435
-30.4539
-26.0938
-21.6518
-37.9898
-35.8828
23.5269
-35.0406
20.8484
-34.8559
14.2664
27.7680
-12.2152
7.9203
37.5086
-19.4672
-24.5307
1.3064
-2.7693
0.8367
-5.8891
-19.9086
11.0551
-5.4156
41.3277
-18.4946
1.6068
-48.8242
26.9818
-49.1211
-22.1175
-40.6086
-43.7098
26.7398
-39.1109
22.9579
-36.0469
-53.8840
-8.2410
-20.7465
26.7109
25.0336
-2.1060
12.0090
-34.4544
20.9160
-13.7953
-28.8937
-21.7695
-22.8356
-35.9688
2.8922
-4.1716
-46.2789
-21.3251
-7.8055
11.9070
8.1203
27.2779
-50.0776
38.8729
-13.5336
-17.5164
29.0387
-10.7449
-22.5268
23.3305
-24.1566
-4.5422
11.2289
-25.0257
7.9283
45.0992
-31.2566
-17.8420
35.5008
28.5262
-45.4547
2.2777
9.0890
3.8809
31.0586
38.1984
-20.4404
35.4734
5.3625
17.1977
31.1875
40.1586
7.1402
-21.9258
14.5542
11.4527
-7.3383
25.2004
-35.8617
11.1680
11.8902
-24.7335
14.2508
33.9266
-39.6773
-16.5965
10.7893
-59.1859
-26.5461
29.7555
24.1398
33.8633
-38.3922
6.8234
35.6270
2.3211
-5.9886
1.0693
-40.7313
4.8414
7.0039
27.1498
-39.1164
-46.2625
-24.0834
-3.2852
-14.4659
-39.9832
30.2180
31.1742
20.5844
27.5898
7.0914
28.2748
-39.2418
-7.7502
-2.3879
-35.0719
-0.1001
-35.9709
-5.8574
10.6734
-33.1046
33.0758
-14.0045
7.5918
-3.3256
-3.1695
-6.2098
20.5406
15.0359
-6.4445
1.2957
-22.6367
17.4965
-7.1102
-48.5504
23.1686
5.5873
-1.4617
-22.9746
-17.1918
-21.3566
16.1305
-33.0680
-14.4504
-20.6369
-27.4033
21.1152
-20.5553
-13.5418
-52.6039
7.6145
-8.0500
-32.4344
3.6743
-32.4926
19.5957
5.4117
1.8955
-7.7139
-7.0213
-9.4420
-30.2980
15.0320
-33.0430
15.5250
30.8953
25.8954
-44.6424
-7.7734
4.6047
-19.6336
23.1512
35.6246
-28.6035
-18.7654
-46.5727
-19.8471
-8.6980
-44.4378
41.8555
25.2578
11.8562
28.8348
-1.4752
-11.2578
16.7012
-15.0023
-54.0891
-55.7406
36.4516
10.6499
-15.3672
24.1477
2.7934
-27.1805
-1.1430
49.0055
20.7469
-4.4873
11.3602
25.0645
-20.3500
-20.2629
-1.1570
24.9391
-21.3312
-44.3508
-8.6146
-38.8445
-26.3828
-38.3488
23.9125
28.2251
-40.8312
-17.5834
-40.5352
-45.4953
-16.7306
-7.9539
-7.7188
14.1148
7.4758
34.8477
0.2539
13.7375
21.0993
-15.6644
-26.5340
-28.8008
-27.0000
5.4789
-25.3297
16.8345
-11.4715
29.6313
35.1801
18.5820
21.3008
-0.4367
-36.8352
-9.9746
-25.3625
-13.3996
-42.5336
-12.9812
-24.9776
-35.2852
12.8844
44.7176
-3.3165
-0.7631
-45.0828
-19.9730
4.3393
1.0301
21.8891
37.1859
23.6109
-3.8862
1.9812
-6.7602
-6.2875
-31.3000
27.4008
-49.0617
-33.2031
15.5068
-7.7020
-17.2840
-28.2664
46.1832
-31.3449
-17.2316
-21.4391
1.6728
-40.5199
11.3395
0.1623
-16.2863
-22.9387
2.9425
-8.8447
-26.0049
15.2058
-44.9836
-12.6664
1.5818
-29.5809
-18.3762
-38.4828
5.1367
-17.4646
14.2219
19.9199
14.5500
-5.0699
-32.9966
31.5121
-8.3609
-16.4546
-36.4719
1.2360
-54.3773
18.7029
-27.2953
4.0177
-32.2398
-46.8457
-23.6211
27.6676
-11.4496
12.8646
19.5770
-10.8041
20.1027
36.8086
-21.2812
17.8406
-35.7679
14.8703
12.7949
-3.9973
-8.2852
-0.8922
-12.3324
-42.2219
-37.3240
12.8667
-35.1937
-45.5328
-4.9688
-28.3500
23.8246
7.0026
-29.0250
-6.0213
-34.3479
21.0176
4.9906
-7.9412
-55.4023
28.6703
31.6520
-13.3678
-15.0850
-6.8523
-13.7172
12.1492
-25.7711
-3.0229
-9.9105
12.0546
32.5797
-24.3719
-30.7723
10.1000
-6.1748
-41.3937
-47.4156
18.4055
-6.5980
-26.4070
-18.3954
25.7625
11.7711
1.3547
46.5500
-36.1555
-46.1086
-46.8359
-1.7453
-12.6766
0.9762
-3.0304
-10.6445
29.5738
-6.7164
-45.6773
-50.5078
-11.9086
-7.1429
-29.7812
-0.7131
-27.9000
0.4370
-18.2080
-7.4922
29.5449
-54.8633
22.4492
-4.2125
-8.7580
8.8113
-7.2981
30.4742
-5.8313
-1.0824
-11.8320
-26.3720
-16.4664
36.6732
-31.5600
-18.2332
-4.4814
-10.0226
-57.7543
4.1379
-28.0820
-12.2273
-9.2789
8.9297
-5.8039
10.6414
16.9789
-16.9217
29.2509
-4.5918
-11.2451
19.4691
-15.4695
-22.8641
18.6121
-8.3871
-6.9007
-38.9191
7.4211
-2.0278
-14.8609
-46.7074
48.2473
8.9139
1.6424
-46.3820
17.5558
-39.4984
-34.3414
-21.5502
-28.5656
25.0069
-18.8852
-48.9613
-20.5156
-12.2344
13.0986
-12.2971
0.3930
4.6297
-2.2734
-9.1509
-33.1281
-23.4395
-0.8082
-5.3107
7.8391
2.4042
-38.2172
-13.3484
-20.0078
49.3648
-4.6334
2.6441
-4.0160
-6.3887
-9.8996
-42.3250
2.6617
26.5914
-4.2180
-3.4934
-23.0848
-38.0312
-42.5508
-11.8202
-8.6577
-47.9484
-0.8797
-3.0425
-0.9645
-30.1334
29.9355
-16.0359
24.5430
32.5122
-59.6883
-24.1004
-16.9443
-31.1941
13.3375
22.9869
-31.9570
44.2984
36.7617
36.4375
23.8049
-46.0465
15.8254
-6.8688
-25.3273
-43.7484
2.6122
-12.1086
-11.1320
28.0047
-14.2125
9.6340
-47.1719
45.9991
-48.6488
-2.0561
3.7271
-5.9713
20.0207
-7.8475
-23.4937
-4.5871
-20.9571
-9.1820
17.5539
-5.5508
0.1555
-30.6437
-17.6574
8.6368
-33.0938
-25.7859
-14.7945
11.2344
-18.9098
-9.1172
21.8792
-11.7664
-23.8066
17.7733
-29.4268
-13.2246
11.4469
14.2613
-5.8066
26.1266
-7.8617
-10.8676
-34.4180
-58.8000
22.3820
-54.8422
37.7711
-16.0180
-5.2281
35.3109
29.1938
20.2695
-24.0623
0.8475
-58.0359
27.2777
-14.8422
11.5707
-8.0621
-12.7238
-15.2631
5.6306
-21.8277
-9.0945
22.1656
-34.8676
-24.2055
-40.2570
47.7211
-8.1525
-11.9312
-48.1855
-7.4613
-10.5611
53.7398
-11.7397
25.9625
39.3844
33.1836
35.1980
-12.3500
-3.3453
-18.4848
0.1977
-8.4002
-22.1591
19.4367
16.8086
-3.9758
-10.3114
-17.9141
-9.3508
1.0566
12.6777
-3.8117
-3.5273
44.3332
-27.6301
2.1477
-49.4250
13.0908
-33.1813
29.8466
-48.3156
-30.2756
-44.6373
16.0655
7.7064
2.4776
-19.7439
26.3961
-0.4473
-3.9383
37.7852
-6.5982
-5.6484
29.9406
-0.9406
-7.3547
5.1215
12.9812
29.3461
32.9839
-49.4617
-4.7842
-15.6367
14.9773
-12.1789
-4.3660
2.4480
-5.0018
-21.0201
-14.4586
22.5125
9.7363
-9.6117
-20.1992
-18.9254
-46.8570
-56.1117
-1.0562
-5.1680
-42.9262
-28.2570
-21.5953
10.0688
-41.6102
-34.1271
8.0570
-35.0701
19.2484
31.7641
30.9570
27.7062
-41.1016
-58.9613
32.9813
8.0023
-46.3328
-38.8352
-31.1437
-17.8230
4.4215
-5.1112
34.3195
37.9154
16.0434
3.4619
-12.3477
-10.5728
-32.9289
-12.0700
-9.6027
-9.9227
-11.3617
-6.7480
13.0402
-14.3941
4.1457
39.1641
43.0395
-13.0605
-23.2527
-25.9840
0.9187
-3.1426
-15.9090
17.7461
-9.1152
0.6222
-3.2173
35.5930
28.9887
17.2598
-12.3969
19.5039
-10.3273
-0.1320
10.7344
-5.8752
6.8809
-1.5668
15.3406
-4.3798
-41.0770
11.9865
-19.2951
-17.9578
-34.3547
-32.3117
-35.5336
25.7039
-19.0668
-1.7039
6.5125
53.3719
44.2328
15.4906
38.9699
6.7254
-33.8289
13.0269
-39.0137
27.8221
-0.7542
-37.8953
-19.3148
23.8949
-11.8653
-40.4082
-6.7168
-31.9226
34.4648
-20.8719
-33.6797
31.7209
-2.2180
-12.9855
-2.4219
-32.0648
-50.2857
7.2256
45.4000
9.9141
36.1383
22.7504
-3.7629
-3.9588
-8.7340
-38.5807
-8.3846
12.6852
23.9758
16.0211
43.4605
10.6528
5.2070
-16.0496
-7.1984
-33.8805
-19.8284
39.2445
-56.6609
8.3873
20.0724
-1.9621
13.3586
27.1943
-36.9492
-29.9164
25.4359
-20.6026
26.5824
-7.8434
15.5285
-37.6640
-43.2203
-4.2510
-18.1367
-57.0383
-50.0109
2.9098
-40.4543
-16.6654
-36.6751
-34.1523
-45.0891
-21.9430
26.5930
-2.4994
-39.1354
-10.5135
5.3680
-10.5479
33.8797
34.4379
21.7332
-0.3490
-4.8061
-15.2258
7.6445
-28.9758
2.0354
-5.0180
7.1102
5.0035
-10.6484
26.9961
7.6289
-3.7070
-11.0695
8.8762
-8.8727
23.6410
-55.4516
40.6570
16.7160
-13.5098
18.9422
8.8723
-2.2266
-17.3472
-20.4488
-16.9496
-16.5580
-47.1344
7.9473
16.2584
-52.9028
-16.3297
-3.3672
3.7167
-10.7891
-32.9828
-27.8230
13.5891
19.4339
-33.0969
23.9617
10.7949
18.6447
-39.6305
-44.6172
-8.1914
49.1781
13.3148
31.8875
-5.8195
1.8738
-17.2938
-10.5023
-2.1570
35.2148
46.8730
-45.7375
-28.5922
14.4563
42.4430
21.6852
-0.7514
-25.7504
44.7182
-57.9629
22.7332
13.0989
-40.2054
-15.1187
26.1469
-55.5328
-37.6277
-12.9559
-11.1152
-12.1867
-43.7754
7.6119
-45.9384
27.3258
24.3275
-22.5645
23.5791
23.6680
-13.9780
7.3781
-21.0578
-42.5059
16.8297
55.1391
29.1633
-42.9732
-4.6203
-58.3355
27.6111
-18.2867
-8.0289
-40.6633
-9.8797
-49.1266
17.7426
-5.6392
-40.3438
-18.2246
-29.7005
21.3438
-23.0766
1.6383
-6.5074
11.7516
-13.9695
-30.8184
-8.1199
11.9801
-24.0484
-33.7940
3.6156
-26.6451
6.8973
-4.0246
-13.0633
-26.1533
20.8987
-50.1633
-54.9766
-46.0141
6.7215
-13.4353
-19.9693
14.0323
-2.4297
-8.8125
-31.2898
-31.7590
5.0578
-16.2695
-29.9695
25.0207
19.2115
-23.6980
-17.2094
-30.4207
28.2328
-21.5023
-32.4035
-1.0711
-7.7930
2.2739
-21.6697
10.1471
19.1781
-1.3035
-5.8318
-11.2510
-29.7961
29.4023
-0.6654
27.8531
-17.2219
-3.8696
-32.8469
-14.6523
38.3555
-19.7201
-38.4352
-0.2595
-8.7254
-29.2578
-51.8551
15.9555
-5.9902
-26.4000
13.0211
-7.7009
-14.8223
-30.6637
21.6352
45.8604
18.9535
23.4613
0.4243
-13.3785
15.0223
-7.6250
-20.1617
20.0505
-7.8189
11.8476
-45.7133
0.5126
-21.8402
-24.5805
-40.4266
-33.5180
-0.8081
-43.4328
-21.0438
5.7471
-4.5839
-38.1937
-6.0086
56.4484
27.9273
2.6531
-10.7359
30.8309
9.6021
-6.8242
-9.3765
-35.2602
50.3276
-35.4836
-25.3047
0.3695
-4.6016
3.5664
-5.7129
-5.1461
-5.0488
2.8012
-15.9172
-18.8453
43.9149
-13.4679
3.8057
-24.1770
-20.3727
-51.5656
41.6312
39.5703
-6.0484
-34.0371
-13.2414
42.6934
-39.8578
-9.2094
20.0250
16.1730
-29.3449
13.9676
-7.7438
-42.1699
10.1836
-14.0059
7.8352
-28.0805
-27.1742
48.2781
27.3345
-38.0109
23.1867
36.9359
3.2425
11.3502
-29.2277
50.9945
40.0516
-4.5344
-34.9235
33.0531
10.3653
-44.2184
7.6273
34.3295
6.5732
-59.8799
29.0336
-9.7398
-20.9020
-10.9293
18.3566
26.8227
-51.1055
36.0438
26.8840
41.2682
13.3349
-40.4188
15.0734
6.6918
22.1626
-46.6422
4.1434
-24.2820
37.4826
-14.4047
-49.4453
-35.2133
-24.3715
-3.0304
-17.0289
-18.8121
-44.8008
2.9472
-44.3086
36.2864
-54.2850
-7.0654
-3.2047
-27.2863
30.8680
28.0816
-5.8545
6.9730
5.6178
-0.2074
6.8546
14.4652
-13.9625
-43.3984
3.0417
-58.5547
-26.6570
8.9309
-14.4818
-13.7791
-25.4242
-7.5445
3.3477
-5.2868
25.1539
15.0082
-6.6370
12.1789
18.7188
14.2637
-4.3127
4.1102
-5.0289
20.4457
-38.9891
8.6117
-19.7484
-6.9475
4.7297
-35.9720
-2.0242
-47.3977
-9.8047
-39.9062
12.2391
14.0009
1.2724
-48.0594
-6.3102
-41.4398
8.5469
3.1778
-22.0738
14.1133
7.6398
-15.4700
34.4926
-25.5895
-11.5512
30.9695
-27.8257
39.7180
1.9960
-37.7469
6.5133
3.9976
-6.8547
39.0844
-14.1432
38.5906
-17.0320
-14.2131
-15.6562
-56.6937
-10.8586
16.9344
29.6832
0.6223
46.5773
35.5965
-24.5684
-22.9122
-22.3031
18.2195
35.5453
41.0734
35.5773
-21.4043
4.8898
8.5309
-7.0404
-6.3231
-12.2378
-29.8705
0.2338
-48.4836
-26.3023
-12.2348
-21.4617
-14.2973
-36.2137
44.5055
24.0703
38.9918
-7.6628
6.7775
-7.6281
-39.4799
-21.2492
40.4344
-27.9492
-28.6391
-0.6965
-14.1115
-17.9762
24.8883
15.7066
-13.8617
-25.7672
40.3230
-0.7094
42.0977
-22.2617
2.6176
-38.1660
31.2305
34.6617
-19.8665
-9.0813
-24.2410
34.3645
-11.9691
-26.3203
-22.9375
35.5863
-13.2789
-5.6320
26.4363
-61.3961
-4.5180
-24.7547
-9.8961
-24.4727
-22.0160
-2.1887
5.9432
-51.5414
8.7323
-14.5398
-36.5781
24.0430
44.3844
15.3102
47.3977
33.6250
0.2043
-27.1328
-23.8709
-24.6359
21.8963
-51.3854
43.2797
-5.3793
55.2238
-21.6789
-48.0812
-34.8947
-8.1623
-29.5328
35.4875
31.1602
-17.2260
3.6256
-3.6377
1.9678
-14.2719
32.5938
34.6312
3.2910
-45.9109
-26.7799
-29.4930
7.6484
31.4453
-33.8016
-21.5289
9.3258
-2.4336
-8.7902
4.2164
18.8439
-50.4453
12.3318
-52.9383
-40.2109
-5.0367
-42.6488
-19.5498
0.4766
23.4477
-21.2594
-6.9096
4.9557
0.0707
39.4961
28.6949
-23.6367
14.5395
-37.4289
-3.6263
-22.6768
-31.9430
-23.2305
0.7611
-40.7852
35.0918
-4.5551
7.0746
-0.4945
0.6983
-50.0256
8.3277
2.7523
43.6070
-1.3953
-37.3672
-44.2367
-0.1424
-48.7469
-0.5249
13.5789
3.4062
-3.2434
-12.7199
4.8633
7.0840
-24.6004
0.1750
16.6523
31.9949
-3.4195
25.4781
-10.8968
-6.1302
24.6508
-1.6081
7.6391
31.6773
5.8775
27.3367
-13.0398
3.8492
0.5801
-41.0572
7.7148
-27.4414
-49.8609
32.2105
28.3563
33.4693
0.1432
-49.0758
21.2965
33.9336
37.1965
-3.3271
-16.1510
23.0337
-35.8465
31.2266
-7.9380
-30.8869
-15.0324
-22.6156
-35.4268
35.2234
2.8070
29.4523
43.0836
33.6832
-38.6047
-11.9457
-15.4004
-0.0275
-8.5055
-50.5758
-13.6203
-41.6885
-15.0645
-15.8141
-31.0230
-7.0312
-27.6789
-31.3199
0.3387
-56.3977
-6.7223
-24.8977
-9.2359
-11.1031
-2.6266
36.1188
46.4539
30.6461
-48.2305
-31.7984
-15.5225
-40.4523
-53.8414
19.3359
48.4982
-9.2258
30.8852
48.3414
9.7027
-44.8295
49.3531
45.6047
36.0117
47.4547
25.5582
-26.2564
7.7023
-33.4096
35.8988
-22.0631
48.6972
-44.0883
46.5234
-3.6867
11.1966
1.6789
25.6320
21.7102
-9.3805
-49.0891
2.5984
39.0400
-47.8629
47.1564
-12.5215
-46.4688
43.3995
-16.9193
2.2494
-45.4484
-13.9690
-11.8676
-6.7414
17.5852
-48.4352
41.1683
-32.2514
-48.9582
-6.3812
-47.1711
-11.3039
-2.9396
-18.0102
-20.9035
-22.4793
-14.5023
-18.4022
-43.6629
25.1313
-9.4618
-52.8445
-0.9231
-8.5781
29.8672
39.3195
28.5187
-13.5598
11.8215
-28.7391
-9.2953
-3.8832
-0.2746
-38.0801
30.4582
-6.6820
-19.0703
39.1957
-20.1797
15.2484
-23.7707
12.7814
-6.5613
-41.9039
-48.3303
-17.7617
-5.5621
-19.9891
-20.8082
3.5977
2.3789
-4.0818
27.4969
21.7609
42.6648
50.0789
32.8465
-15.8656
-37.1293
52.2367
12.5180
30.2809
-41.7858
-16.6227
-3.4477
-8.8703
-1.5827
-42.1359
30.1391
-15.1822
-23.7066
-3.4914
-25.2023
-42.3488
-3.2085
-17.9125
-10.6223
12.9859
-5.9788
-5.4526
-52.8555
-26.1844
4.0961
0.2123
-5.2660
1.2152
-34.8875
19.8328
-65.7172
15.4402
3.4809
-12.0984
-20.1164
41.0484
-8.1562
-37.7579
41.8398
29.8594
-1.6742
34.4164
22.1924
-46.1863
32.1609
-0.8246
-15.8531
-3.7441
-28.3250
-54.5898
21.9238
6.2896
-60.4727
7.8274
-29.2879
-5.6977
46.3953
39.1324
-46.4898
-11.8815
-19.6424
-18.9525
-13.1289
-52.8426
0.8543
4.9219
3.9668
-4.9814
-1.5020
27.8305
38.1656
28.5270
-48.0152
40.9023
46.6152
-9.4703
34.5242
10.1207
0.7054
-31.9383
-0.9757
-13.5781
1.3387
-52.8391
-18.6676
-52.6648
27.6406
6.1965
31.4937
-13.1893
-42.7672
6.1212
-35.3336
6.6413
18.8683
-15.4719
-6.2555
-29.8111
52.4039
3.7622
0.4346
-3.4877
22.5715
-13.1317
-57.9148
-60.1805
2.6453
29.8932
-26.5070
-16.3223
-7.4623
-38.3156
17.6754
-10.8359
-23.1902
-12.3125
-32.0797
-15.5370
22.8099
-20.3473
21.8578
31.8205
15.8992
40.6570
27.2766
-14.9117
-7.1875
-7.7660
-3.4262
-34.8859
0.4669
60.5645
-1.6272
-2.3824
-40.5273
-8.6293
22.3422
20.0789
0.8711
28.1738
-16.2793
37.1562
0.0251
-2.0116
-54.8985
-22.9109
-49.7195
-35.6295
-10.1008
6.2708
32.4643
8.3617
7.3770
-2.0602
-24.9473
0.9477
23.2309
-48.5279
9.8828
-17.4637
-31.0109
-38.1172
-10.9617
-13.7855
5.8475
8.8914
-0.1375
-52.6613
12.7335
-56.9016
14.9845
-20.3139
44.6957
-16.0736
29.4172
51.0367
29.3195
13.0161
-57.2055
2.4895
-45.1422
-38.4980
-25.5328
-27.8994
-28.3859
-42.6391
0.5250
5.5154
-2.8443
-56.1844
-12.6565
-13.9086
-4.6793
-10.3742
-0.7140
-58.6359
-8.0055
-14.3741
-46.3581
-21.6055
-29.3529
36.5320
-0.2943
-47.9047
-35.8734
8.2605
-10.9141
45.3180
38.3539
-40.2551
-2.2039
-57.6719
-11.7277
-48.8047
-6.5273
-16.6090
-39.2238
14.9961
15.2055
2.7102
45.2086
-20.3273
-31.4844
53.4367
-6.8480
-32.7984
31.2922
25.6328
38.3547
-18.8691
-2.7309
45.4641
-4.2035
-8.6471
-49.1680
1.9105
12.5977
-48.9047
-47.9450
18.8765
-16.1804
-20.2746
-13.0559
-14.9475
-15.0016
-2.3352
-10.8038
2.1033
12.5285
-38.9051
3.4404
-13.0581
50.0571
-48.3141
9.8848
23.0463
-19.1926
8.0291
8.5594
-1.4641
-46.9383
-23.9695
-16.1912
15.2430
-17.0637
41.9344
-9.9402
1.7617
46.0258
6.6035
-4.6705
-13.8117
-1.4570
14.0098
-60.1828
22.2984
28.8164
50.1653
13.4703
7.4588
10.4203
54.2125
16.7273
-0.7633
2.7082
-44.3656
-7.5301
30.7154
-45.8805
-6.9301
2.6305
-46.7094
20.6629
7.2124
-4.6754
41.8305
53.3047
-35.6805
-2.3955
-34.7180
-19.0559
48.6770
13.9211
-31.6719
-9.4336
-52.8164
-11.3898
-12.7141
-19.0799
40.7758
14.9383
-46.9254
55.0703
-19.9956
-11.4294
-6.9580
-16.4109
-36.7246
35.3164
34.9430
42.9586
35.5687
33.7633
25.0929
2.9828
-23.2846
6.1863
-38.8602
41.7977
45.5297
36.0371
5.2625
46.3797
31.6492
41.7109
43.4602
12.1195
54.0664
-14.4234
-12.9176
-2.6526
-44.9243
-25.4562
-43.9547
43.2758
46.4858
24.8648
47.7492
32.5391
45.2414
-40.3656
7.9922
-20.6105
-17.1781
2.2617
-1.0145
-11.7488
54.7945
29.2457
-50.1567
30.8477
37.7422
54.3977
42.2852
63.2227
-12.9352
40.1867
20.8797
39.8286
-28.5906
6.8953
-26.6320
33.6914
56.3352
45.3875
-58.1086
-3.9276
-19.6414
-11.1523
34.7887
-15.8544
-28.9930
-15.6797
49.9828
50.7188
-1.5158
-38.7150
51.2016
35.3680
24.5688
33.4941
-20.6918
24.8914
-3.3027
-51.1078
-51.4922
12.1195
20.2531
-12.9539
4.1016
-15.4984
46.9188
27.7219
44.5563
-2.5160
13.9367
51.3320
26.8516
2.0626
27.0812
-27.1016
6.6211
-45.1891
-54.7508
-37.3281
-57.8684
-15.5164
26.4922
-30.6047
9.2281
31.9667
-50.0062
-48.1516
-18.3469
20.1879
35.1391
20.0346
-1.8992
27.3186
-37.8107
-14.1492
36.3391
39.5859
49.6148
31.7594
-2.4512
9.6473
-17.2755
-13.7234
-13.9722
-12.8289
8.8805
-25.4720
-9.2969
-12.7430
27.3836
-11.9802
-24.8422
-22.8883
1.8238
-38.4936
0.9020
43.0430
-23.2852
25.7808
-45.4469
42.6742
28.9664
-16.0754
-38.2875
-0.1695
43.3540
17.8051
17.5037
-24.2766
58.0438
16.7523
-54.4750
2.3977
30.6250
14.2758
49.5043
51.5391
30.3828
52.8239
-34.8479
7.7928
-47.7109
4.4335
-51.8852
-23.8525
4.1805
34.8586
11.9117
28.2906
59.6750
47.5781
28.7469
15.7551
-15.5090
52.0453
31.8227
-9.1273
-43.4461
-12.7445
32.0305
-17.2641
13.4951
-44.3445
-13.2799
-52.3570
-13.0410
23.7454
-0.3664
17.5621
35.2406
-6.3023
-41.4060
22.4029
-42.6074
57.6541
-46.9033
29.0672
37.5109
32.3012
-20.8973
-1.7946
-45.8758
-58.3477
41.9125
13.9928
33.5672
3.1068
-18.3156
64.3930
-8.9727
0.9019
-9.9289
-23.3355
9.1469
-0.8281
-12.2336
-50.5195
46.2359
29.1555
19.3789
39.4867
-33.1336
-15.5531
2.3613
-14.5000
-6.5508
-47.4561
-7.0838
2.9475
-0.4723
-42.0794
-51.3594
-40.3535
-6.4103
8.4916
26.6012
22.9617
-25.9328
-6.6307
1.0254
-15.5885
23.3846
-17.8867
-37.0516
46.6559
19.8770
-34.2289
-42.9805
-43.2133
23.8288
6.2684
-26.5984
12.6307
36.4258
0.9758
37.3866
-54.6008
2.8021
38.4223
-6.8584
-44.8637
-0.7758
-67.3008
7.4512
13.7098
-40.2811
1.7070
20.2258
-22.4516
-53.2961
-28.5602
-4.7422
-19.7260
0.5815
-7.4090
-16.2859
-34.3715
4.2055
-26.3930
-7.7547
29.3607
-4.8638
-36.8461
-24.0469
3.3934
-15.4904
-12.8891
45.7766
45.8827
-39.6437
-38.5414
-7.2084
0.6196
21.6760
-8.2086
54.5242
53.3664
-43.3699
-18.8711
-17.5699
-27.8840
8.6922
-52.3922
-12.3848
-20.7102
-44.1694
32.3548
-51.4969
58.0268
-39.2156
-12.2809
13.5219
1.9484
4.4953
-5.8609
32.8852
-17.1695
-24.4035
-10.7883
-49.7500
-1.0836
33.4539
16.3307
24.2383
-48.6383
-7.5156
-6.5594
49.4578
27.6152
7.8293
-8.0480
-3.7230
-17.4906
32.8937
20.6004
31.9242
52.7422
-43.8297
-11.9883
-33.2607
-14.9086
-56.6133
26.0688
2.5750
45.6070
31.5859
30.7805
45.2834
9.0027
-11.8197
3.5062
17.7563
-30.8227
-43.0117
13.8320
45.0617
26.3992
0.4031
57.3000
50.4297
-38.0840
42.9055
1.9164
-7.4393
-10.3980
-12.5641
-10.7594
-43.6953
-9.0238
-21.9738
-12.5133
39.8496
-1.4238
-8.9594
3.3148
9.8414
-10.3066
3.2899
-52.6914
-22.2758
-40.7664
55.0461
-22.9029
-49.8563
10.6158
-16.9766
-50.0859
30.1238
-61.9129
55.3086
42.2828
32.1609
45.4758
20.7654
-27.0328
38.9031
45.1660
9.3359
30.7247
-45.4715
59.5484
-17.5893
27.7160
7.3373
-39.8617
8.6547
-1.0728
-0.4391
5.2199
-11.0594
-7.5488
4.9225
-1.6102
32.6531
37.8094
38.3359
3.9115
-1.8058
-43.5940
55.4662
11.8890
-37.3496
42.2188
28.9891
48.4570
54.6125
-26.4203
-39.1873
60.0074
-62.6977
33.7508
46.2313
4.2969
-49.1398
17.1391
-24.5281
-20.7207
-0.5430
-54.0781
54.7124
-32.3362
-13.0397
33.6422
29.0700
-57.7609
28.0531
-0.7344
22.0453
6.5227
44.9314
-3.9260
-7.2765
-9.8195
-7.0773
-42.6801
2.3973
39.6539
58.1312
-6.4812
-19.1059
-6.0891
10.9705
-24.4203
38.4148
23.4742
6.5041
-29.0973
15.5711
-8.8197
-5.1453
24.0668
-34.9234
-27.2195
41.4977
31.3824
1.5621
-1.9200
0.4740
-1.8390
-52.6031
-2.5816
-11.8309
-6.9365
-39.9867
11.4937
-16.5680
36.6820
-17.8717
24.3656
57.7023
12.7534
-54.5656
38.7219
56.3937
51.3664
51.6305
46.3742
58.0461
43.8832
21.1313
3.7617
34.2520
-19.8574
-36.6891
45.7363
-17.0320
41.9797
47.5610
-53.0516
30.4680
0.6398
-46.9646
29.6281
51.0336
7.6281
-26.7811
45.8039
22.6054
-57.1266
-3.5531
-45.4742
-33.2422
-48.4984
3.7869
10.8545
9.3028
-42.5469
37.3408
-5.5398
-24.8098
2.5187
4.0400
33.7630
-35.3641
-50.9016
-15.0844
-16.0305
17.7578
3.0275
-32.2238
-16.9842
-16.3488
34.1430
8.2430
51.5563
40.0984
49.3906
0.4930
0.5670
-36.7516
-44.5406
45.1481
13.3633
31.9590
-0.5297
-13.8763
36.1531
21.9074
-18.0731
-11.8059
-36.8063
-19.3912
37.6492
45.4477
14.3945
11.2152
-17.5758
27.1133
43.8645
4.6293
2.8308
-4.3324
-43.2332
-12.1289
7.5922
56.6008
27.6629
-0.8977
-21.3350
49.9391
-35.7061
-25.2094
-3.0588
-10.6022
2.1590
16.7367
6.9736
-47.5766
-7.3195
24.3781
-19.5986
20.4340
1.3672
-14.5621
-12.2941
6.7777
7.5820
23.4203
10.2539
23.1055
36.3908
-30.0531
-54.7789
-47.3508
1.4227
-19.6302
55.9977
27.8766
40.0789
51.0586
46.9297
44.1207
48.9883
47.0582
-35.8484
-51.7101
6.0930
-27.7062
3.4380
-54.8180
-11.6475
-24.4344
44.2871
0.1574
7.5734
-47.8250
-9.1648
-42.7828
38.4422
53.2496
60.0117
59.3406
51.5219
32.9828
17.9383
0.6703
24.2484
10.2635
-4.8703
-53.3484
-18.4039
33.9445
27.0271
-39.4071
52.7406
-12.9062
29.7992
19.6574
-26.7793
-13.6289
-1.7764
18.0344
-36.4555
-4.2260
-31.1414
-21.5078
32.8254
-7.4759
49.2078
27.9430
54.4469
50.8703
3.2942
-27.4508
11.7988
2.0102
45.8406
7.2082
-42.9211
32.0539
32.4961
7.6906
24.7273
-4.1807
32.0277
-27.0812
4.3180
-5.9061
19.8618
-22.9234
35.1014
8.4594
56.1727
32.3238
-44.0961
48.5772
-12.1070
-37.4184
-0.9852
-17.1977
-11.5744
14.4676
-41.9094
50.8543
-16.2008
-39.8465
51.8914
53.9539
45.9391
51.2789
44.6160
-0.4802
-43.3152
-11.3074
-48.6458
-7.2066
14.4623
28.7115
-40.9198
-1.7649
-17.0652
51.0758
58.3094
9.6695
-30.4562
-26.6758
40.9742
-29.6656
27.6944
22.0453
13.5721
-8.1422
-53.3059
-0.0932
-23.7648
35.3695
47.1937
-1.1734
20.0344
33.9398
-2.0094
52.5227
11.7910
-45.9227
20.0590
8.4043
-51.8146
50.9637
-10.0289
43.5297
20.4000
39.2734
50.5949
-18.2750
-46.6046
-14.9401
-19.6695
-2.6461
-51.7762
-5.4579
-39.5879
8.0047
3.7023
-37.7555
3.1012
51.1758
46.2375
54.7204
-59.6477
-0.2398
-27.9258
-20.8633
46.1207
52.4242
43.0586
55.3801
-49.8727
1.9809
-44.5680
41.7469
8.1401
-50.3012
4.6295
26.8762
9.7521
-49.5908
-15.1156
-34.8819
-0.3523
-39.6078
21.2311
-51.0633
-5.5617
11.4516
-48.8523
-65.2336
-39.6297
25.1785
22.1680
8.9934
-32.8879
-49.4660
-17.8520
-19.9328
-16.8328
-4.9895
-3.8996
-20.2242
42.0898
39.9242
26.3477
52.5383
24.9375
-3.2523
37.8234
48.4297
47.5406
38.4359
-14.0094
10.3859
2.8605
12.8822
4.2859
13.3555
-23.8455
4.1715
-47.2184
39.3828
-14.8250
-16.5246
-22.2371
-39.6727
5.2898
-56.5359
58.2313
58.4227
46.6242
44.8438
50.0855
-3.9305
24.7590
44.3906
50.7660
-29.1129
-43.7215
47.0695
29.2906
43.6602
7.6453
11.4279
-46.9196
-6.9437
33.0508
4.0223
-42.4381
-5.9172
-44.1387
-31.5109
16.7193
-36.2449
10.0445
47.5633
56.4734
51.7727
45.4799
-58.7391
7.2893
-41.1605
46.2800
-57.6422
-11.9305
-30.9180
12.8000
-1.6418
-20.3398
-17.1602
22.3133
4.1373
-20.7384
4.8473
20.8559
-7.8020
9.8984
-22.0266
-58.6750
5.6125
36.7164
46.3047
35.0746
33.8441
-50.3445
14.1500
-20.1902
-7.1551
-49.9313
36.7584
-24.0477
43.1191
-42.5922
18.5746
-0.5070
-9.0328
1.9176
-11.2074
-12.7180
-42.8326
50.9773
8.0980
-41.2926
60.6930
45.0770
-3.1307
2.0535
-2.7410
-44.6734
-9.7164
-16.4153
15.2627
-43.6512
2.0687
7.8190
-21.0516
-47.9688
45.9797
40.1383
41.3683
-57.2051
55.1094
-14.1453
8.2002
-26.7219
17.9008
-45.5898
-9.4699
-26.1984
-48.7859
54.9492
41.8031
43.2383
46.5789
41.4477
58.7445
30.3734
36.9520
-1.5266
-24.6313
50.3984
59.0930
44.2805
48.8078
18.6755
-11.2819
-7.7289
10.5492
5.8172
21.2687
34.1727
-10.6852
-9.1984
15.6914
-24.5477
-32.5820
-2.4729
-22.3562
7.1914
49.7727
56.5922
34.5246
0.5121
-47.1229
-0.6893
-1.9398
-6.0148
-6.8242
-2.7182
-11.1922
20.7416
-36.2906
10.1348
-32.4719
15.7660
2.8117
13.1318
11.6341
-15.9293
-13.3899
-26.4273
9.6229
-6.8699
-18.0266
-4.4211
55.6477
-8.1086
24.7672
39.6656
48.3984
50.9859
40.2889
-1.8148
-24.1309
22.6430
22.0867
-2.0365
-42.2180
50.3914
30.8660
-0.7548
53.6539
52.7229
6.3537
1.6881
-8.7617
3.7352
28.6281
46.1680
52.7617
0.5848
36.2781
-3.7680
-25.0959
38.8648
-34.2527
-45.7458
-46.6660
5.5041
-45.5391
45.8266
57.6437
-16.8775
59.1102
57.6133
51.2172
-6.2012
-28.9484
-4.6703
-28.5529
25.5359
-40.8148
-8.5281
-2.5430
49.5930
45.0266
20.3445
48.7498
30.5160
-56.8148
-1.1865
-14.9105
8.5829
7.4582
-54.8530
13.2904
-0.3668
-17.7342
7.5827
-8.7992
1.5508
-44.3386
9.8883
-9.4305
-2.6539
54.8547
20.5820
-9.4756
-12.0621
35.4348
-19.4795
-5.0332
-13.6656
0.3680
-32.0301
-0.9906
-44.0805
3.0379
-32.6098
5.8754
46.7617
13.3996
46.7859
36.7687
3.8475
-18.6162
32.8976
-57.9766
-38.9098
19.0566
-33.5711
-0.9297
50.8187
24.8669
-28.5266
0.3581
-61.6289
-54.0852
13.3765
-22.5926
-10.3113
-3.8816
-15.2297
53.7227
40.9164
6.8000
-4.9867
-32.7344
5.9812
-59.4703
-26.6992
23.4348
-15.0891
-16.2383
-5.5061
16.7242
0.4732
-31.1125
-11.3852
22.6375
-32.0297
-31.4266
-3.5301
0.8055
44.2227
18.3438
37.2855
-0.7152
-11.2586
-9.7690
20.9214
-6.5695
-2.4538
15.0281
-2.7941
17.4518
-23.6898
-15.1082
45.6098
-37.9633
-7.7047
-6.3400
-21.3406
-35.9137
-3.8227
-4.7992
-28.5227
-20.9305
15.4820
-48.3675
55.8625
-0.6743
-39.6969
-52.1516
-2.9727
-30.6219
16.3145
-42.2852
-25.3594
42.1953
44.9750
29.3742
-9.6531
6.4496
-34.4313
-2.5219
-4.9385
14.3123
-12.9816
-2.4023
1.3125
42.1352
51.9414
24.2070
36.8887
-12.3406
-1.3117
-20.9543
-11.3391
-57.1117
8.9350
-52.2094
56.9422
32.7695
61.2109
40.3477
52.2195
1.6006
-44.8582
-7.9719
-22.9953
-10.1539
-2.5234
-30.2599
21.7635
-6.8016
-8.1762
-47.9602
59.6721
-25.4418
3.7672
-52.5616
55.8336
1.8623
-22.3617
14.3404
0.2545
29.7270
-54.5529
52.2281
24.1777
50.1895
-55.5898
-57.6242
-56.4641
-0.5922
33.2891
41.9320
-11.6413
-31.6164
48.3422
41.0258
52.7031
41.1711
50.4031
55.9914
60.6207
-13.2055
24.7375
-15.3004
17.6734
-8.7379
-31.3734
51.8770
-4.2742
-6.5137
-16.2547
-1.8875
5.1326
22.8520
-43.4538
-49.4526
4.4656
-39.4541
6.7416
-58.2352
-13.3961
-7.2262
-24.6200
40.1422
-6.0869
8.4391
47.4781
-3.5023
26.4986
-4.3258
-44.1362
24.6641
-4.5668
-18.4523
-17.5914
-37.1256
-7.7859
-12.1531
42.5969
58.8164
23.1693
-4.7070
-3.6734
-37.6422
-47.8219
52.7500
61.5297
50.2687
40.2180
58.1979
-3.1176
12.1033
52.8570
8.1293
-14.8195
-13.8324
5.3461
-52.0477
36.6117
23.8602
48.0125
54.7156
46.2984
14.4812
45.6414
35.9273
41.1836
45.5109
50.1203
3.0167
54.8305
50.4383
61.9211
55.2430
53.1937
20.7906
59.6617
29.8834
-47.0930
18.2828
16.1672
50.3820
-14.7055
30.1668
2.8682
-57.3359
-4.9941
-23.5711
-39.6656
48.8684
5.8623
-6.6543
-16.1824
-10.4359
-54.3320
57.2797
55.2180
42.3668
-36.6156
-44.3336
-23.8312
-14.6764
3.0750
-12.5625
-5.8602
4.2195
-6.0457
30.2641
52.6281
10.8191
-6.8295
-24.4680
-5.4588
-7.8941
-35.1052
-38.6766
-45.4082
-10.1766
-43.1534
-15.5492
-53.2922
8.5848
9.0867
0.3844
58.3914
50.3500
43.9219
60.3270
-37.2725
55.3250
35.8758
43.3345
-43.7141
44.7723
-37.6803
-3.5547
-49.0831
29.2070
6.6191
8.4555
-37.6953
19.2191
8.4598
4.6281
52.4481
-58.7836
-6.4537
35.9090
-38.9617
43.2953
-14.8805
-18.1383
-51.1539
16.6004
7.2082
-36.1234
53.7867
39.3055
32.4938
20.1090
16.2938
4.4094
-4.4324
16.7141
-11.4336
-5.0535
-7.6367
-10.0219
45.6797
-35.8195
-6.0029
-7.6445
-15.7319
38.9414
43.7188
60.2039
56.6699
63.0555
51.2180
59.3884
-11.6067
-0.8906
-44.4008
-1.7855
-19.5102
61.8328
-54.5587
28.3399
-19.7004
46.5727
47.2609
58.2641
57.7586
-1.9414
42.9055
46.5328
37.2633
39.2633
59.2254
-45.7727
-9.7402
40.0234
45.0160
-7.8941
-53.8672
11.0793
3.2906
40.2410
-49.6797
-41.0844
41.7965
-47.9059
54.8785
-24.9836
53.7227
35.9703
13.7258
59.7148
0.8629
-4.5893
-15.8910
0.4273
5.7441
28.4867
29.8875
11.9633
6.5555
-10.2902
8.5672
-67.4437
8.1375
17.9230
-3.6730
46.5187
56.5227
60.2945
58.3563
56.9531
54.5016
46.0434
46.2070
6.1104
-48.1359
39.1397
-47.9703
28.5871
-33.6711
19.0141
-14.0445
6.6273
-41.2234
-35.3223
2.3482
-30.4109
-22.2820
-20.5146
51.1953
-1.8797
63.3480
-45.0797
3.6273
16.5490
11.7171
-33.9582
-12.1301
-46.5258
48.6871
-61.5414
-19.9575
-43.0992
-5.7102
52.4250
50.9711
56.6406
31.3992
36.9188
60.3867
-18.5227
-10.9211
37.4313
-13.7316
-41.4742
-26.5742
-14.5270
1.5914
6.8555
-9.0477
-10.8289
-49.7426
50.9961
20.2350
2.9951
6.2860
-34.2906
51.9047
39.2117
61.2934
-43.5711
3.0609
52.3516
53.7562
16.7902
-49.9281
-27.3492
7.2859
15.2250
12.5447
4.1836
-0.3857
-15.4937
-60.2484
-34.8734
54.4391
-47.8946
-6.9648
57.1074
-5.3699
-6.3178
-19.5984
-12.8156
19.8518
-8.6199
-40.5109
55.2852
-0.9234
-55.5992
13.4367
0.9363
-53.7656
-4.8158
-32.8656
24.6352
-35.1523
24.3988
50.0312
39.1859
59.2156
-1.2215
48.9273
35.4120
8.2898
-30.7215
-20.6008
16.1227
-3.3127
-24.6398
11.3484
-44.7453
22.2785
4.5122
-23.4766
-44.9430
-16.3242
1.8223
10.2770
2.0620
-23.2414
-57.0147
-35.4617
-49.3836
-4.0398
-19.6545
-29.9094
-25.9500
-20.2197
52.9947
-44.0425
61.0305
58.3961
62.0199
11.6633
54.8141
43.8656
47.2313
54.7281
29.1002
10.7611
4.1547
12.2958
-37.0148
-1.1812
47.9539
55.8266
60.7477
56.0770
10.1148
18.1297
-38.5488
-4.0953
44.0898
55.7594
-0.1633
2.8289
44.9910
-28.0941
9.5578
-14.4586
-12.3520
3.6109
-20.7125
-9.4172
10.7842
-53.3953
23.6332
0.2270
-7.4395
-7.6752
-31.0051
3.7007
-8.3234
-24.4951
-31.4691
12.6871
-47.7941
-5.3594
-3.7136
-49.7293
24.1090
49.3398
37.8875
62.3937
60.6289
53.2609
51.0781
57.7000
63.6930
42.0008
57.1918
-1.4359
-36.5145
18.2211
-51.4430
-48.6520
38.9469
-7.0523
3.5363
-67.1906
0.6418
-11.0070
-4.8979
-33.7043
56.6398
-27.3422
-12.1771
-30.4750
-46.1305
3.5195
12.7430
-6.5230
-37.0857
-37.5344
-61.2711
39.3148
60.0857
-57.3703
6.4644
-30.3607
51.0223
-53.0523
59.6477
45.0031
38.2055
47.3664
39.0594
34.5955
-36.5180
-11.5785
-22.5641
-41.9898
-7.5663
-14.3703
-49.7383
2.6344
10.2656
-38.8824
14.9399
-57.3250
-6.9812
56.9727
-8.9820
13.9279
41.4195
12.7686
32.2014
-53.8117
34.0094
6.6188
2.2535
-16.8426
-53.5461
-4.8250
-37.3727
53.9430
57.2398
-4.7344
-0.8824
-54.9156
58.4227
54.7450
-34.6594
-53.2703
-53.9527
9.6883
-47.4168
-5.7855
-48.4818
38.2181
-56.9609
4.2033
-33.0875
-14.1938
60.9141
63.9406
-6.1992
-15.7797
-13.5209
24.0051
-7.4324
56.1227
57.4930
12.2846
-12.0773
-4.6717
6.5320
-42.8613
44.4031
61.5516
-5.6297
55.4781
46.8102
3.4613
-13.9586
19.6609
-60.5016
-14.5506
-10.3633
6.7315
-23.4969
56.4922
48.4773
15.2862
-15.3594
-39.8281
-17.1562
-40.8352
-5.1367
24.0051
37.3164
9.4672
-22.4078
-15.3930
30.4023
62.3266
60.6453
-1.6859
-59.7457
30.0566
30.6293
-7.9055
43.4766
-20.8059
1.6697
-8.2434
-0.5008
52.0809
7.3094
-39.5910
15.8301
-61.9891
-7.3865
54.7289
56.5516
54.1820
33.9437
53.1125
10.6385
-5.8969
1.8016
52.7594
62.0484
8.3992
-47.6887
61.4383
58.9836
51.9164
54.4992
56.7648
40.1602
17.6359
-27.9758
8.9844
26.9984
-59.9172
-41.5219
4.1000
55.5375
56.6750
31.2492
13.1000
-43.7350
-8.7133
54.1648
53.0066
6.3320
47.5070
57.6906
54.5195
51.2695
45.8594
59.1594
60.2831
-61.4797
51.0422
47.6789
11.8041
5.2652
-10.3383
-41.1258
-13.8750
3.9367
-14.9978
35.4006
3.0789
-6.6258
-26.0996
-27.1650
19.7191
-30.2379
-14.5139
9.8086
12.0774
-60.8539
1.7859
50.3641
25.9436
-9.8609
-60.0750
-35.8851
-6.7055
-3.7090
-14.2871
9.9758
2.7609
-44.9113
42.4914
-44.2047
-13.9230
6.3375
4.6594
37.7680
52.7141
45.1570
37.5945
51.9695
60.6336
41.1102
-32.6016
15.2063
-16.8928
-26.2773
52.4875
59.5656
62.3797
57.8930
-10.3980
-10.5934
56.1281
8.1016
2.3781
35.1750
60.8883
57.7750
60.1562
54.4719
60.5867
63.4430
57.4078
54.0746
-39.7344
-9.9533
36.2031
-10.5424
28.6508
30.0562
42.1422
33.8418
-4.1701
10.6658
6.3264
4.3074
17.9359
54.1625
-14.9695
5.8109
-24.6902
-1.6293
-35.0187
17.6951
-38.9414
-25.7336
-0.6322
34.5523
56.8430
51.5336
56.9375
64.1885
-39.6617
-1.2591
-16.0682
51.5422
56.0766
-11.0312
-57.2091
50.6086
58.5031
59.2988
-30.4664
-42.7852
-15.4871
2.0320
40.0578
55.8609
30.9033
-54.4641
51.8539
44.0934
10.3594
30.2414
4.6359
5.2465
-29.3148
-6.3930
-49.3495
23.4092
-8.6702
-14.1602
52.7156
57.8258
-1.0662
-15.4336
-57.6703
52.7406
47.5363
-13.1352
-37.6823
16.1504
10.2229
-10.2347
-0.2300
12.2656
24.0465
-8.3023
16.1879
-1.6789
8.8357
-9.0219
-2.5423
-6.1281
-47.4748
-37.9336
-7.3250
15.3359
46.4609
62.8617
50.2398
43.7789
-14.8332
-8.2846
-50.3430
56.8617
58.0305
56.9797
51.9008
55.1695
59.8977
45.8484
52.5187
45.5508
48.0578
60.2148
41.1891
-46.1297
17.2078
-0.4617
56.5906
58.4539
61.6562
42.6334
-19.3031
56.8750
54.1875
8.2914
25.2129
-61.8750
-0.2910
-50.4313
14.7539
1.7793
9.1917
-43.4231
4.5174
-12.9289
-4.9490
55.4031
45.3375
58.6602
62.3109
49.1992
27.1875
-59.0086
46.5078
17.1258
1.3750
24.9070
37.9195
6.3355
-9.0344
-8.3773
-13.2719
-59.4723
-13.0031
55.0117
57.2656
45.8086
56.0570
64.8287
-51.0098
13.5914
-56.5769
13.8520
29.5477
-54.4059
42.4236
-5.3719
6.2054
44.5203
54.5297
45.5016
-15.6031
-45.0461
9.3941
22.9055
-20.7656
49.5055
-2.4961
-29.4406
55.4867
16.6250
-0.7904
3.7391
56.7648
61.2969
47.2617
57.7664
52.7250
45.9969
6.9322
59.8859
49.2188
63.7109
58.6977
31.5250
50.9328
27.7844
-19.7742
-7.8348
-59.9447
11.0313
-32.1324
52.8250
14.3270
11.6134
8.3566
-6.6570
25.6141
-61.9734
6.6055
-8.4516
-65.7781
-49.8781
50.9547
58.3328
44.2922
43.7531
58.5500
58.1262
-18.8229
-16.4074
-15.1021
-47.0344
-17.3445
-8.5422
45.7102
27.5727
62.1180
58.1703
60.8859
35.2172
54.5711
47.7930
50.8977
62.0969
62.6562
59.9820
54.1094
47.9266
-9.4563
64.1109
57.0312
53.4539
54.8680
60.6085
-46.1469
-10.1016
-18.7594
-48.0146
-27.6760
2.0721
-26.7152
-6.2418
-14.8393
-14.8234
17.5156
57.1043
26.0586
49.5398
52.6047
58.1125
56.5172
59.9961
59.8961
43.8969
-12.4141
-58.3344
-20.9430
-1.0953
-2.9328
-6.5047
4.7570
33.1031
43.9914
9.1156
19.1932
10.8990
-3.2918
-3.1883
46.7961
57.0086
45.2914
-10.4994
3.8361
-24.1129
-38.9352
-7.6508
-1.0816
-11.4590
14.9253
-8.4719
57.6930
60.0062
52.9813
52.3242
52.2938
58.6547
-21.8336
62.7230
-4.1837
26.0754
4.9345
-47.2602
-33.3391
-9.3672
55.3273
57.1375
49.1781
36.9156
57.2414
54.5727
29.3678
-1.1500
42.7188
-12.4710
-23.9925
57.6385
-65.4437
3.0871
-62.3586
-47.5449
54.6781
50.3391
46.3936
4.1371
-39.3430
-43.2141
-39.1852
-9.8203
-51.3766
-2.1813
13.6375
53.3906
55.6883
56.6312
59.1645
-37.6928
6.1815
12.0029
-43.7570
14.4111
-9.0309
-10.8508
9.2201
-64.7531
-4.2516
-12.6023
3.1828
-19.5242
49.1266
31.5523
29.5676
11.9758
40.2316
-27.2391
54.9234
45.9078
50.3688
54.0594
57.1617
61.4102
52.0578
55.3023
53.9555
49.5691
-20.6949
-8.6410
-40.7100
47.9953
59.5391
32.4898
60.5852
54.7547
60.1063
39.3457
-13.9602
-24.8367
-7.8938
37.4531
31.0643
5.5518
12.2516
23.8687
54.2078
32.6551
26.9012
-22.7727
-57.3289
30.2250
-24.3928
7.8793
-58.0309
13.9352
28.9937
-6.6273
59.1594
50.2195
1.3988
2.0500
50.3754
-13.7320
0.5973
-49.7328
-20.2328
38.2881
-28.2393
1.7537
-7.0918
1.7508
-3.5533
33.8656
-7.2430
3.2725
15.8648
15.6161
-21.2172
-55.9000
-1.2594
-55.8754
19.2051
2.0525
-54.5703
-32.6070
4.5377
-25.1625
-13.1570
53.3648
54.7051
29.5085
-52.4715
58.7023
28.4451
-18.1732
8.4246
10.9910
-2.6758
-48.7281
30.1613
-30.4848
0.4957
1.6318
5.1898
64.0781
48.8703
55.7250
56.5711
52.3258
-11.2109
-0.6008
8.1180
-42.9086
6.1797
4.1866
-12.3367
53.2289
59.7320
-0.7633
-7.5469
-8.9898
29.6777
-1.8328
-13.5574
-0.7328
57.2590
-2.3520
17.0532
-17.6604
56.2836
56.7781
-7.7152
59.2328
49.1484
53.2625
60.8422
55.0477
59.2125
62.9832
0.0938
59.3195
56.5852
34.7281
48.3289
52.6437
4.6747
5.5183
-14.2725
48.2203
63.3219
50.2055
66.5232
-57.0242
56.3430
-58.4734
57.1367
62.8250
57.2422
60.5945
55.3047
63.0844
61.0500
57.0289
60.7008
55.3211
61.6930
-7.2672
-9.9359
51.7570
51.0203
37.4586
-13.7461
14.3438
3.3854
1.9801
-11.8057
-15.9961
0.5602
19.2340
-12.3633
-33.1875
1.8457
36.1094
53.4562
48.4336
47.2242
59.7281
-1.6976
-7.7109
23.5730
32.9313
-46.2771
-3.0869
11.2273
-38.5430
56.9898
50.5336
60.2250
56.1757
41.2273
60.7422
52.4852
30.6781
61.5307
32.4895
1.8961
17.4770
7.2037
13.0957
-4.6823
-25.0730
4.9834
7.8480
-20.1961
50.2297
61.1930
61.4109
67.0543
25.6805
-3.1465
-10.3875
2.5828
58.2539
52.7500
52.8195
-7.1111
25.0898
28.3525
-26.2207
29.9477
-47.7648
-2.8400
-33.4188
-7.9549
-14.3609
56.2977
51.0883
68.4250
-59.8457
8.9763
-11.7543
-61.7359
-18.1180
-52.6426
64.4523
56.0680
44.2141
-11.8141
3.1797
33.3836
-0.1662
33.4602
-0.6391
59.5195
50.1148
17.3281
18.2792
-39.5377
-6.3506
7.0346
11.1727
-13.2039
-25.1059
17.3598
10.7008
54.4102
21.9492
57.5625
-0.5031
-2.3672
-46.7896
-6.9461
57.0656
58.5992
57.6453
62.9008
51.4758
58.5227
54.4531
59.3484
60.0734
58.7827
-23.2002
57.1883
36.9000
60.0617
62.5117
60.8352
60.4570
58.7992
59.7195
57.9719
61.8719
46.6766
-3.8031
51.8563
-5.0617
9.8457
10.1930
-22.7750
-55.9125
-7.4925
-29.7773
26.1051
18.1984
17.0106
-54.8779
41.5918
-7.9328
-50.2664
4.0377
38.3047
59.9281
57.6641
55.5750
59.3438
57.2711
60.0094
59.0539
62.4492
60.3555
53.1914
58.2961
55.1102
59.4266
55.6047
21.3742
-31.5602
-11.1254
43.0266
52.4953
63.5539
59.0477
30.2188
4.6769
-5.6682
-47.2910
68.6334
-53.0273
53.8492
-9.7844
-23.0367
-14.3070
-44.9265
40.7422
63.9219
58.0555
50.3703
49.3109
61.6625
56.7328
55.6906
45.1219
53.9016
61.6531
56.8883
59.5797
52.0836
49.9594
62.2110
-57.8656
-14.8764
46.4328
7.5234
-10.2290
-30.2492
46.8000
24.1900
-11.5908
2.8724
-37.1057
3.7859
2.6932
37.1359
58.6859
54.0453
62.1328
62.1461
57.5687
60.4328
27.9010
-22.8926
-10.4621
12.4215
-4.6124
-21.7023
56.7953
60.8945
59.8883
64.2516
5.5252
-11.9914
0.6750
7.5578
1.4516
-59.7141
-15.5230
10.4801
-14.1193
-20.6227
8.7711
-61.0266
3.8899
-62.1883
10.5273
37.8156
60.3992
63.7258
60.1406
56.6312
56.5883
49.7672
51.4047
58.7508
12.1137
24.9609
12.9125
-59.5419
47.9859
6.7078
-26.6544
-26.6566
4.4484
-25.8234
21.3500
-8.1127
-2.8383
19.7281
65.3832
-41.2344
16.9224
-10.2109
-5.6332
-32.8727
4.5437
-0.7008
-50.7457
16.9516
0.1953
-65.2727
-6.7164
-40.7477
-18.4937
13.6504
-8.8470
29.1469
-3.6074
0.9684
7.2465
-5.3217
10.8035
2.8965
-6.2785
-33.4895
-12.4176
-1.1914
-21.2270
-8.5070
53.6281
59.1703
60.0445
58.5438
61.2797
61.3961
48.2891
59.3016
12.7481
-5.2180
-1.7914
-31.2492
14.3793
3.2020
0.2891
4.4870
-42.7246
59.9257
-49.7510
12.1512
15.5641
-19.3445
-16.6453
3.9590
-52.1883
54.2898
62.4109
9.6457
-31.6883
-13.7527
-4.1672
-10.1047
53.1836
59.0906
56.9352
14.8832
-47.9176
53.5789
52.1758
55.5406
61.2664
55.3102
60.7516
-28.8234
-58.5252
10.6523
57.8078
59.8211
54.1383
67.0836
59.0484
54.0996
63.3477
-6.4614
43.8055
-0.0859
-49.3408
6.1068
-19.6820
-5.1930
55.4719
58.4594
50.1578
59.5594
53.4609
51.8391
60.9816
-0.0184
-60.9047
54.1359
61.3859
54.8133
59.8352
59.3219
59.8125
56.4609
28.2578
4.3477
52.5516
59.9531
56.8320
63.1883
61.4398
62.5086
34.9186
-28.3484
-56.6613
32.5604
-29.4047
5.0945
5.7227
9.1789
-11.7461
-51.6789
62.3227
56.7238
56.5625
62.0914
55.2188
11.0141
-5.6368
32.5896
-43.2188
-5.6418
-37.6484
-43.0403
-24.4766
-8.3855
-2.3787
-25.2539
12.7633
0.9758
-54.4375
58.9344
-5.2461
-27.3633
-55.5044
3.6191
-36.1391
-54.3721
-8.0424
3.5570
58.6336
62.1578
47.4961
53.9586
48.8266
61.3273
59.1414
55.5906
-11.3389
6.4837
9.5512
18.6711
-0.1406
59.0422
60.2633
63.5266
58.1453
61.6031
61.8805
60.6102
60.4102
48.7320
61.7844
20.5742
62.1391
33.7148
60.3625
60.6688
59.9086
54.9844
57.5711
12.7410
-54.0883
28.4812
-42.4432
58.2984
63.4469
41.2203
-54.3230
11.7405
-2.1744
-42.8244
1.5961
62.1742
68.0791
-17.4703
-55.3219
48.6500
-1.4707
-6.7289
32.4715
4.7156
-59.8586
1.4930
55.0789
34.4817
-37.1859
-4.5234
63.6359
36.1055
49.8094
6.9041
-1.5578
-3.6621
-11.1455
-18.8105
-3.7687
-5.4187
-51.0352
-1.3648
49.1750
61.6406
54.0773
58.9414
49.5641
62.5820
50.4773
60.9742
57.3680
54.8844
55.1586
61.3453
63.4656
60.9188
62.8609
60.7266
28.1406
20.3328
40.8281
3.0359
12.2055
-7.2211
43.7781
-9.4061
-8.3840
59.2195
61.8117
59.5586
58.4289
37.7695
13.3078
-1.1437
-9.5836
35.6203
-9.6309
-51.5141
23.3039
-2.5035
-45.4760
-24.7354
56.7258
30.1812
62.7516
55.1688
62.3008
11.6328
-1.7441
59.9047
62.3352
64.3812
41.6809
26.3012
-5.2785
1.6393
-57.5023
2.8316
2.2695
15.0098
6.0904
-5.9984
7.8801
7.0219
61.2867
57.7938
59.6953
61.7586
62.5812
63.4156
36.0398
58.4797
52.3203
63.6156
60.2000
58.6688
56.6813
64.1586
54.8930
65.3719
61.3172
-20.5432
34.8535
-5.6082
2.4609
29.5121
3.1523
61.6039
-4.9570
23.3039
-36.7361
43.9867
-1.5074
-34.8172
-54.7945
17.4062
-7.1070
57.7797
55.5977
62.5727
62.2398
61.0078
61.8008
61.2461
58.8547
52.1664
57.6137
39.7094
58.3699
-19.3569
47.8680
63.1891
57.5727
60.2219
61.3969
57.9906
0.9844
-4.7766
-53.8086
59.9898
58.3914
56.1555
52.5805
56.9750
62.8875
65.0633
59.4680
57.6555
65.7234
19.4238
-54.6766
22.7398
18.2168
30.3820
-54.0742
-36.2898
18.5601
-15.1742
-47.4164
-15.4629
39.4664
-1.7297
1.5203
-26.2781
10.6953
59.5117
55.3289
18.2055
59.2609
59.1797
62.9672
38.7914
58.4766
54.8953
-6.4512
29.4848
13.7555
57.7891
60.1828
59.4156
60.1555
62.0883
58.6781
61.4914
57.6625
56.6172
46.9086
59.0750
59.8461
59.7562
57.9484
59.5742
58.1484
61.8734
58.2234
60.8531
61.7047
58.4859
58.5164
27.9734
60.6813
62.8027
24.2537
-2.8646
-8.8023
-16.0359
-60.2336
25.2113
64.5109
42.5945
56.6086
14.5242
0.8957
-1.8046
7.1867
-58.0945
-5.5871
-6.4953
-51.6088
54.8828
56.4570
61.6789
11.3492
-26.8836
20.4664
61.2359
59.9531
58.4914
-6.8695
62.8469
62.1867
63.3828
61.4328
59.6609
63.5578
59.3688
62.7328
58.7742
54.0969
63.0789
59.1258
60.6211
61.6430
68.3659
-65.0191
26.7078
54.8344
61.4945
61.7984
22.7852
61.6234
61.0445
62.3672
59.0461
59.4617
31.3563
1.9555
19.4117
-5.7910
13.5678
-28.8211
-7.7141
-52.3883
58.5027
33.4289
56.2945
54.9156
56.2313
60.2438
59.6984
59.4602
59.2352
61.3367
58.6273
54.4437
59.0211
-30.7273
59.3516
61.8617
56.9211
62.9172
65.6515
-42.4623
59.5859
64.5172
58.2750
61.5453
55.7242
64.0086
60.2297
64.5008
62.6203
64.0340
-29.7828
-28.7352
62.2695
58.7266
62.0203
61.6148
53.8891
-25.6648
-56.5656
47.7422
62.8531
62.1500
56.8602
61.8961
63.2578
59.3672
61.8914
65.5930
-50.6445
61.3070
62.4789
45.8977
61.4082
-22.7486
22.7211
42.8453
60.8008
64.3812
57.7883
55.6000
53.8750
54.9012
-10.0105
-6.9664
-38.5719
21.7965
-6.8313
-26.4328
65.4789
60.2016
65.0773
58.1766
59.8531
59.4977
61.0094
60.2891
59.3516
56.4453
-5.8539
51.1422
-13.6395
46.7234
63.2969
23.6029
-7.3070
-60.9414
-7.7508
-19.7559
6.2770
-60.7453
5.8984
62.0320
58.4844
57.7664
57.3219
51.8945
60.8695
59.3516
62.8711
62.2672
59.2117
63.7914
54.1953
60.6312
63.8555
59.6109
62.8242
62.1820
54.9344
60.2438
57.9102
59.8312
60.3375
65.4680
21.5412
-0.3598
11.1641
-21.5961
-23.7227
-9.0980
-30.0254
-7.4617
-57.8508
52.4977
60.8328
39.7750
31.0359
12.7426
9.7641
-5.3836
14.8566
39.2660
-53.4148
59.5078
59.4688
59.1242
59.3563
59.4320
61.8766
60.0523
54.7156
63.1188
64.0625
61.8766
57.9719
59.2008
59.7844
59.7117
63.4672
60.2664
57.1234
62.7969
61.9016
55.9086
61.3578
31.7547
43.8586
64.7719
-12.9000
49.5059
18.2438
-52.4887
-4.8730
-0.6819
11.7297
-68.0480
35.3188
-5.4504
-45.0828
24.4336
20.2906
18.5954
-42.5461
58.1430
59.6242
65.3625
58.0672
56.4539
60.0812
60.4805
61.4562
59.4914
60.6297
-4.6469
-54.6555
-11.7352
34.7832
-9.7617
-9.1621
-32.8461
6.1635
-29.7188
-3.8793
37.2457
7.2207
-41.1555
51.3141
63.0094
50.5500
61.2586
58.2883
57.3156
62.2820
61.3383
59.9641
57.1875
61.3539
62.8812
56.4867
63.1430
0.3871
-6.4227
60.6945
61.6473
60.4461
62.2336
58.7000
59.9547
61.9703
62.2969
44.9605
46.0266
-26.9945
-4.9879
50.1969
60.7867
64.4977
60.1477
58.5289
59.9562
59.3516
57.7516
60.3289
58.8516
60.7422
59.8266
59.3516
4.9113
-1.9070
2.5332
-11.2711
-31.9445
-24.8164
36.8066
-25.3125
-32.9043
21.5047
5.8027
20.4270
3.1359
-57.1719
7.0516
22.7436
-37.4078
15.2884
-34.4209
13.9172
-0.2852
6.5277
25.8109
-5.8312
-4.8789
-6.0211
-22.1844
13.9672
6.2289
-52.3617
62.3781
58.4734
58.3633
62.3531
57.9766
61.4344
57.2102
56.4141
61.4375
59.4266
62.1453
64.9633
61.4961
63.6289
61.3883
49.7004
-9.4141
-29.4219
-57.3500
-10.8867
-2.0121
-42.7203
8.2859
9.0914
6.0627
8.2338
-8.9086
-20.0234
-22.1211
58.5117
-6.3863
7.2234
-29.1416
62.9539
62.5594
60.0758
57.0711
1.6028
6.4094
32.5867
2.3104
6.2390
-17.7547
3.5781
14.0281
-2.9336
-37.0008
-29.0641
3.3500
-5.0678
4.3699
17.2266
-56.7445
-7.0750
-20.2103
7.0453
12.8992
20.2969
5.3960
9.3348
0.5465
-32.4906
-15.6389
31.9746
4.4548
-23.7074
35.2828
-24.3961
-39.9916
4.8719
8.9633
-41.9648
2.2592
-38.7658
57.8867
62.8055
62.2297
61.9773
61.2086
63.1672
59.1164
59.8758
58.7758
60.8758
58.5656
67.7395
-50.7297
-2.2665
7.5861
-32.8719
-16.5035
21.5305
9.9062
10.3668
15.7520
-52.2057
59.3516
58.5312
25.4473
56.4531
22.0531
1.7094
-48.3676
-17.9253
57.8070
60.1195
61.7977
62.9672
59.0594
60.8875
59.5430
64.4031
58.4820
65.2203
58.5117
51.9352
59.9953
57.0750
63.4961
60.5227
62.1125
-0.8818
9.7688
14.6266
5.6409
0.9309
0.0258
61.8297
60.3273
59.8383
52.4906
62.2320
57.0805
60.2562
65.7070
63.3078
53.6508
-49.8617
57.9734
16.7258
24.3109
10.9875
43.9375
-27.4133
-26.5488
-4.3180
-6.0266
4.2123
0.5164
58.5109
61.7250
61.6297
58.6219
58.1859
59.1164
57.9719
60.0563
56.0781
62.0266
60.2109
61.4703
62.4031
61.6367
60.9531
59.3438
61.3023
58.9102
59.5664
61.9070
60.1867
60.6141
9.3696
0.4454
-32.6082
30.5617
8.0430
59.2891
62.0625
58.3703
57.9992
61.4008
55.5438
59.8656
62.4406
59.4453
59.5164
22.6719
24.1713
15.2240
-55.4547
14.7293
-53.7617
-41.6316
31.1258
25.9082
-0.3773
5.6141
63.6000
63.0789
43.0102
34.3355
13.4594
4.8203
-44.9523
-10.6891
-33.6477
-7.2250
59.4734
59.6359
11.0154
18.8320
-19.5680
-55.9172
62.9320
60.7828
60.1437
68.0967
-19.2758
4.7254
5.9523
12.0258
16.0688
10.9156
11.1664
-11.1086
55.5328
62.2320
62.6680
63.0906
61.2750
58.6703
62.1937
59.3586
62.2570
61.9359
59.3438
59.9367
-11.5352
9.1023
16.5715
12.4343
-26.2584
-72.9963
29.3191
0.7521
-3.8344
19.0504
24.2754
-3.1199
-33.7023
-16.1098
11.2781
-10.5938
1.7812
-52.6643
11.6254
15.1361
-65.2134
23.1867
-66.3219
-62.7773
-58.9080
64.5766
63.0109
52.4133
64.6109
61.6328
58.6500
62.0109
61.3734
62.8969
59.7789
63.1703
61.4008
59.3953
61.9641
44.1648
57.5117
64.7484
43.9555
58.1602
60.2258
47.7898
1.2203
63.7500
63.5047
58.9344
2.4828
3.5448
-3.4223
60.3148
59.6813
62.8969
58.1352
57.6828
60.6484
61.6797
60.1078
59.4758
60.7266
62.0516
62.4938
51.0344
17.8479
16.5664
-33.7195
-35.7406
-67.0148
-0.6305
2.9725
-7.7111
14.9484
-27.8977
6.9754
6.6699
-13.6562
59.8617
59.3438
61.1047
62.2945
63.8609
60.5070
60.3734
60.2305
60.8805
32.6672
16.7797
2.0867
-5.1471
30.1383
21.7199
-11.5783
10.3930
7.5598
13.6180
13.9066
-61.2930
33.7117
-8.4434
-62.4047
-6.0750
11.1258
16.3766
-26.8777
-9.4625
64.8086
57.1875
57.2109
60.5297
11.3218
-48.3939
15.1806
14.0141
11.8195
-40.8344
-47.6969
12.5469
1.3580
-66.2203
9.5777
-7.1602
62.3906
67.3242
64.4062
57.7227
64.6742
58.7969
62.7984
64.1500
62.8187
62.9617
60.4344
63.7430
59.8602
55.7203
58.7031
59.1695
58.4484
57.3844
60.6344
60.1695
61.0094
62.4383
58.5117
59.4102
61.9359
-2.0828
-62.8520
-7.5512
-1.3238
-32.6633
-54.8738
19.4195
20.9781
60.7133
61.6164
54.9133
53.4109
62.1109
54.9555
61.9313
59.4914
58.4977
57.6531
62.1500
58.6055
61.8992
61.4000
62.9047
61.2242
60.0797
25.5590
57.1328
57.0711
59.3516
64.5617
63.7133
61.8859
60.7328
59.9203
58.3297
60.5242
62.2648
61.1172
61.1336
59.6711
60.4719
60.2516
57.9719
62.0992
58.5117
61.2836
58.7172
58.7367
60.4477
63.7977
56.8977
61.2828
63.8898
59.3414
-31.4742
58.3094
62.3125
60.8430
62.0203
61.6344
62.4305
60.1031
62.9734
58.3656
61.5656
62.8289
60.9047
63.7195
58.6922
62.9117
57.8875
57.0711
59.2375
62.6914
63.8703
59.8727
59.3609
60.2594
59.2539
60.7133
58.5117
61.8578
57.0812
61.9859
63.2812
62.9867
59.3641
61.0094
62.1484
61.4027
-9.2516
-17.2344
-3.7676
-28.1012
41.4844
2.7148
8.8260
-19.3164
61.4109
60.7727
39.7328
-7.1453
42.7664
59.6562
60.1195
62.8312
56.4383
64.1734
61.5195
61.5797
53.6141
62.0062
59.0133
61.2367
58.7336
60.4898
59.3516
63.7516
62.7367
61.6391
58.4953
61.1820
62.4828
58.0656
58.5563
60.5625
55.9891
59.8281
58.0836
63.1273
60.6750
57.4234
57.0711
54.9180
61.8773
61.3172
63.5102
60.3078
57.9211
57.1797
57.0328
64.7461
59.9727
63.0844
57.0711
63.8840
22.4281
58.2934
15.7883
11.6375
29.9188
13.9027
7.7118
