274.4554
212.5401
199.5142
256.9541
60.6743
79.4931
145.3116
395.0199
465.4080
340.5742
573.5886
170.3965
128.0093
156.8557
187.6315
65.7955
131.5122
463.7344
685.3403
407.5455
207.0821
57.5790
92.2221
75.1427
72.5371
183.7613
280.9106
178.7738
385.0479
204.0096
125.4456
144.1367
119.9034
73.1779
125.6520
56.8723
298.4192
486.9082
132.1862
194.6756
259.0419
191.1927
266.2776
265.1040
143.4790
82.2392
76.3126
203.2804
250.8382
207.9222
159.3843
252.6288
429.2162
122.7559
109.1747
42.4031
173.5618
439.5881
303.9918
465.8478
360.2104
168.2635
105.7812
167.5461
208.8526
222.4186
279.5119
495.5089
349.1867
549.4388
238.2073
126.2685
139.3711
118.8893
276.4063
374.0202
355.9425
188.8140
483.6486
484.9017
63.7621
296.7183
608.6728
300.9003
207.5161
379.1430
103.5598
108.0159
95.1080
396.7893
631.4906
258.9119
405.9263
169.6917
157.0531
308.0293
172.9924
354.1886
418.4947
156.4364
254.4456
399.5092
244.5892
58.2676
276.8694
647.7063
498.3848
261.2591
383.0809
66.1811
53.3372
85.9927
119.7946
89.1707
88.7853
97.8052
168.2344
140.1569
246.5867
198.0947
84.0729
138.4093
148.0288
143.6681
236.3221
502.2523
143.3957
143.8133
185.6413
179.4969
106.1542
104.1603
53.4345
34.3918
56.2937
88.5742
109.1855
84.2397
131.5672
296.7397
104.4982
229.0599
316.1781
118.5823
101.3566
307.1627
212.0112
84.9561
162.8169
281.2946
133.1168
172.5877
66.4586
121.1866
208.7958
231.1230
201.8710
188.0982
149.1358
106.1764
324.0166
360.7464
290.6769
286.1213
580.2756
441.5841
184.8032
180.9371
88.7888
115.6375
115.1886
238.6941
620.0757
344.2501
310.0612
255.9418
147.9236
150.4160
98.0874
162.8994
551.2079
615.8591
461.0373
408.0747
92.6202
174.2241
222.2398
90.2101
139.1873
230.4348
114.2267
71.2280
171.9689
274.2376
279.0975
254.1498
266.4092
55.8983
130.8099
142.5585
196.9618
511.2998
239.1644
108.4925
115.7233
125.3363
61.1865
87.2395
259.6469
321.8236
245.3774
139.6483
173.0669
121.0037
187.7358
560.7865
646.4268
109.2701
189.8455
86.5125
354.6262
560.8216
455.4583
154.9036
201.3484
205.9556
150.2463
155.1881
280.2611
480.9760
149.4047
311.7354
172.2754
250.2974
353.2791
166.8387
79.9845
96.8483
61.9006
173.5258
236.8724
485.8328
422.9029
404.4787
462.5609
73.9444
152.0539
150.5887
297.5211
506.6223
439.4826
119.8550
226.6446
188.8212
251.3608
529.3666
270.6266
264.8054
421.4237
180.1343
398.6618
66.7696
131.2529
199.2885
52.8691
72.6346
35.3432
32.0956
365.3540
588.5764
412.3250
100.3750
243.8797
220.6348
241.5751
203.0615
213.2584
197.6238
164.9424
115.6610
116.6221
151.5527
125.8420
200.2899
256.7093
199.5149
72.6616
116.9637
411.0149
454.0902
102.0914
119.6850
126.1160
91.6203
206.8376
333.0744
352.5189
288.4650
163.0120
88.8236
44.7578
22.1708
55.3810
53.8943
90.8204
90.7406
120.9907
255.3080
297.5729
127.8812
103.2224
275.7548
361.7932
375.9647
563.9508
133.9518
125.8218
173.4155
148.9848
279.8327
491.7689
471.6202
115.5637
191.0052
257.9903
282.4171
439.1951
79.8645
201.2142
364.1054
135.9579
87.2276
73.3580
97.7557
163.1839
54.3114
72.2193
49.8560
138.7462
351.5037
85.4959
365.6556
595.9219
284.8571
572.1058
162.6929
269.9156
338.2428
98.8767
101.1057
180.0284
166.0434
197.5907
345.0185
203.0362
282.3088
227.0478
233.2407
196.1513
267.7059
69.3153
125.5675
143.6245
291.6730
209.7056
330.9195
93.4818
172.1888
118.9591
196.2191
253.8313
420.4237
184.9264
106.9314
94.8021
118.3740
158.9762
118.1682
114.4558
74.9651
107.6383
202.0679
289.6619
276.7816
106.0336
529.8997
580.4183
233.6482
93.1002
258.9897
216.5396
80.1779
163.5136
44.4531
83.1843
72.8639
126.1422
205.1891
161.2600
301.3474
578.0239
180.3406
80.4316
71.5287
305.4364
432.8165
134.5830
138.7770
88.3798
329.5284
450.2064
55.5240
132.2148
228.1634
158.2613
332.1629
275.7476
85.8509
77.8265
169.5436
240.3147
103.3641
505.2701
602.4815
83.7836
204.8744
159.6274
124.0986
104.8164
68.8832
194.1041
269.7719
263.9699
154.1515
207.6940
379.4617
276.8391
241.4206
453.0627
190.8431
369.9193
240.4043
294.6152
195.4476
143.3114
186.7455
289.7538
247.6815
389.7331
210.9697
146.1932
112.6254
171.3224
396.7281
425.9324
461.9006
81.1607
88.8679
119.3752
276.7187
283.6030
527.9699
195.5146
185.8732
347.0154
166.8303
85.1838
221.3950
350.7394
509.7126
488.6124
190.6102
303.7105
237.2791
423.6921
114.6458
428.6049
537.0276
293.4197
426.0134
331.8270
450.4824
309.9754
432.6514
731.1642
569.9757
258.0119
92.7332
250.3703
451.4766
130.5519
43.6923
72.4999
59.8692
219.6338
426.2445
94.8409
132.4031
89.4596
121.3835
149.4718
133.5830
172.5408
397.7121
301.5090
157.5050
294.4826
337.9255
106.2667
170.0901
286.9792
94.2635
75.2484
107.3765
251.3654
359.6992
117.2624
129.6462
289.9805
380.6176
119.7560
338.4803
698.4206
482.0493
366.1315
227.7981
644.9261
499.4332
188.0998
344.0819
425.1502
93.3454
160.2482
461.8765
356.9562
132.6168
145.1298
117.1711
105.9287
256.1787
412.1190
304.6413
285.8126
528.1144
221.8804
350.9242
108.0108
427.7845
507.1670
110.5624
54.0017
141.4548
199.1787
194.7327
114.8316
224.2221
173.6940
259.0365
140.9078
109.4286
461.3718
478.6324
92.5256
219.6612
270.7623
196.1984
299.6570
303.1582
90.6085
223.1674
189.4770
121.2509
210.8906
398.3096
99.5067
117.1745
62.2621
61.1659
219.5653
522.5179
234.4051
107.9277
224.3312
435.9221
219.3544
178.3949
116.5733
214.4148
411.7549
87.9885
134.5871
242.2050
268.2366
69.0746
62.5744
210.4267
411.0316
438.2613
123.4574
259.8744
388.6168
92.3889
107.7082
136.8378
95.0075
106.6028
126.4120
136.1498
74.5687
108.3379
122.4466
199.2130
369.4026
355.2000
182.3137
146.5302
76.7165
117.0552
56.3164
56.2939
55.6293
185.2455
193.8024
86.2376
240.3448
401.9711
156.2725
71.8313
134.4998
234.7662
218.8080
392.5126
255.4678
123.4672
56.2607
74.0171
59.7259
233.9581
644.7750
430.7042
253.0373
422.5892
101.0332
335.9167
296.8076
720.9032
513.2210
578.6742
468.9786
85.7634
143.6481
80.0014
120.9462
195.4402
438.4921
144.3957
170.3474
270.0577
271.5657
467.2197
364.2960
343.2371
59.7132
200.4691
564.7470
600.8907
314.8827
474.8762
532.0750
608.0570
126.9007
224.0968
278.2312
307.2735
374.2976
153.6373
125.3780
66.3909
72.6167
357.2929
611.3267
260.5037
241.6615
328.2811
505.4912
101.1735
132.9298
120.3182
130.7460
228.8201
224.9023
261.7245
90.5608
131.3709
180.5928
317.7139
143.7376
339.0123
397.5529
187.2377
182.3128
301.2820
94.5329
64.1044
147.5546
211.0884
93.3840
105.0542
260.8147
739.0161
691.0196
342.1213
191.5208
251.1535
118.1633
138.5874
211.1980
107.6202
304.1832
413.9482
209.8803
107.3728
132.3745
459.4894
644.8406
317.7655
73.6561
28.0376
101.7637
159.9715
187.0039
104.2603
70.7196
46.7027
130.4998
203.5223
238.4622
83.0296
98.5135
242.9559
139.3006
464.3791
453.5548
68.8720
79.1634
182.3744
280.5061
537.7519
607.1429
271.8673
240.7983
378.8242
507.2159
124.0725
212.3448
231.2805
95.1662
160.0186
286.1388
678.2487
342.6519
178.0722
354.9884
185.5444
114.0008
487.0981
516.1747
226.6127
218.7459
70.5836
71.1558
383.6546
484.1883
248.2283
88.2768
384.7560
640.9514
344.4273
179.6625
400.7577
416.3182
170.8978
197.4464
502.2488
433.9515
194.5980
389.3155
104.7346
136.1873
198.2232
421.0068
172.8607
242.2385
163.9088
269.4815
425.3437
308.9553
332.0749
457.7300
143.3598
323.7746
168.4098
440.8886
317.8293
108.8340
56.3065
144.9711
168.1383
290.6478
104.9275
87.1274
115.3954
234.3561
145.8410
93.3208
98.1540
408.9862
517.3092
361.3522
180.6976
340.0725
73.1311
85.4209
128.5799
208.3137
417.9524
176.8733
315.7042
79.1615
208.5264
252.4015
392.4469
165.9331
237.4466
333.2864
148.7152
114.0646
274.5703
311.3984
486.3672
52.8992
92.6205
173.9792
211.0989
581.2170
394.2612
283.3444
144.9549
233.4250
252.6429
515.5977
300.5629
99.9313
121.6223
118.4656
284.2787
502.8881
104.0631
181.1292
226.0325
84.4883
322.0378
492.5959
169.2526
149.3688
401.7502
488.6569
150.3765
248.9186
113.6788
164.1776
282.1034
285.3290
195.6350
181.1546
289.8627
499.2871
169.6784
96.8222
126.5366
104.2917
220.4341
46.7156
82.9039
153.4651
235.1046
165.7299
399.1678
414.0300
471.4603
372.5880
142.3142
356.0117
499.7228
191.1465
155.2780
217.3626
79.4445
157.6614
178.8158
96.3033
129.2992
95.3128
81.8649
178.9996
322.7141
479.5003
162.3839
205.8359
482.8023
666.1784
582.1970
52.6316
261.7137
653.3944
672.0866
526.2192
148.9156
176.7977
544.5096
494.9334
225.9005
269.9893
118.7604
79.9670
86.6866
354.6139
531.6266
46.1051
77.1276
131.1720
113.4123
87.3680
85.4124
100.3832
151.1717
72.3928
185.2973
183.7868
376.5428
143.8094
48.9296
130.1793
349.7455
246.0504
158.3876
277.1511
311.5727
109.2571
178.6468
69.7221
119.1423
208.8217
141.3309
142.2498
271.2503
171.3378
64.8084
85.8642
195.5939
301.6040
215.3393
230.3597
220.3241
472.0000
580.5311
766.5042
511.3774
263.4952
115.1268
212.4627
432.1376
166.0469
174.2587
77.3518
349.5289
773.5878
608.1432
367.3929
157.6716
294.4487
592.3771
97.3907
175.9480
274.2160
113.8623
298.0287
372.1425
122.6939
334.5965
384.2902
168.0579
333.0017
93.1935
270.4697
479.3516
213.8331
100.5106
254.1693
575.5301
454.7979
123.3132
301.9269
403.5621
475.5291
520.5910
260.1130
294.0777
181.3440
180.7909
50.0153
103.1790
56.4465
105.9111
453.3605
554.3705
70.6530
149.5124
295.9285
217.2559
368.2688
423.1455
630.0534
457.7960
150.8816
433.3135
446.3071
136.0695
244.5599
226.9110
43.6423
38.8935
30.7459
41.4860
165.5487
270.4810
148.1472
118.8932
363.0193
428.4669
173.7384
204.5403
88.8805
162.4305
146.4957
73.1408
239.3436
404.9839
317.2039
353.5111
194.7994
232.3236
225.2257
72.8336
180.0160
194.0611
177.6107
253.2070
248.7008
104.1884
293.6633
746.8105
748.7918
717.2900
380.6965
146.4516
295.4935
505.1925
205.6378
201.9948
297.4115
589.2569
609.0189
159.1806
40.8253
111.6929
234.4312
515.9254
470.1040
233.9454
501.4375
452.5726
80.7311
343.6243
501.1524
67.8558
47.6160
164.9777
336.0177
444.9386
164.3826
100.8332
42.0567
237.2974
410.1565
85.8792
120.5971
46.9832
180.9813
229.0143
93.0778
51.2576
53.2323
100.2709
310.0523
445.7608
168.6341
344.2904
168.9134
378.9572
174.0185
232.0901
233.3569
566.0675
454.8391
247.6177
408.4168
212.0592
410.6969
120.4211
82.8176
103.0544
110.0759
95.7739
77.1274
73.0235
147.5937
190.9260
447.0130
500.4055
111.3148
222.2400
302.1127
453.2322
76.9873
131.6299
158.5777
180.5346
262.9438
332.1849
98.2086
160.3191
271.5573
384.8749
192.4454
387.9218
188.4800
526.8320
608.7943
84.1277
201.1488
278.1255
436.4629
179.8316
293.7970
142.5894
186.9710
239.6727
89.7289
143.1393
80.8191
323.8882
500.1965
133.2207
325.2235
510.6460
119.3941
146.4987
211.1762
210.6411
159.2622
722.5283
776.5971
602.0678
618.6288
597.3396
59.5068
47.5720
130.2395
256.7120
219.4364
311.3468
179.5923
126.3500
233.5052
161.5911
285.2529
193.2025
77.5066
166.6742
149.2947
48.0202
48.9765
114.0764
146.9177
150.1849
184.4366
205.8676
331.9386
281.0828
267.7216
112.7025
199.1327
464.3519
243.3216
235.6250
277.0080
100.5932
132.4773
209.9521
308.2461
352.2623
315.4272
530.4856
331.1668
527.0681
230.6707
139.7729
341.5274
467.6935
320.3379
205.9598
86.6868
119.8487
280.4252
425.6801
90.4704
176.6724
373.5820
201.9774
213.9320
308.3686
726.1195
558.5247
59.8453
210.2705
286.3534
90.6708
145.8198
372.2570
440.4516
511.3971
399.7465
241.8946
496.5984
825.8231
521.6984
194.9153
42.6396
131.6243
363.8719
325.8817
258.6563
228.7738
97.7447
51.2736
162.6681
341.5124
112.7008
137.0193
88.4387
285.1935
513.9188
93.5451
388.9088
524.8130
98.8872
241.3552
387.2293
43.1546
67.6882
128.2121
140.4626
99.8603
401.1178
519.2378
301.2195
179.2092
108.1173
237.0131
363.7175
157.4190
129.0309
316.7141
187.5621
244.5200
68.7373
176.0365
300.2932
50.1755
126.0177
205.3656
261.9092
577.7220
302.2970
190.1110
284.4791
569.5275
154.3663
69.1800
81.1335
62.3827
246.2461
592.3194
212.6043
311.0885
371.9206
138.8555
171.8814
111.1280
113.1340
103.6241
193.7380
129.4327
139.5437
87.9887
130.5920
137.0948
173.7147
117.5865
364.1265
485.1849
472.2948
308.5212
177.3417
326.1103
76.6514
152.9671
117.2249
211.6372
157.0168
123.9679
294.5526
496.4150
390.0396
213.3934
427.0320
108.5044
230.6482
535.4646
213.1093
230.8511
468.8881
197.3786
212.0320
425.7090
319.7126
689.7832
548.8093
205.9078
409.9515
531.2605
363.9486
637.9893
552.5271
688.7005
502.4625
144.3559
239.6321
286.1275
374.1919
235.7609
276.7312
112.1557
80.9302
122.4304
229.2632
195.0352
472.4464
229.5229
481.5332
266.4986
202.4514
460.9532
375.6051
423.5930
155.3557
151.9199
133.6880
350.4760
328.4902
96.2540
129.7731
197.6055
72.4112
99.7603
303.5609
747.3893
515.5962
41.0300
91.0240
119.2037
384.4820
496.5095
155.0111
244.4185
194.3152
262.2109
443.9189
112.4097
71.5159
83.7057
184.8573
360.7545
444.4964
452.6945
132.2003
145.2738
297.0630
172.7782
287.7600
377.1966
165.5372
104.2369
252.2634
222.7580
63.4459
90.9090
172.3401
365.6880
359.0263
97.1197
92.7965
115.2626
128.6589
108.4124
249.0249
286.5052
73.8814
194.0268
79.6192
76.6836
143.9243
111.6066
61.0236
119.2625
174.3954
395.5930
171.6562
136.8496
115.6378
131.0648
91.6053
90.2621
360.7625
766.4955
718.0173
547.7672
263.6392
134.2500
262.7804
212.0868
77.6102
247.5246
432.8856
69.6532
186.1090
204.3989
539.2906
142.3035
361.5944
488.7110
101.4878
226.9641
201.2661
50.0708
179.6398
423.5169
164.1739
429.0452
405.7592
188.6032
285.8541
280.1834
109.7203
231.4881
329.6953
89.8667
124.1294
77.4906
87.4491
205.1242
299.5500
114.9147
167.8893
207.8325
112.4144
104.7602
165.6432
224.2824
193.3765
349.4454
684.5976
670.0961
541.3662
443.9639
394.0588
605.5876
531.5784
394.9190
613.3298
199.1695
189.7864
88.7132
86.8834
362.7819
500.1252
170.0027
398.6087
323.7297
138.2013
165.2579
253.5987
504.3459
582.7683
215.9853
253.1541
448.3498
227.0516
464.9665
266.7278
141.1896
85.3271
119.6232
115.6481
101.3451
208.9205
201.1697
385.0197
261.5720
75.6314
221.7273
435.9682
558.8147
297.5794
535.1003
435.4794
267.6386
592.5434
788.9050
413.3199
132.5714
244.4859
164.9377
139.9801
242.2558
503.6560
311.6489
144.6285
157.9270
58.8082
164.6342
125.9462
84.2817
109.7970
191.3504
154.3527
181.4245
109.2709
175.9299
557.4149
599.0585
231.7962
292.3544
330.5133
633.6564
187.2621
127.8834
64.2586
111.8501
213.1959
124.9282
480.8980
478.0271
219.2099
114.5660
139.4359
52.9012
91.2380
60.1297
150.1561
333.5956
397.8903
211.0112
245.8733
378.6737
465.8473
464.5662
59.8819
80.6786
218.5922
256.3627
66.9432
96.5177
193.4958
259.9752
531.2203
443.3982
543.6493
144.6827
201.0848
322.9919
50.7519
101.8311
125.6034
189.6461
136.0502
150.5368
41.0954
46.2371
68.3252
83.5909
93.7848
234.9654
502.7069
141.7918
90.2589
218.3443
520.0276
502.3647
56.2190
94.6791
228.1855
328.9143
168.6259
258.9657
164.7717
196.9590
159.3318
363.0891
539.6208
108.9749
120.4437
134.2501
109.9167
196.5144
451.7787
127.7534
151.2952
316.6733
88.7380
194.6002
441.3608
445.6814
314.8779
521.7855
263.6127
372.0708
83.5112
197.4938
82.5066
134.9796
239.1007
422.3529
156.9657
365.3800
395.4558
317.5766
139.0404
76.2162
154.7052
136.3421
298.0825
299.7362
524.0715
140.3977
401.1043
478.0996
57.1004
70.1376
80.3449
44.2842
210.1219
302.5947
399.8361
659.7307
475.8330
441.6707
379.0411
323.6053
477.7924
53.8549
127.6041
369.8156
223.6596
114.4578
207.2529
381.6377
313.6851
146.5271
243.7624
347.8509
56.9058
188.1858
255.9538
80.5351
63.3204
76.1896
131.3028
147.7434
137.5759
257.9148
186.7053
198.1163
75.2727
75.5232
53.0241
91.3816
153.0479
300.1819
336.3467
60.0044
133.5412
177.9606
91.8733
192.6150
216.6976
132.6657
367.2467
731.0279
318.1889
178.7443
465.8271
425.4560
194.9489
294.1798
470.7110
134.3601
105.5035
72.2478
83.0506
101.8858
247.3935
632.0638
557.6988
169.1591
360.9169
329.8514
164.9178
117.2511
129.6079
252.8816
540.2660
155.3149
511.8490
630.1162
487.2967
232.1128
56.7302
156.3326
297.6017
129.3402
217.6884
420.8117
168.5055
238.6776
358.9703
82.7026
119.4757
261.5762
492.3133
714.8948
521.2174
118.8791
157.2704
188.2887
316.4828
284.9725
98.3410
108.5047
108.4371
209.8149
355.3593
332.9106
108.1585
200.0130
305.2958
122.0471
130.8174
137.8038
191.0327
77.7996
300.9772
490.5186
148.4059
318.0272
232.6310
190.4920
373.1310
585.3742
173.5561
176.1803
257.7569
415.1361
202.7723
435.3486
188.3938
213.5112
70.8283
48.0754
27.2257
35.4682
75.2163
206.7341
399.4403
453.0654
88.3061
329.8467
558.5675
78.4720
193.0945
609.0290
738.2316
591.3708
272.6139
328.8742
275.7712
512.8418
158.8723
302.6338
231.9043
500.4205
131.0933
249.5365
202.8857
145.4583
222.2236
55.7386
143.4493
114.5098
83.7946
406.0618
439.2634
129.0128
365.2298
621.4379
811.9958
552.1913
52.6800
153.5658
259.2999
271.6297
362.0117
114.5739
66.1770
121.1500
94.1210
182.9678
91.4922
175.1427
400.1396
59.3428
67.5960
116.7910
191.1775
71.9898
129.3186
120.8698
89.4394
69.6669
103.2354
153.5066
317.2740
109.4674
218.7843
407.0162
139.9894
267.6972
273.5200
347.4124
194.8772
139.9198
385.4371
392.3419
219.2453
187.0316
117.0505
385.4001
395.1588
386.8069
108.4766
325.2023
645.6091
437.7602
138.0387
81.9123
101.9674
173.4238
124.8243
276.0915
446.9321
200.3377
135.3466
88.3418
216.9222
301.3338
411.1031
198.5026
224.3287
158.9543
81.5596
84.2129
104.0285
304.1530
781.7550
595.6876
255.5998
326.8542
687.0108
613.0142
436.8271
414.0133
793.3019
623.7407
398.5443
174.5676
248.1357
628.7925
638.3896
564.0638
182.6134
266.0222
460.3922
133.5976
114.1602
123.3676
112.1337
366.6953
579.6479
133.8755
260.5194
685.0163
772.5651
620.9772
640.9050
582.0044
345.8967
367.3839
400.5522
142.6121
334.9183
487.7995
104.0677
155.3119
252.4726
138.8047
304.4167
44.4967
63.8712
148.8025
208.0403
367.6010
106.1254
75.3093
107.8626
144.8751
376.4066
486.1638
112.3437
251.9197
504.8912
211.2534
143.9039
425.8322
253.5921
39.3591
46.6758
97.3687
110.5100
463.1169
645.2421
639.6360
383.0596
206.8623
195.9496
345.3711
412.4898
410.3967
257.8914
377.4366
108.6920
88.0211
120.9351
65.0800
102.2231
155.6008
176.7167
115.6509
137.9724
199.0013
297.7020
81.2649
57.8715
72.9916
103.7494
99.0687
139.4900
350.6088
373.8920
118.4519
263.7930
533.6678
268.9977
106.9021
241.6226
113.9446
61.6929
185.7106
454.3181
162.8860
153.4622
487.4583
534.7509
300.8669
542.3530
519.4770
54.7953
75.0506
117.9704
137.2854
323.1913
710.5609
361.6050
108.9881
245.6400
403.8380
377.3509
682.9007
589.7492
497.8976
288.4998
371.5382
48.3215
124.6025
256.2389
302.9352
196.3700
133.1531
49.3374
80.9064
179.2103
186.5455
387.6905
271.6100
451.1540
234.8139
356.9824
571.3731
130.8127
111.5480
74.3027
323.4672
551.8887
171.6988
260.2272
412.2904
95.8452
113.8717
103.0227
90.5039
268.9442
401.3838
46.2107
73.3818
114.0615
276.4306
307.5653
137.0401
282.9335
172.0132
190.5016
445.7833
355.8053
163.2542
241.1165
64.3780
58.6868
149.6972
319.2805
618.0756
525.4646
91.7238
172.6446
198.9060
145.7242
84.2436
152.0765
316.3978
514.1071
540.9702
304.4125
141.0813
131.4137
102.7136
153.4247
244.5041
209.4938
204.4831
153.9395
178.4056
286.3016
542.1126
159.0633
103.4124
381.4740
490.9342
250.2250
314.9032
177.6724
250.8526
86.4153
140.8978
166.5163
107.3514
302.5811
384.7157
317.9950
346.1723
162.0270
158.4364
283.8689
122.2364
230.9373
136.4625
214.3254
400.5535
374.0509
349.8565
517.0734
235.9279
459.5964
165.0039
277.3870
144.6761
254.5280
363.0877
347.9519
161.5643
85.9900
218.4147
352.0634
236.5224
549.4226
476.7655
97.9061
81.5792
153.4285
254.9224
138.5786
375.3208
480.7579
158.5357
175.2212
281.2601
531.6100
65.3444
131.1142
284.2662
503.6781
121.4131
71.9809
91.4710
181.3615
158.9412
276.5017
244.7697
57.4570
166.0017
295.5559
89.0587
87.4386
110.3472
218.6926
87.1467
91.6303
125.3890
96.9406
156.0533
179.3652
120.1369
328.7357
268.9131
110.7895
183.2486
163.8163
309.4686
53.7946
121.0838
427.6462
298.2139
72.2689
130.8475
108.2270
166.8928
81.7314
172.8443
111.8434
112.3998
174.9606
77.5741
92.6502
82.5701
80.7523
153.0242
200.5822
157.5235
185.7539
154.9925
388.8298
471.7409
68.3005
92.0733
85.3730
310.4079
352.3988
459.6774
385.0354
521.3693
149.4536
386.9375
41.7512
114.6210
353.1042
598.2095
64.3735
160.4061
332.5655
546.8484
220.9300
221.4948
228.0190
493.9689
295.4213
120.2956
196.2872
368.4860
512.2177
71.1023
331.3128
630.7863
261.1569
325.2261
425.8270
217.9220
436.3414
190.2732
444.4392
161.1257
132.1093
336.2276
207.4921
392.1517
617.9905
164.8187
350.0089
526.3663
227.1316
89.1966
83.0497
67.0374
61.6423
154.6655
184.3158
376.8279
432.6452
804.7333
529.8914
224.7444
89.4411
206.3529
164.4821
194.3003
202.3799
233.5361
130.1453
64.1901
169.9814
351.9418
382.7907
621.1588
331.5585
141.6574
133.5610
323.2921
501.1437
85.1886
142.9932
212.5843
252.9836
368.3350
163.1338
164.4418
212.6890
364.5683
115.0474
108.5892
128.3475
317.9917
238.3533
440.8849
393.0006
221.3223
246.9165
351.9352
282.6017
547.5052
446.1125
298.3864
266.5845
288.7459
114.9232
132.0059
246.2371
230.9430
92.2544
235.1947
458.0207
144.1458
87.0155
349.8174
221.8167
84.2373
90.0234
106.0327
111.7103
243.2896
40.3453
153.1491
308.5929
340.6711
192.2194
400.9564
180.0795
110.3445
139.3754
228.1200
307.6104
91.2561
138.5261
262.3446
86.8002
132.4455
261.2742
325.5754
539.9106
105.3909
293.7311
664.9357
415.2699
100.9791
254.8259
507.4629
167.1428
90.5045
177.4534
382.0051
266.1668
371.4982
461.6978
630.4257
191.5389
52.5568
59.0273
102.5125
128.9550
140.7501
142.2421
410.3206
438.0825
366.1612
305.4796
204.0803
172.2199
152.0604
148.9398
209.9456
371.7990
126.7988
304.8864
471.0114
66.2321
58.2559
62.0032
162.6560
358.8491
451.2866
198.1976
458.1744
456.2323
158.1376
279.9980
226.1972
137.9618
66.1167
222.0292
402.0113
97.3360
279.3993
516.0807
151.4564
59.4515
128.5003
118.4647
132.1053
149.3594
130.2045
127.2908
119.0045
143.3555
157.6233
400.4923
81.2511
123.1260
406.6687
554.1803
167.8464
303.5026
232.6229
351.6991
210.4069
334.7830
262.4410
350.6096
356.6388
468.0345
481.3734
209.8330
556.2805
343.0128
201.4302
326.3412
40.7871
45.7414
111.2738
69.5591
131.0027
127.8686
295.6495
428.9674
93.4656
109.7410
134.2840
339.3389
253.5535
151.3160
284.9978
170.2693
317.1550
225.7397
215.6366
347.7885
80.6529
52.4420
116.6595
319.2088
92.1818
93.4627
174.1613
319.4005
107.1630
113.9904
167.2448
191.9170
115.6697
280.7330
403.8537
594.3088
610.6452
672.0652
535.9498
345.9643
118.3708
429.2141
440.1521
227.4461
133.3046
260.0603
146.4129
158.1218
184.4789
246.8380
455.2388
317.7168
270.3992
483.3560
204.4441
135.1288
342.6276
328.5392
275.1201
405.0366
589.8460
614.6335
321.2439
160.3305
54.3963
81.1626
488.1875
549.6334
94.2970
102.6351
295.7454
468.4914
535.5933
297.2192
86.5729
301.6698
522.2115
228.6594
123.3936
141.8037
50.2266
36.4257
181.5757
580.2154
648.2314
480.5185
89.2645
203.2988
141.6711
283.1712
82.2388
60.7049
228.6332
362.3161
86.4518
205.5736
167.2715
141.0500
119.6830
472.8977
554.8183
167.3545
341.0893
401.5187
188.0642
208.0091
61.8180
164.3465
388.5115
132.7375
187.4893
219.8448
225.9247
255.7988
260.9319
234.0290
304.7491
263.2932
296.8538
249.8832
163.6166
101.5518
134.3464
81.8383
101.9356
97.7523
171.5644
144.3522
95.7796
165.4917
320.5722
111.6158
50.4358
155.8723
129.8892
285.2620
522.1387
279.3991
464.4562
1036.4834
784.1888
683.6217
569.7302
243.3498
167.1044
248.8357
607.1383
534.7167
390.9609
115.1284
170.6410
140.5414
98.5669
307.3533
529.6750
167.7531
396.7691
542.5404
310.4886
420.4833
65.9912
225.4438
302.7088
155.4294
244.4288
384.6640
465.6124
343.8377
76.4504
75.3059
91.4987
91.8948
443.3268
557.3147
149.1899
302.7026
392.5111
98.5804
127.7577
266.8411
392.7036
232.7828
436.6519
140.5262
376.7863
459.7114
161.7506
207.8299
463.0821
420.3139
309.7098
521.7916
163.3513
349.8673
160.0635
217.2505
243.2129
315.7223
94.4452
203.1434
393.8953
498.0261
139.9023
67.7466
133.9977
312.0460
217.5383
188.2088
304.4418
74.0498
225.7832
355.8695
378.1796
446.3559
106.9861
202.8096
106.1420
100.8774
163.3248
135.5828
320.5043
375.9733
451.8460
229.1810
313.3198
99.1879
204.5677
292.6251
253.1956
273.2938
404.1214
257.5809
341.4167
91.4697
81.8982
227.2779
453.9428
302.2201
145.9516
513.9682
382.0270
138.5674
144.6018
186.9521
389.5461
173.0613
382.2980
267.0907
376.1726
96.4967
145.0745
102.4035
120.0337
149.4362
264.9968
246.8265
267.8983
153.1223
171.4878
389.4402
374.3034
184.5693
165.9334
133.4034
182.1713
216.2413
551.3377
578.6643
166.0609
128.8505
164.4101
193.7038
147.5977
198.5016
78.8323
264.1166
705.2046
473.0308
291.1941
379.8242
90.9769
107.3635
62.9452
123.9971
385.2504
432.1583
188.0017
307.3408
128.8215
170.3337
200.9536
109.8155
241.2837
538.0042
619.9393
867.8134
522.4536
31.9474
96.8231
153.8984
215.2544
599.1203
297.1615
192.7339
65.5208
69.6705
204.7794
484.2374
908.1840
809.9304
609.6211
512.8672
345.1546
257.6202
68.7935
150.2804
443.7922
529.5199
168.4013
311.2237
359.4515
179.9918
309.9440
494.7509
67.0776
226.0519
503.7769
580.3729
220.5932
98.3285
126.6835
89.0419
134.0087
658.2999
557.4229
150.9564
355.2552
714.4418
504.2126
492.4760
405.8463
333.4489
180.1530
334.9082
388.0279
375.4210
142.9948
259.8357
520.6466
208.7215
136.8154
199.0067
551.9546
740.5184
655.2655
575.7876
336.7022
75.5335
259.4179
332.6543
115.9675
366.1385
532.4861
119.0553
168.1930
230.1634
133.8384
104.9044
155.9553
450.6167
226.2729
197.2577
489.3267
275.8783
382.7805
111.1811
108.2663
241.6853
345.2326
518.9861
145.2665
469.6268
446.0199
80.9084
159.8725
245.8293
80.0705
284.1326
513.7276
228.6281
262.2192
173.2865
63.0218
332.1851
418.2791
226.1477
460.4120
249.6963
498.2765
296.0014
491.4857
115.0622
424.0218
487.7997
216.1873
162.8543
356.7183
291.4868
185.0777
105.0839
94.2147
131.9975
533.2474
703.2680
441.3338
115.5142
197.6749
134.6164
434.8828
690.5779
118.4926
260.2536
278.6041
264.6931
327.0647
100.0370
372.8491
475.9466
110.2364
163.5997
350.4782
737.7791
772.9032
563.6065
161.5335
198.9158
295.9354
710.9899
525.1638
153.9432
118.8698
197.9679
255.1682
87.5609
194.9613
352.5168
530.8971
210.8689
261.6121
227.6733
368.2118
431.4509
240.5245
452.0830
445.3774
97.1309
222.8638
350.1322
545.3819
336.8332
425.4569
213.1004
384.1591
53.6734
97.0469
208.6890
464.7760
204.2403
61.6630
78.4315
185.9153
253.1174
309.4395
152.3600
102.7090
241.7898
304.2926
93.4977
108.8012
310.0827
393.3871
143.3681
628.9623
579.3106
242.2462
255.2267
552.1091
449.8783
369.3871
96.2688
151.6651
132.4218
472.2101
459.8321
198.0263
249.9215
202.8364
322.7988
499.0962
126.2786
317.4995
214.9463
196.3558
147.3408
334.6807
336.2368
397.8632
70.0571
112.9584
233.2891
162.6769
220.7865
626.0621
675.2004
744.9001
578.0439
462.7828
655.8618
470.0823
75.1220
71.1758
80.5217
193.0478
367.1824
326.9702
526.2996
364.3077
218.4635
380.8915
486.8740
159.0077
126.8290
155.7642
203.1804
153.8458
352.2235
447.7270
362.1415
100.0722
82.6454
160.3108
145.9271
48.2806
73.4751
77.4368
234.4996
112.8641
253.1544
409.6077
273.5688
229.0629
305.2996
502.3361
285.3673
409.8188
32.2384
62.8992
66.8703
159.2676
182.5877
461.5401
584.9952
194.3047
383.1458
569.2098
100.0643
108.8669
117.8254
94.2842
145.0226
199.6733
79.5843
244.4414
593.7035
207.2802
169.3890
507.0685
249.9676
223.1145
68.9112
122.9953
187.4415
279.8230
202.8314
73.6349
200.7166
239.9095
96.1748
185.9473
136.9070
207.5461
195.1551
45.7466
209.6519
501.1137
352.5791
98.7188
134.4829
205.3635
265.1215
88.4385
312.3375
468.3631
161.4884
128.6515
122.7199
105.0087
99.0600
222.4595
322.3213
325.7278
616.5392
318.4662
298.8369
635.6176
678.3921
503.9533
366.5516
553.6949
319.7583
399.5320
88.5684
107.6631
343.6238
757.5448
541.1414
611.2968
554.2490
128.3382
209.5517
286.5835
92.9760
171.8973
109.9754
222.2684
390.2966
230.7901
352.1738
260.7477
529.2049
239.1390
232.4525
361.7929
272.3945
307.6415
479.4561
537.1804
447.5831
91.7949
394.6914
494.0777
383.7697
574.6033
132.4339
67.8177
78.6208
79.4429
65.1442
221.2293
255.3332
182.4492
113.3134
230.2806
114.7372
120.5589
246.8702
371.3511
205.3806
237.5583
261.5714
356.9181
555.1500
637.0736
357.7765
771.1168
594.6226
185.0449
270.1917
570.7060
114.8681
121.5281
189.9700
97.8971
107.5887
128.3215
165.5469
131.2514
99.6200
168.4837
206.5321
293.0198
316.4113
69.2111
208.0834
352.4237
131.9233
383.3126
520.4325
443.2417
543.2764
172.2139
457.2392
875.1644
396.2881
57.0043
110.3051
314.1244
753.8770
474.1192
87.2302
178.5175
244.0841
97.0943
226.6865
238.5678
396.8718
481.5523
426.9535
224.3128
239.4750
443.2544
318.6059
260.3903
184.9177
119.8967
95.9922
219.4370
370.3950
195.5244
189.3590
356.6432
193.7700
152.1171
220.8901
378.5188
268.9734
198.0394
87.4049
128.1539
196.2512
47.7953
168.8372
343.7588
726.4271
488.0386
312.3908
584.7130
302.1541
589.2078
527.6739
285.2209
261.6427
168.1227
56.9513
217.9255
330.4293
94.9038
141.2503
255.9920
189.3739
229.8923
595.2755
342.5315
257.6600
64.2508
106.5518
259.7302
151.2552
204.8684
276.8356
488.7054
76.4137
120.5592
340.7218
231.0230
65.6712
135.6354
227.1227
94.3427
65.5298
363.0635
813.2598
418.0194
74.5042
69.0951
201.0892
383.9220
136.7952
159.0510
248.6964
123.0451
73.7104
135.4702
180.6619
112.6409
313.7285
399.0695
498.8214
533.1560
177.4647
470.3484
732.8559
721.7569
674.7351
532.0550
205.3008
370.8152
284.6272
199.6283
257.6343
62.2695
173.1747
257.0556
178.8746
304.4724
233.9255
387.3114
300.5958
436.0618
655.9796
248.1874
213.3506
441.2209
135.0565
185.2762
345.7296
484.1822
236.4013
429.7615
433.8802
186.8532
565.5406
482.0900
245.9248
373.6312
63.4645
247.0651
320.2310
115.9260
169.8528
244.7688
225.2235
393.4117
385.6540
128.4954
152.9470
185.7730
462.3202
598.5011
70.8977
297.0371
563.5738
501.2493
771.2832
518.8108
228.2679
92.9554
182.5006
61.9983
76.0766
55.8384
109.1751
156.6640
88.8956
155.0671
302.4953
510.8418
127.2129
140.2777
88.3932
127.0246
180.9707
247.5922
356.0211
94.6115
175.6656
217.5709
348.6169
85.9919
73.2746
176.0637
234.2152
73.5688
80.7549
304.3576
702.8409
615.5855
377.0263
340.5273
166.4475
118.6629
261.2945
319.7994
415.2532
295.4577
107.8965
149.4943
70.4918
64.4999
118.7847
230.9548
240.6843
265.5968
463.8498
263.3251
703.4009
729.7028
332.7586
192.7779
466.1962
462.5811
712.2910
548.5040
94.5583
100.1699
77.1575
243.7776
735.4064
698.9790
262.3327
168.8737
181.6585
412.9700
192.4513
312.4515
503.8823
224.0394
458.3289
143.2717
379.7312
642.1067
476.9508
985.6668
905.0572
470.6719
152.1234
341.4594
350.3199
148.4666
52.7720
121.3626
97.5246
114.6912
147.4841
505.7963
463.2057
236.5563
373.6627
579.9525
499.0319
138.7259
169.5924
415.5106
399.4888
481.7214
576.1090
478.3782
156.9737
476.7520
432.9418
124.7224
170.5967
545.3708
577.5819
356.3787
270.2592
79.0119
294.8214
320.6166
196.8564
287.3106
66.3244
115.3400
187.7758
210.3775
223.7822
324.9603
508.4432
125.4556
112.2926
98.3645
199.6422
231.1015
379.3065
356.3953
527.2161
180.0706
252.4386
217.1400
345.0185
574.1523
472.6892
269.1295
347.7837
465.4891
166.4102
204.9305
652.3440
487.1263
131.6161
356.4590
117.5517
148.1142
82.4158
61.4343
147.3607
307.0651
292.4458
513.9696
417.3826
158.9411
227.6288
347.5167
258.0621
140.7334
284.4536
509.9974
151.7859
184.6060
101.4671
79.8640
80.6668
90.2267
269.1814
388.5530
295.0622
214.0372
220.5800
431.6152
118.4888
214.9970
466.0621
712.8822
643.4293
361.5811
650.5471
594.7489
606.9129
414.5700
571.0804
297.4922
227.6674
111.6296
228.4052
307.2892
355.7061
76.1984
141.7263
112.3902
81.3930
314.2567
597.9821
399.1268
184.6358
443.0780
769.7680
773.3553
595.9975
325.9067
178.0522
332.6261
184.1064
119.1613
181.2179
102.4947
108.7273
287.6486
197.9845
438.5047
273.0339
245.2356
529.2451
379.5970
86.3102
213.0104
347.4450
274.6374
166.5909
336.9663
185.0402
175.0202
353.0612
119.7264
120.7988
211.0249
561.6772
504.8041
183.3570
99.5696
419.5976
543.2267
93.2130
266.6655
728.7496
280.6298
175.8017
166.0744
146.1553
304.5157
268.7515
601.8884
426.3180
253.4694
228.5037
174.5284
317.0086
83.0960
63.6754
204.4918
619.4569
790.0956
698.6233
661.5736
328.2539
152.5891
291.1471
185.5570
116.1069
249.8569
402.2880
228.4994
96.4943
283.1836
362.8879
281.9117
251.2960
46.2732
152.4783
167.9724
247.4407
196.1588
76.4264
155.7318
97.9070
220.3495
344.3174
423.2197
197.5828
116.0696
89.0814
264.3674
58.9510
97.2182
308.3402
651.1596
160.6468
209.2137
136.9455
105.7011
93.8298
112.5700
106.4864
375.5380
625.6751
221.8142
136.5759
146.4888
185.2377
153.7743
381.7415
387.8584
341.2863
497.2845
97.0864
235.5990
479.9334
136.3829
63.3702
354.3693
664.5493
263.3860
269.9740
528.2414
493.7169
487.3236
145.4309
351.7128
800.0635
685.2128
581.1498
306.7189
111.3694
85.7191
277.8376
354.2860
394.8389
255.1192
422.7374
80.1849
92.9589
91.6492
132.9572
126.2154
202.5049
364.1078
528.5575
355.6063
91.3553
86.8741
154.5711
406.5189
244.2406
216.8367
190.3351
193.3688
261.9531
380.1230
160.4251
445.2508
702.7870
462.4222
252.7573
133.4877
103.5342
125.6951
189.0373
265.4731
108.2693
378.7861
315.7231
206.8100
228.0427
143.5150
238.9400
220.7080
110.3945
145.6736
281.4533
437.7240
212.3843
197.7982
312.4043
184.5033
173.1494
109.9381
74.8672
292.7216
641.6842
545.4672
209.6112
461.8684
135.5351
66.3307
102.9620
243.6915
520.0042
630.3088
377.1286
80.2099
120.1457
316.0820
429.9127
190.9996
78.3794
271.7348
391.7895
144.9463
339.3749
419.7264
477.2030
731.5249
413.3308
104.9807
229.2733
239.5026
424.1981
120.7241
184.8265
401.9391
312.1135
88.2902
332.3498
399.9178
114.9529
200.3620
164.0117
509.1028
611.1185
138.5798
157.8689
456.8235
723.2355
698.2115
694.3056
819.9444
679.3162
780.0246
742.9916
389.7273
518.8178
163.7304
306.5424
651.2774
371.7108
186.1840
131.1310
123.9360
362.5646
765.7849
627.7380
259.5923
519.3788
946.7300
542.0711
116.5253
287.9555
622.9184
679.5324
359.5464
149.5504
101.3148
213.1987
338.9012
672.4714
565.5322
439.1897
567.1713
218.5949
35.9834
50.1396
194.8527
206.2354
365.5604
623.8153
254.0480
245.1060
97.9597
73.0248
300.2298
404.9473
334.4268
276.3191
57.2725
189.6353
208.1315
260.9329
49.6562
177.1624
273.9730
59.3396
110.1167
157.6796
484.4587
670.0508
446.2009
238.5313
266.3902
192.3585
93.7525
305.3304
650.8557
534.1869
382.1158
529.7244
279.8981
212.8866
105.3422
180.4071
371.4540
220.9969
348.9686
221.3263
176.0719
289.9169
500.8619
200.1360
329.6872
226.0537
274.0215
196.2690
247.9838
60.5687
76.7158
312.7258
499.3690
75.2299
105.0064
261.0607
307.8143
289.1887
130.5807
158.5041
169.2710
69.0324
120.0590
363.3756
601.4748
592.4359
584.4438
368.0820
72.2630
65.7559
206.1755
450.3996
124.8291
433.0556
786.7827
534.4699
116.4275
164.6309
144.5143
82.7474
137.9972
281.9664
144.7752
151.5310
184.4351
390.2168
492.8422
282.4298
107.3719
140.1620
374.0832
501.5142
406.7887
53.2192
69.5078
78.0479
292.6037
382.4755
83.9407
176.3240
245.9595
195.4175
281.9703
669.8576
633.6274
272.9245
451.8283
363.6450
327.7580
113.0800
122.8889
279.3925
555.1507
73.6095
307.5075
492.9703
233.4099
251.8396
681.0297
566.1398
266.4614
138.5525
516.4184
569.6791
382.8864
102.3550
233.6868
60.4765
116.7812
116.6724
165.0722
356.3391
120.2135
160.5683
93.1334
218.8555
686.2192
884.4030
716.8000
529.2978
576.1164
375.7828
442.8807
79.9276
130.2371
175.0164
112.7180
117.1408
237.6717
432.5219
161.5655
540.9036
400.1303
207.4303
528.6538
435.2015
707.2772
464.9085
190.9180
329.1965
458.4613
151.2825
247.8529
160.8912
65.9607
299.7702
545.7406
649.5233
735.3063
546.8947
357.1005
370.2413
405.2209
291.3750
461.0174
756.0994
641.2060
220.8901
369.4868
518.5751
185.3144
289.3292
357.3716
703.2779
492.8076
270.2477
521.2106
490.6810
156.9223
144.5984
93.0904
104.8969
336.8123
560.5620
431.3213
109.9454
104.9818
374.7773
334.9955
54.0576
276.3108
349.4438
473.9118
127.0186
109.6616
131.3983
166.0224
106.4463
190.8271
246.2062
320.0607
179.9561
208.5432
326.1764
550.4731
258.8134
254.5190
182.0770
226.3555
86.1180
51.8657
114.6996
304.6325
432.6859
178.2081
404.9888
696.6332
429.1091
59.9058
156.3170
299.5151
255.1967
173.8610
139.4471
375.2411
197.6844
71.0970
259.2405
421.5451
313.2948
581.6136
414.1605
349.5238
539.2322
316.1789
345.0834
108.2317
124.2847
116.2126
569.2497
544.4782
300.3221
220.2486
390.0669
381.8436
533.4357
119.5889
339.3114
499.4148
120.9509
175.2728
321.3015
166.1021
534.0160
560.4371
324.3445
367.7902
107.0044
103.6058
291.8054
155.2704
124.3783
281.4899
283.8236
440.6154
112.0196
519.6466
744.9449
331.6240
155.5977
48.8397
190.6938
428.5742
110.8757
268.6374
466.1230
714.5717
561.6130
295.6901
389.7815
729.9761
443.0555
97.0931
183.9447
569.9498
743.0265
551.3944
174.0197
557.4769
462.7894
104.6145
55.8284
300.6203
603.4860
130.6395
99.8512
152.6007
308.5881
183.5405
349.2928
249.8970
110.2028
200.5684
135.0652
111.7670
186.4471
265.6141
446.1702
159.3338
281.6985
127.9350
281.3187
480.3238
218.0767
269.1764
566.3722
448.4623
304.6019
99.0118
249.7249
485.0806
157.9070
283.8793
590.0661
695.5560
680.3236
682.4922
948.8265
666.6795
182.1821
340.1095
450.4872
114.0721
373.4628
333.7586
251.6197
191.6457
330.1319
375.6058
73.3099
211.4159
361.3646
370.0955
566.7863
67.8985
55.2060
104.3216
233.8066
270.6939
41.6885
86.7370
216.5254
495.6637
302.5946
493.5254
578.7660
283.9884
124.2389
157.4754
87.6902
157.1605
392.8461
324.8119
196.1424
527.7608
480.1747
275.3540
201.4750
329.5974
108.5519
69.8352
149.6576
144.0804
246.2418
786.0620
798.3518
545.9628
289.5243
141.0480
241.0330
322.2703
749.3489
544.7283
397.8575
474.8248
514.6041
187.7442
304.0046
435.1310
492.8607
162.5492
186.7218
231.5100
610.0909
688.2029
333.3024
183.3459
114.6301
418.9940
537.2377
256.7586
336.8850
285.8856
182.4417
71.6414
182.6838
132.4195
71.1382
56.8361
249.5522
412.8267
237.5772
341.1552
154.2543
264.3538
662.1795
482.7394
262.7638
70.8195
139.9547
119.5761
176.8733
125.3280
345.5742
724.0647
542.1117
138.2588
167.3272
84.3041
393.6368
796.2718
815.8307
893.4322
636.1044
529.2848
829.5363
660.8227
794.7870
683.6301
374.7762
166.1790
61.0661
139.1657
121.3972
162.8378
256.9849
207.4619
245.3976
373.7210
498.9707
646.4946
472.0175
163.9390
112.0795
220.1859
93.0516
46.1932
103.0524
310.9734
715.4690
470.6386
131.9861
193.0195
216.2313
87.6414
108.0963
239.9945
147.7873
112.9029
84.7342
151.9007
209.2239
57.7367
103.2240
200.3947
436.8334
376.2812
178.8479
235.5145
302.5500
389.9522
174.1825
137.6762
303.6188
192.4570
389.3787
729.9459
681.9288
234.9807
47.4681
70.0673
354.2917
527.2815
105.2774
128.2421
58.4564
214.5215
500.7584
479.2627
106.7069
70.0586
142.6240
123.5007
192.5535
52.7047
68.0819
178.8487
258.3710
470.7691
266.5952
310.6693
660.3694
289.5703
144.8242
115.3881
61.7710
135.1319
365.8821
559.6040
341.6123
465.9511
215.3044
399.6618
673.6714
560.8595
544.0624
128.0162
139.2491
389.9609
403.1914
74.2406
285.6878
520.4031
257.1653
409.7283
131.2145
250.8145
455.1187
200.2241
319.7170
704.9627
620.0553
655.5630
638.0421
576.9089
195.1698
307.8698
543.1934
55.7841
104.4144
192.9868
389.5973
118.9251
296.6900
366.7523
143.1486
340.2088
493.3045
387.4059
369.3741
319.5433
597.1859
397.1647
227.5809
153.0857
149.8230
284.1712
348.9370
794.7154
848.3561
688.8740
606.2833
434.8373
122.2811
118.4435
334.4057
701.0948
458.8651
191.1090
208.0672
197.6890
165.9566
313.0388
255.8374
257.5875
300.8006
262.2182
203.0939
134.0087
275.0641
354.3498
189.6447
127.5971
343.6180
401.8385
495.0702
738.9607
701.5132
585.6647
226.7865
118.6702
492.6584
545.9873
98.6826
428.5780
503.3773
123.2594
95.5300
265.1993
416.9154
191.0459
258.6032
331.2649
498.1073
176.9200
130.5871
65.6814
280.4593
721.2416
425.8113
153.1529
240.7011
550.0816
275.9625
91.0706
175.8510
211.2183
187.8623
216.3203
308.3868
146.3301
144.1207
236.4691
299.2555
315.3693
107.8559
186.9096
244.6055
65.7703
85.7210
214.3498
256.0625
117.0980
186.8219
345.4878
414.7758
785.1299
544.5567
105.7610
116.2701
292.8007
571.1032
417.0293
121.7149
91.1619
112.9948
94.9515
83.2091
175.7277
455.1969
392.8653
163.4113
351.7826
317.1786
342.9910
359.0983
267.0486
433.5640
116.6405
305.1056
421.8971
171.8734
423.6632
462.3247
52.1327
193.3488
368.8024
258.0513
550.8024
245.4278
284.9890
360.4678
565.9754
346.3126
65.1443
212.2501
589.6601
710.1458
414.7342
296.8191
212.4059
628.2747
708.6389
456.7956
401.6642
268.2907
206.2974
160.3423
357.6521
402.8238
372.3074
516.3675
299.5373
211.9649
422.6205
471.0699
384.6236
124.0022
434.6401
544.6400
329.2258
387.0929
115.6850
116.4620
92.7375
288.2328
577.9345
196.8616
171.6707
98.3376
174.3457
138.9764
226.7058
288.2363
184.0926
300.2716
393.8073
147.0539
221.8393
107.3216
43.1941
181.6061
548.4788
592.6657
544.6809
518.4498
396.7341
338.3522
596.4379
356.9808
420.3276
605.3615
233.0704
499.8530
453.5192
243.0804
534.4429
468.1471
329.9925
355.5220
313.5784
553.2042
156.4004
296.3187
90.3807
30.2824
31.9971
76.2404
198.9934
370.3774
740.6584
748.7372
487.6514
236.8456
271.0373
351.5862
453.2659
577.2271
589.8532
537.5145
157.0711
161.4937
205.3526
382.5344
221.2372
541.2041
474.5931
91.7110
138.0569
178.5796
46.4211
184.0413
573.0814
697.6418
695.8780
483.3761
132.0904
207.3988
220.3757
327.2975
172.3773
461.8659
935.7393
810.9626
477.8042
336.4373
448.1729
276.8195
554.3967
318.5288
230.3503
87.1827
266.1587
189.5070
113.8389
187.8980
238.8915
594.5688
549.4575
223.6621
179.6360
374.3214
192.9986
204.4411
367.9411
334.9986
664.5193
401.8531
451.5647
606.4127
256.9977
388.2619
131.3111
55.3069
49.8843
144.4107
113.5466
155.8211
247.3500
162.0497
79.1517
136.2214
424.4641
511.4197
63.2936
300.8470
387.8121
122.2735
238.4241
258.4122
324.3047
88.1404
196.9002
252.9719
161.0633
120.3935
167.9417
332.3449
669.3409
279.1812
144.8813
316.6715
239.4271
161.3695
223.9282
235.2406
229.0255
380.7232
423.3503
286.4350
183.9650
402.3804
513.6710
650.9372
335.7578
293.8846
167.7048
384.5155
162.3998
99.3095
250.2105
144.4589
137.3281
271.3050
238.0996
77.4101
250.4331
587.1119
511.8201
367.3151
429.6094
562.1627
128.3972
305.5155
128.7949
138.4399
273.0190
358.5346
476.0448
546.3963
352.9857
604.5956
412.5945
180.8055
408.7337
136.8635
140.0340
151.8463
136.7048
171.2655
119.5507
145.3368
454.7196
521.1305
440.2722
83.9270
118.7763
161.4832
254.4200
369.0194
85.0567
134.4352
82.4640
96.1100
140.3664
69.6305
193.8683
252.2581
167.5683
550.1827
534.3240
369.6947
584.9043
306.3518
697.7014
555.2039
425.1989
247.0792
130.9864
256.1183
707.0273
518.8740
146.6690
412.8715
538.3339
141.9040
38.8475
71.8278
179.3394
434.5782
311.7055
321.3603
112.3362
90.1966
361.0230
449.2185
129.0806
186.2432
278.6813
255.7806
295.9212
204.0655
478.5220
421.6092
301.5142
539.8776
123.6574
282.1180
702.2459
417.9570
142.8899
469.1297
380.0474
111.5420
50.9416
198.2495
192.7644
226.9490
528.1879
565.7265
225.1403
316.5028
155.5206
236.8076
290.3693
559.6636
105.3434
49.8919
94.1710
76.8878
177.4052
436.0970
728.1036
694.6133
445.0063
283.0875
712.0710
522.0566
345.9174
376.5879
129.3699
66.5987
76.1483
125.8297
280.7666
224.2307
197.8239
147.5563
235.8725
563.3058
535.1232
453.2275
322.0505
325.3129
183.5475
382.2216
89.4869
183.5874
660.6111
507.0664
444.4348
545.3060
132.8219
403.1623
562.8172
150.7420
167.8163
248.8058
196.5417
327.2598
318.5141
522.6765
214.4703
339.1145
493.5142
641.2982
486.9194
344.6237
508.1764
101.1804
360.1434
552.6687
58.0895
70.9137
252.0362
704.6021
516.0960
105.5556
59.6988
143.7868
173.9316
373.7854
357.8711
208.8154
97.0189
191.1150
375.2536
456.9218
135.5335
352.6754
718.8253
657.7837
554.4178
454.4020
238.9113
720.4891
559.5090
71.2528
119.7450
122.7341
261.9888
548.4331
444.6247
166.6366
174.1089
353.8442
602.6738
375.2633
97.2540
378.6945
607.2538
586.5852
571.7978
444.4816
547.2740
610.3932
238.5907
131.7677
72.6050
275.9847
708.1122
511.5596
435.3327
628.6579
333.6223
233.5164
176.0072
216.1280
217.6832
100.2592
121.7809
64.5833
54.7889
92.0841
119.0064
283.4764
347.2307
278.8800
602.5863
739.7137
540.6010
192.7235
151.2994
198.1554
390.0053
355.4181
296.2705
470.7369
196.3644
70.3189
49.9577
115.9135
242.4078
421.5982
216.3579
389.7842
158.3643
187.2116
293.2919
280.2489
302.8202
301.0040
99.3619
362.6576
550.3824
392.1875
886.1741
816.2523
513.2609
87.2141
466.9307
693.7893
551.9056
421.3251
183.9572
222.0550
383.5416
103.4397
223.3177
157.0600
564.1412
603.2323
561.7985
705.2226
594.1792
156.0192
360.7293
606.1944
514.2722
577.7955
295.5418
497.6957
334.6236
264.3497
248.7244
424.5836
361.8979
174.0011
183.3036
63.7507
84.0269
153.6026
273.5547
361.9290
208.7094
550.4576
515.0872
180.7454
312.5663
300.3962
498.4744
140.4166
295.5890
246.9815
75.8404
163.7139
179.3835
422.5872
569.9168
104.7570
292.5530
874.0432
780.2404
839.7217
666.6124
417.2011
555.0092
223.5879
214.4780
400.9961
264.8077
250.5934
70.4820
104.4274
112.1044
256.8291
407.3416
79.1669
41.2700
192.2242
276.3477
215.1789
554.1684
489.4272
268.5681
306.9459
86.9836
65.2875
84.0051
76.8312
87.2251
201.8444
451.4967
334.9425
340.5939
992.5471
657.9353
117.0617
153.6722
117.7066
75.5801
99.3298
257.3882
494.4686
582.7755
622.7203
117.8740
160.2011
132.1563
278.2466
751.8725
523.0034
94.4905
169.4497
165.6931
428.6648
635.7981
572.0518
714.2755
589.3370
202.0817
185.5901
164.7926
237.6513
79.6299
104.1640
85.7890
198.9643
285.8639
259.1201
155.3357
153.3163
331.4278
194.9786
339.2398
58.7349
104.4788
147.3767
84.9982
123.8028
383.6394
601.9962
274.7205
415.7095
251.2881
459.8953
564.9805
255.7276
222.2950
166.7234
185.7913
405.4938
444.1739
250.5734
472.5946
517.3548
107.9822
152.4623
126.9180
154.4351
236.7765
84.9106
102.7300
264.5760
552.9651
526.1605
376.0135
615.6561
336.7310
281.6502
493.8392
337.0611
584.4321
292.5107
564.2133
350.6408
105.3257
203.0563
160.7745
273.9374
635.9514
431.2169
237.6659
214.2818
110.4057
176.0059
371.4980
477.8912
141.4917
174.5104
227.9464
428.2572
206.2038
126.2263
251.3175
177.8915
260.7846
447.3353
305.1240
183.0679
494.9127
726.9104
770.6181
493.5338
107.4420
193.8200
253.9056
371.8941
507.4181
108.2036
66.0466
244.8986
707.7707
598.5568
523.1701
564.6630
323.2706
86.4433
508.0203
877.5505
730.6963
573.9199
524.0486
211.4878
135.4772
267.6769
571.1111
390.7652
525.1381
866.2007
644.0916
327.7465
156.8110
221.1950
391.3939
434.3457
254.6629
214.4156
209.2304
155.7422
195.9537
326.0059
838.7503
567.3956
428.5501
128.0671
226.8566
148.3442
164.9298
125.9491
76.3585
400.8723
772.2884
633.8679
292.0439
414.9887
348.0831
473.3411
155.3452
186.5450
350.7727
282.4064
286.6990
486.3997
127.6758
168.4831
84.1007
219.9148
202.1481
162.7815
295.0591
218.6479
120.2232
265.2714
600.4552
607.3489
580.2530
663.0607
520.0904
386.0727
111.2825
225.3544
131.4504
340.4858
549.3684
323.0032
174.0170
324.4407
249.9306
196.4262
145.9537
269.5589
463.1493
167.1120
347.0939
480.2040
312.7781
217.3847
366.8023
178.4380
115.1264
253.2565
568.7383
304.7258
121.8252
104.1187
75.0406
128.1964
338.5692
527.5066
114.6549
79.4256
84.9742
150.2080
260.5843
347.7597
295.4067
487.6001
160.7658
156.6709
154.4560
143.8818
228.1078
505.1489
611.5859
386.5222
192.4546
208.5624
381.3895
480.5632
608.5811
444.5075
398.0007
537.8534
921.1634
643.0861
534.3401
872.4154
705.5578
515.9341
498.5453
388.6136
455.1827
116.3288
161.9666
404.8957
629.5397
768.5844
402.4266
202.1056
295.2516
245.6526
75.2752
78.1668
110.7604
258.3522
398.5343
93.4214
202.6352
177.6009
198.0849
210.9292
201.0223
443.8556
807.6889
537.9626
286.0501
248.6179
282.4932
119.4625
280.1986
402.4011
361.2385
388.8092
437.0370
291.9373
469.2736
165.5664
227.4154
642.8734
742.6427
563.7528
188.9198
176.8449
147.2961
225.2753
790.6762
686.3613
201.4456
601.1357
665.7991
543.4058
161.2368
92.0818
183.5908
114.7049
482.3118
558.5394
49.5288
109.8552
227.0827
301.0832
109.1946
179.4057
325.5081
512.9866
150.1443
181.7040
175.1958
65.9812
103.0197
212.7770
169.7295
265.5417
137.7928
222.3793
144.2877
82.3705
89.9354
257.7623
395.4241
313.1551
485.9287
117.8254
229.6637
625.3055
462.0546
153.8682
305.8688
345.9298
116.5088
264.9205
670.6547
813.1637
613.4043
330.2900
439.2520
201.4792
315.8219
68.8704
116.0941
143.1700
62.3336
93.8753
367.5618
427.8070
358.9028
515.7627
651.0844
551.7140
350.7455
579.6843
526.1984
343.5163
67.6782
328.8105
488.3324
72.4593
139.2409
268.8375
207.0727
209.1852
554.5702
447.7257
117.0115
154.8533
285.7983
310.6271
562.3087
366.5801
748.5520
588.0930
120.8989
91.2658
280.9655
644.8661
615.7576
318.3191
50.8937
145.2632
298.7256
391.0379
760.4296
650.1455
601.1761
318.6423
100.5369
110.9825
113.4871
301.3400
633.2093
417.6168
276.8012
446.6249
155.7747
135.3119
123.5611
98.7265
254.7477
498.3905
197.1331
278.0100
164.4937
233.1171
173.3361
191.5344
80.7666
138.7845
297.1363
181.7653
246.5052
325.0817
642.9107
739.2744
502.6796
76.9572
185.9726
409.7714
298.9294
148.8521
418.4764
567.3017
218.3969
55.1201
166.0003
192.7668
310.2243
483.6380
176.5893
77.4402
163.0204
52.5672
163.7348
287.8244
327.5226
807.2840
587.2849
172.7758
80.8214
303.3345
581.5423
318.7816
646.7437
787.0814
681.5480
270.3557
230.7825
503.0278
712.7045
467.7613
210.5549
310.9762
517.4852
140.4902
376.9988
421.5671
578.2156
695.3068
305.8211
194.0298
220.0262
390.3754
572.7286
338.1716
744.6651
839.4293
554.7800
174.4117
135.8931
193.1611
206.4409
374.4502
535.8049
179.5126
172.1405
105.2955
303.6442
717.2070
487.8672
346.7044
235.4238
628.1342
698.9714
809.9949
591.0141
363.9732
397.7690
865.9106
522.4120
89.4534
188.5069
421.9258
353.9390
624.6875
505.5833
109.4513
185.9943
411.1115
88.8481
227.7311
652.6612
524.0632
158.8625
394.4994
748.4422
361.8832
226.6996
373.6249
550.1160
191.4967
297.2445
404.8241
182.3587
105.3383
422.9711
509.2901
271.0722
135.0247
118.2389
233.4766
541.8824
536.0394
272.6417
238.2839
471.2035
459.4944
198.0662
382.3245
169.8389
262.0284
211.8169
195.1530
88.0481
97.0131
237.4153
526.0534
152.8087
175.1848
166.3839
422.5488
832.9123
913.0832
871.7385
650.8923
645.4518
809.6483
798.6811
674.9629
440.9848
213.1899
151.9747
80.7033
44.6217
134.8913
174.2079
569.6554
983.3261
614.9800
233.8021
419.5408
156.9435
336.2167
99.8259
263.1466
654.3833
394.2919
133.0517
510.1772
438.6604
245.3429
371.9485
66.7246
68.3958
107.0286
300.3645
120.5967
156.0367
356.9155
251.2964
403.4737
147.7664
284.0709
530.7138
223.5750
197.9494
101.6172
215.3151
503.6814
350.6187
296.1190
460.9058
586.5090
475.9378
490.8293
186.2583
370.2119
192.6561
184.4472
89.1187
80.7628
415.7043
819.5001
668.6808
642.3777
727.8913
379.9671
239.5514
500.9609
686.0110
156.2727
192.0326
241.7218
155.0298
70.1908
254.8866
250.0028
317.9772
678.8998
509.0643
337.1063
174.5697
309.2706
558.4573
267.3688
211.2431
258.7038
259.5759
541.2909
250.6698
412.7102
324.2193
451.4479
201.8449
331.9222
352.3864
582.8625
458.3894
927.4762
751.6026
514.4889
536.4495
329.6220
670.3411
557.8609
702.2019
891.5211
788.9705
725.4079
560.9812
236.9041
188.0152
574.4227
415.9238
297.8903
581.2318
404.1532
826.1693
738.2241
606.3056
726.3446
612.1120
366.3139
530.5950
60.2576
52.5094
134.5036
296.7095
195.0853
105.3301
195.1567
700.0906
565.0867
164.8477
417.1987
580.4740
166.8710
212.1885
446.1987
191.2592
366.8980
538.2532
324.2558
279.8878
630.4594
503.8703
83.4221
299.2222
164.7140
129.9522
141.9608
45.8854
87.3017
221.0309
593.6120
608.5192
414.5275
351.1473
459.6118
156.4690
35.7173
232.7258
812.6420
641.4213
417.7279
223.7692
270.0064
306.3190
387.5125
334.1295
422.1871
421.3229
133.3136
248.2665
300.2129
189.0188
572.7400
483.7369
135.5469
285.7261
414.5563
656.8870
234.4643
614.8139
306.8070
108.5284
352.4176
770.1829
667.7383
382.8888
350.6148
681.3178
617.4483
865.2432
677.8870
468.0483
319.5399
293.2979
269.5000
65.9931
88.6873
221.6221
325.3688
257.0323
114.0034
81.8988
308.3547
709.2789
668.9254
505.3821
144.9995
211.5081
181.7656
309.7716
494.3714
292.7685
231.2574
157.0194
213.2931
315.7320
176.8846
214.4392
291.8331
223.7891
191.8923
272.5090
94.7811
250.9957
228.2567
63.7020
252.7620
403.1275
220.8421
325.8480
191.5378
237.4777
228.4439
578.1261
580.1124
551.9825
470.3708
213.2423
397.6380
423.5935
202.2193
341.6875
567.1305
82.4409
306.5515
811.2195
833.9042
493.5638
147.9851
93.2311
107.5024
132.3675
61.3707
196.5855
425.7668
99.9614
102.7621
123.8486
223.8939
199.3640
548.5111
870.2013
602.9076
264.7054
61.7096
115.5349
101.5381
307.6985
537.1347
90.5400
180.3007
707.8181
544.5796
203.2341
490.8627
397.5704
122.0578
106.1466
145.1774
246.6080
162.5224
76.9394
98.2909
210.5871
186.8650
166.2577
240.5660
478.6219
536.8122
176.3685
264.9550
412.1428
45.2124
86.2580
257.6941
503.5914
385.3670
253.7444
272.5844
472.0781
191.5601
289.6676
435.9331
264.3666
537.7796
261.7823
264.5528
130.5899
227.7563
483.2959
178.3827
255.8336
436.7618
157.3585
225.0225
484.2170
119.3986
180.9482
425.3067
617.8639
524.5583
299.3034
246.2679
207.0072
247.5257
208.6370
632.3376
823.4037
835.9306
626.6316
455.8152
273.1137
553.9969
364.7440
287.5412
393.6607
206.9590
413.7299
172.0453
97.7102
346.6753
680.2695
294.8559
307.8438
398.3023
216.9590
452.4755
192.3183
328.2474
207.0266
265.1788
345.2374
155.3851
216.6538
124.1089
130.9097
197.3107
413.4591
167.2711
242.4561
539.3678
383.3239
155.3004
174.7393
92.8552
185.6702
331.5352
460.8991
349.9361
149.7930
128.4973
290.3386
370.5745
152.3321
84.9966
55.7026
89.4590
224.5445
248.9192
173.5642
154.3980
203.0737
205.4934
439.2062
311.1349
412.8091
116.9607
215.5849
314.2633
241.7198
499.9126
292.2894
380.3803
300.9375
142.0155
243.7475
258.0169
223.1374
315.1484
449.2733
136.3587
269.2526
109.5909
491.3544
925.4323
653.2845
424.0807
593.4042
209.7423
146.6709
213.5913
217.6744
323.0219
476.5304
48.8610
95.9753
269.9817
128.0762
133.1286
280.7296
313.2402
434.3658
445.6164
134.3146
219.1979
194.4510
105.4869
98.7465
148.5125
485.7919
443.7982
93.7239
129.6690
248.9915
217.5010
81.0392
259.3626
394.0778
97.6093
145.5602
160.5751
170.2849
88.5344
401.7270
559.4039
210.4818
434.1299
18.7319
293.6732
556.7577
40.3179
417.3338
567.1807
137.9103
398.2375
669.5627
594.2927
297.7335
575.4613
317.4049
302.2193
278.2807
327.2764
567.1752
266.8023
127.1267
349.5209
877.6410
792.9939
691.8832
535.3496
196.8328
149.5898
83.0489
184.0289
309.0767
742.8579
703.3575
235.1411
69.0005
130.7769
438.2777
774.5580
789.0562
570.8877
438.2597
791.8459
670.5642
246.2587
217.7084
376.7117
221.9145
412.8362
508.0961
255.4222
176.4691
174.4762
546.5676
613.3801
222.6293
302.1393
560.5462
254.0784
324.8766
226.6822
239.6076
405.8628
190.9290
104.2741
325.6039
784.5716
735.3695
454.2304
85.0761
177.3814
147.0872
181.2420
700.2877
852.7782
534.4103
79.8547
113.6608
94.8840
145.1534
258.7976
469.6440
589.8741
281.6414
648.1097
679.7054
370.4807
191.4638
118.8508
337.3414
547.1113
238.6079
298.5272
134.3378
200.4916
191.1710
121.7213
327.0094
532.8953
234.4768
510.7110
46.7521
52.7756
113.9038
79.8811
41.7409
51.0512
190.9681
353.9692
180.6792
556.3654
467.1354
126.5598
126.9831
190.4349
434.2638
841.9184
687.6923
503.2454
151.0094
596.9273
498.3967
201.8104
113.8933
107.0868
229.1873
408.6563
989.2323
886.4940
569.7512
195.6416
80.9113
162.7283
297.6351
227.0491
333.0312
202.6247
273.1973
525.3984
318.0733
674.6146
497.2954
219.4594
522.1964
588.0555
693.0657
460.5764
62.5922
62.9443
150.7518
227.8096
323.0619
879.9587
805.5769
782.6014
919.6349
651.4672
689.5466
772.8856
476.1461
229.0433
524.9782
492.9028
586.5439
245.8052
420.9781
448.3935
404.2009
739.9321
533.4273
404.9498
258.1605
371.2189
615.3285
397.7587
453.4082
710.1409
444.1525
198.6309
526.8747
541.5236
72.7224
52.4538
129.3215
218.3328
228.0359
566.4623
309.0864
249.0034
149.7196
174.0563
149.6883
421.8446
779.1347
832.8185
503.2254
518.1563
631.1351
360.2416
685.1471
530.9330
800.7640
486.3420
182.6102
266.8700
200.5808
183.2264
369.0065
324.5003
493.4644
483.1730
370.2951
145.4608
50.6725
79.0188
177.5416
246.2652
307.7818
508.5332
305.5557
384.5679
265.6160
286.7057
53.3940
125.2719
303.8371
326.8504
106.0018
360.9236
287.2469
164.1709
226.7486
571.9583
695.0893
675.1418
613.3572
483.5102
97.2805
80.8278
203.9090
162.3030
260.2164
156.6521
416.5974
488.3019
170.5258
558.2770
695.6879
347.0103
337.7088
293.7012
211.1487
352.1273
365.7878
308.1927
138.4179
312.1855
254.4590
357.3706
550.9941
475.1686
347.9684
659.4681
290.9953
121.6129
261.3340
668.3709
538.7979
309.6585
263.5075
467.5259
32.7378
213.2957
441.2039
276.1599
457.1918
153.4160
213.6041
433.5822
316.4085
254.5331
544.4788
382.5699
479.8426
116.4427
353.6356
488.4767
547.4555
395.5007
190.4189
217.7978
296.0552
212.2941
627.4699
864.7251
805.6933
496.8248
100.6028
111.0581
423.4524
859.1624
900.4080
722.6430
733.7296
992.3490
841.2638
583.5667
737.3410
848.4015
574.6363
398.5380
287.4148
497.9965
684.9866
846.5664
572.6123
285.2000
348.3343
790.5212
813.6658
251.1128
317.4502
632.1909
93.9282
223.3348
408.6745
224.1747
465.6970
422.5289
537.4175
296.8184
448.9141
41.5911
178.3671
614.3527
775.8126
523.8925
886.2926
845.6278
587.8462
762.6370
615.8008
329.0200
250.6890
426.3915
313.5705
176.0159
297.6310
140.3622
215.0995
344.9177
535.2275
599.4993
706.7278
603.6365
387.3176
114.9403
310.6119
565.2575
123.0041
254.3274
226.6059
477.6649
701.0958
545.0513
117.4163
209.4603
168.4406
391.9583
833.5009
534.6850
415.7396
127.3426
88.4164
199.0782
466.5615
659.0126
51.8472
124.3275
262.5642
479.6584
164.6726
268.4174
89.7919
375.5731
791.1203
726.6644
445.9399
136.3508
152.4679
438.5173
871.9279
647.2656
647.3141
512.6366
255.7938
519.0661
337.7084
425.5382
681.3001
491.5895
148.6858
222.2089
426.2590
458.8126
836.4338
557.5446
108.6717
149.8353
188.9942
296.8246
400.6578
402.8714
367.3222
247.1265
221.9642
309.3991
46.1167
346.2991
591.7066
246.1541
285.5983
292.3646
398.5075
70.0082
161.5500
241.0577
340.4343
313.2313
330.2366
699.9422
536.5412
197.4444
112.8819
310.6777
726.7694
484.1213
354.1364
591.4931
239.1699
303.3699
213.7710
267.6128
476.3316
220.9675
441.7053
204.5255
116.2887
108.2304
195.2595
495.6365
354.0907
134.1333
488.8087
504.6346
219.0337
453.6423
33.7287
46.8395
154.0590
356.7218
592.8620
397.2265
483.1308
644.5264
327.8172
166.8674
523.9059
660.4183
176.1440
104.3308
226.2630
397.6088
374.1505
748.9565
474.5146
691.2404
766.2014
738.1780
694.0237
459.3749
780.8233
841.7517
806.4907
729.8842
748.1388
409.9922
119.1209
268.6823
140.0649
122.7370
281.2362
259.2374
228.0286
486.5599
353.7377
542.2784
593.0909
694.7318
478.2531
202.4123
555.7074
537.8957
641.2568
325.2391
213.5754
75.4413
132.4306
141.4958
310.0443
501.8665
434.3678
460.2327
208.4810
184.5538
111.3354
40.0377
75.5080
102.7013
191.1761
254.9585
240.2143
291.3380
407.5447
272.7373
436.2775
352.9607
150.3170
357.2530
592.2132
91.3669
136.1758
393.6610
511.8501
321.0847
358.4951
256.3015
145.0177
412.2614
744.6942
806.4326
607.0602
328.9703
651.0481
240.5677
514.8279
556.1789
251.4915
320.3264
77.0059
163.3971
423.4199
723.2191
699.8728
493.2802
169.0995
117.1400
203.9953
143.0789
72.7308
117.9971
214.4060
77.3618
258.9544
511.7101
88.0449
175.6580
518.6410
824.5175
587.5713
211.2793
447.9750
552.2807
477.3178
342.2385
930.6991
1033.7956
685.7747
534.8270
612.9805
379.7164
394.4502
436.9066
928.5461
611.8392
507.7819
762.9341
692.8046
480.3592
355.6183
355.3557
425.4830
127.5126
207.4846
667.5332
832.7262
447.5778
399.9422
283.1921
576.0707
427.7464
144.0183
95.3168
95.8115
269.3858
452.1036
122.0339
191.5418
84.6710
277.6539
464.6489
520.7330
684.2957
520.3583
36.4419
110.5234
144.6252
115.4541
111.1284
37.6929
312.2309
572.2071
391.8563
399.0088
175.8039
144.2576
222.5184
666.4053
743.4381
658.6700
563.3791
403.6487
150.7565
137.6025
156.8074
138.0633
293.7658
117.5786
299.9654
317.2745
230.9717
511.8806
232.9220
742.1326
744.1312
246.9206
126.1692
69.5451
55.6682
118.1622
299.5921
600.8189
404.0421
551.6225
396.5531
512.0369
502.1502
175.4946
227.9490
268.2462
785.9053
717.3553
673.4726
623.2684
448.1390
155.2661
220.1142
321.1262
258.0573
171.4492
145.8665
461.7579
605.4208
590.8192
240.6232
213.5349
183.3383
582.9320
590.8397
733.6662
503.0625
182.3887
243.0328
416.1402
525.1680
308.8628
121.9733
415.4065
618.1642
151.6459
339.1056
283.0962
487.4875
398.8602
124.0827
446.0038
843.2891
565.6655
257.7325
308.9369
734.4041
435.5410
408.9031
345.7955
816.9853
604.8741
312.9104
740.2980
487.8251
205.3673
513.0032
472.0162
148.2883
102.9265
427.1818
594.3888
71.8356
144.9867
312.9572
151.3029
96.2618
86.7869
299.3934
588.6847
637.6727
319.5568
150.9094
101.5491
245.2113
278.5952
761.6523
668.8683
346.2150
173.5687
347.1498
691.5050
436.5761
356.8182
411.6873
597.4996
585.2105
229.2971
708.2509
564.7839
364.6967
197.9755
85.0317
144.3656
268.4255
576.3173
412.7429
306.2002
474.9251
725.7323
382.0337
244.9178
339.3498
357.4571
126.4109
425.6289
656.5202
598.2014
608.5087
263.6548
289.1010
423.2136
624.1966
492.2824
148.3512
296.3062
784.7837
743.4511
662.3143
618.6883
542.2873
523.0947
812.1197
513.5051
97.7219
303.2887
670.8963
821.5251
428.5261
59.3458
188.3860
209.8714
49.7011
91.6813
94.3090
41.6588
81.1043
382.9503
561.0712
94.4892
316.5586
753.0532
476.3621
145.6168
324.6992
491.5594
384.0180
444.5205
309.0024
389.5008
255.3151
646.0980
677.3663
661.2849
263.1802
64.4222
200.7332
349.6166
152.0118
324.9042
617.9926
536.3232
336.4249
257.6267
184.5770
149.4991
145.1793
208.9131
148.2932
183.3930
218.1277
307.1464
209.8914
181.9410
698.6519
609.4269
249.2317
473.2674
432.2656
278.8545
196.2923
159.4675
138.1555
151.3269
226.1991
407.4212
477.0504
94.4901
397.5343
836.8333
509.3824
378.0225
576.5162
669.5006
598.8490
410.1833
488.3663
667.6367
332.9766
592.2155
238.0467
89.4277
356.7741
408.4431
338.6779
765.3020
420.9071
151.1722
417.9772
646.0097
638.5249
799.0738
782.0262
866.5703
778.5764
863.0345
706.6080
438.1969
154.0470
247.5908
154.4037
184.0225
647.4268
429.6287
281.5120
470.9833
408.3032
215.0367
179.9075
120.8754
293.7082
839.0584
732.3993
650.4755
792.9823
661.1211
419.2208
150.7292
180.0091
74.2056
41.7060
67.7948
107.5675
169.5745
302.1126
831.6239
794.2357
841.2341
588.4983
166.0149
117.1623
93.8882
139.5936
127.8023
179.3855
94.8912
191.8440
357.0859
674.1100
466.0664
327.1717
381.0227
183.5238
299.8704
439.5180
882.2695
582.1022
177.8613
111.1049
160.4203
289.5099
252.7745
548.8211
308.7854
90.3423
165.8905
46.1637
192.5383
415.7507
515.2114
323.6046
801.6586
543.6610
349.6775
549.7033
337.3099
660.8365
691.7899
759.2872
817.0588
882.9890
1050.5439
1056.3800
833.8594
654.7575
423.3651
377.4684
495.9186
55.2562
53.0219
89.3496
261.4290
644.5694
420.7561
112.3897
174.0701
230.9374
691.5634
596.5887
286.0481
260.5055
227.2378
162.9221
240.3335
471.1595
128.1873
164.9458
383.6382
415.8260
865.1413
845.3285
448.3166
125.2354
38.9023
238.5150
583.7344
474.8949
294.8337
283.4873
607.0326
405.6131
689.9528
648.5844
467.7155
497.1957
846.1075
601.1165
183.4579
351.0281
718.9857
682.4478
345.5838
312.9084
470.1387
416.4618
442.1503
63.7474
325.5199
405.3604
199.0424
390.9407
499.1407
419.5158
500.3038
430.1634
767.8954
637.8276
601.7771
400.2559
364.3058
1001.4177
900.8069
572.6793
52.9523
73.5953
173.2979
335.8407
571.9514
124.8623
243.6002
291.1359
335.1628
448.0553
444.1144
332.4213
399.0988
236.9821
517.5942
351.6691
417.5178
92.1326
266.8262
479.6239
168.6287
326.6374
394.2749
232.8451
362.9209
447.6554
345.6315
745.1565
712.3602
783.3960
723.6296
584.3992
547.2548
461.4332
509.0445
647.0359
565.7131
245.0086
739.9646
639.0112
662.8832
880.3912
539.9002
175.4922
312.1829
528.8459
314.5038
444.5153
62.5830
106.2386
353.5770
529.1991
152.0202
110.8674
144.4000
318.9130
447.2385
605.8704
502.4527
520.0542
436.0189
479.8645
258.1229
562.8839
552.3405
549.1935
402.4817
607.2680
481.2246
66.8708
78.7916
189.2554
106.8787
167.5328
91.3001
121.9284
149.1516
103.3199
124.7547
220.6863
212.7891
151.5645
354.5142
757.7499
542.6677
260.3863
657.8731
572.3431
90.5047
200.3135
375.4575
380.7316
756.6909
346.9843
439.9819
332.1038
439.3225
543.5852
626.4718
70.8412
256.7739
760.3718
445.6654
191.7466
162.6706
460.5932
621.2647
106.2685
299.5884
647.7419
645.0550
712.3838
508.9900
195.1209
209.9916
401.0072
406.7168
329.0016
89.9459
103.9237
165.8939
565.5569
851.3815
414.1137
271.3362
521.1362
244.0899
421.2965
133.7505
205.9638
432.6627
420.8482
97.7722
454.4965
633.4996
556.4770
372.0912
292.8168
112.5324
104.1604
79.3932
145.0640
219.3024
454.7904
216.6487
545.4171
543.6489
413.1314
54.6319
165.7374
226.0402
313.1373
423.1853
90.8151
121.3808
415.4042
718.3868
549.9860
244.8162
87.6704
272.8618
257.7645
124.2496
475.4305
800.1688
701.1526
362.5041
141.5679
431.8997
707.1838
500.4698
395.3508
319.1331
352.0218
62.3853
94.6513
79.4591
119.1264
123.6389
44.4636
179.4690
349.4741
245.0418
595.3152
1178.5639
892.3302
612.8109
253.3147
260.6113
503.1190
486.9244
290.3835
802.5881
1006.1330
559.8068
120.5417
252.8022
392.1941
458.9493
660.9621
457.2707
602.5847
761.7340
305.0726
126.3338
71.0960
164.8712
464.7328
687.2347
268.0170
312.6783
301.4621
142.6426
395.3421
528.5594
73.7845
257.0725
453.0616
380.8605
40.9182
402.5131
807.2274
652.3619
650.9836
562.3088
71.2678
125.6600
112.7248
312.6545
444.4614
132.5307
196.9296
283.8382
320.2048
358.8578
894.2050
842.1155
514.0834
226.8723
446.7248
168.4726
340.5596
524.3489
260.0247
227.2390
163.3715
336.3735
244.2743
184.1087
400.7894
797.8321
695.7653
149.1556
456.6983
671.9288
209.1672
394.8297
345.7222
87.3015
89.6738
63.5846
334.2456
593.4245
571.4359
366.9848
535.6570
61.4084
108.7701
50.0877
140.6968
116.4322
244.5343
623.2272
643.1356
345.0078
101.8016
418.8398
476.0570
189.5585
263.6244
153.4114
211.7204
681.5699
708.0173
481.7728
631.7786
887.1223
541.5541
168.3888
189.7435
312.4086
157.5344
229.9887
288.4170
715.2759
427.1238
306.4651
755.3745
656.5855
355.8643
188.0202
511.3006
538.4604
199.8873
605.0288
471.6967
37.4439
46.2069
66.7607
396.7840
730.4763
387.8932
533.7995
557.3172
134.8415
154.1652
636.2325
741.7538
528.4614
164.3717
352.5911
492.7189
106.7026
98.1308
105.8247
211.7962
450.0983
378.2154
76.8645
114.5010
185.0040
454.4220
717.0021
746.1120
842.4152
709.5517
753.5629
623.7892
465.4119
604.7911
621.0313
88.3889
282.6661
763.6093
496.9368
160.7746
204.3356
122.6448
93.3362
120.4408
330.3373
473.6006
412.2487
513.0627
149.3054
79.4055
94.7901
100.1828
152.2281
477.4068
832.8252
854.3153
677.2154
793.0020
661.8851
271.5267
662.1893
433.3814
194.0112
359.6630
237.3713
271.6367
231.5728
118.3592
118.2268
342.7383
507.7704
875.4784
539.7843
179.3531
658.0754
707.1651
349.8700
399.2632
252.1888
656.5657
460.3734
203.4955
786.0326
516.5988
236.0268
587.4082
473.9254
533.8949
305.9116
536.1912
287.0156
506.8055
412.8491
647.7231
238.7499
214.9194
431.0209
155.4695
120.5881
97.5856
349.7047
837.4848
934.0817
703.4738
496.6137
669.2593
405.1015
107.9879
118.5463
429.0567
544.1319
519.0066
514.8158
439.9894
634.8270
452.4865
542.2391
405.9559
332.3121
427.5774
235.4374
234.1853
113.4489
316.3079
371.5729
82.3706
42.6683
111.9587
264.2248
154.0239
146.6025
356.6057
442.1027
194.6481
196.7463
434.9622
696.1242
254.1547
264.6553
236.9507
382.5358
598.6127
320.6950
816.5533
745.8811
432.0590
225.4931
239.9708
489.7835
683.7571
201.2132
233.8309
381.0674
667.4571
424.0592
606.6633
839.4211
892.5726
805.0475
713.0927
451.1961
304.2513
244.0238
426.9460
485.5035
107.1274
184.1134
147.3718
315.5214
513.5056
133.9483
384.3256
886.4466
559.9703
111.3571
335.4484
430.0906
603.0723
252.6567
128.2685
44.2592
139.0828
453.5802
606.1455
507.4908
547.9229
650.7499
411.0756
426.7154
715.4456
741.9855
474.8990
493.0247
384.9343
188.3467
301.9103
467.9158
278.9632
597.6667
554.0313
191.6460
336.4882
411.4564
429.8049
155.0629
364.1179
744.8673
688.2183
614.5238
482.5876
461.3785
776.2635
792.7699
788.2458
528.1829
57.9887
354.8273
545.9358
123.6499
134.4475
219.6130
343.8743
738.3542
733.2910
704.5028
565.6105
168.4598
148.0329
157.6524
302.1134
626.9798
329.5297
124.5569
157.8362
300.5709
761.7082
757.4102
576.6987
467.2501
534.2213
330.5451
665.1408
589.8601
351.8198
548.1042
356.9934
777.1271
482.1971
570.0516
825.0547
441.6048
163.5794
110.6124
190.5109
306.9098
409.6244
126.8490
193.4856
189.5496
386.8445
430.2293
361.2576
394.1122
75.8653
106.1485
59.7563
251.0035
469.3790
519.2477
560.0228
121.6758
343.6963
809.5461
715.1995
543.8937
185.9139
61.8129
137.7934
172.5062
198.0938
274.7231
245.9882
71.1684
367.6072
544.5509
164.5481
351.8323
371.2783
201.6945
300.6272
128.5913
338.2692
589.9977
200.3598
295.1614
557.9858
447.9350
222.3071
438.7779
313.1412
41.0929
114.6185
368.4014
493.1128
564.9093
248.4401
120.9052
151.6074
302.9391
812.9676
776.5991
794.4677
808.9275
541.0735
218.6777
212.7902
318.8199
497.4743
73.1420
207.4480
510.2969
381.0975
372.5947
926.7554
730.5529
521.6858
180.4493
86.7220
121.8314
87.9213
64.7203
324.3732
479.8933
140.7986
164.5594
692.7356
552.3681
60.3237
235.9271
482.6910
529.0470
876.5823
980.8884
800.2845
397.9452
222.8083
154.7134
351.5705
793.4490
540.7658
129.5169
144.3640
116.7736
121.6496
188.0817
120.3088
276.9252
367.6757
474.5472
665.8854
549.9051
238.4519
419.3273
399.8291
725.0330
456.5252
119.9423
250.3061
145.7323
136.3141
398.5158
440.8881
310.4850
651.4154
330.8977
304.2333
318.5498
187.0594
63.5585
98.9596
269.0208
692.0982
629.2977
363.5047
261.4563
453.4244
339.7585
235.5177
223.3336
219.7956
860.1142
692.9877
384.1186
332.9656
234.3157
188.2723
161.1799
185.1387
565.5886
702.7360
574.2565
229.1361
184.0115
466.1918
172.1275
275.6577
367.3180
752.8598
767.2974
791.1287
728.8176
765.0616
758.0833
483.0987
222.5638
552.3269
417.2154
132.5386
310.2571
695.8879
657.7709
786.4217
723.8180
464.3448
50.4907
172.6180
470.1875
578.6970
291.9405
772.2023
815.3476
904.3032
649.3260
483.3126
432.1796
83.8916
168.5798
189.0572
288.3197
276.2850
994.2007
883.9703
918.4496
834.5701
686.9188
372.4794
389.7975
546.2267
130.4833
265.1041
538.5281
754.9854
1002.7388
808.9032
572.3487
504.0518
518.9349
32.0661
155.3046
226.6420
552.4482
747.5785
804.9616
258.6188
194.2375
403.7609
476.8557
399.8627
460.5748
311.3159
604.7425
454.7511
78.1703
281.3302
661.1229
538.1981
713.8757
659.4545
448.2643
341.0337
498.2462
340.0174
553.9772
641.5795
369.6989
149.0625
308.2320
421.5102
220.4532
110.6683
467.9239
795.9711
764.2770
849.2642
833.1510
633.8975
162.3476
77.2237
61.8723
73.7879
140.2523
436.5028
272.7413
282.7803
863.3803
1055.8167
811.3818
466.0626
213.1381
457.8426
470.5361
159.1809
128.9268
163.5514
227.1369
294.2223
343.7649
144.2689
139.8134
242.1546
199.9750
211.5935
209.5403
393.3395
139.2945
246.5829
299.4991
362.9031
527.3387
384.0574
697.4747
801.6251
581.2695
123.2982
114.9108
313.6977
563.8331
537.2349
242.9506
400.2789
517.5622
810.3665
558.5263
111.1798
171.8750
547.1782
560.9094
531.6152
639.2841
606.4329
647.0856
600.7592
474.3813
110.8387
202.3701
554.9534
733.4508
761.5986
723.3411
345.8170
79.6016
58.1225
236.7660
443.5010
36.3075
212.1097
498.4074
542.0510
240.9086
436.4839
461.1615
76.6791
86.8193
171.4765
250.3092
364.3337
673.8444
938.7781
932.9711
670.2576
419.3400
134.7800
256.7630
545.7752
300.6764
63.8247
107.9611
189.8481
518.7616
582.6724
262.7308
157.4054
435.4327
448.1362
167.4434
498.9881
722.2251
836.5458
499.3834
107.1970
119.4376
284.4166
307.7562
211.1020
215.7018
543.7596
619.3445
155.6551
433.4394
783.5821
880.6612
609.1823
246.6263
561.7927
430.8257
154.4407
117.4664
99.9896
186.5400
398.4549
270.6266
359.0590
451.2656
515.6138
214.4147
120.8688
330.5088
473.1216
196.9832
352.6178
78.7651
184.6349
324.3968
999.5034
648.4446
215.9505
380.2525
485.9062
459.9058
357.9510
715.1719
726.6010
643.3336
620.9961
832.1499
684.8262
422.0076
542.8044
555.0226
111.4874
49.8857
59.9664
148.3446
650.0957
520.0001
184.7899
335.6446
114.6973
350.2025
331.9001
400.7796
394.9306
259.9228
146.6033
203.7872
184.5010
528.9928
509.4579
347.0829
819.6068
579.3312
166.5285
341.2607
700.5852
514.3115
304.7429
615.6974
450.5412
176.9262
193.2138
357.0210
560.5367
192.6373
354.2294
643.7295
912.2982
727.3102
712.0890
661.3485
117.1545
304.9851
745.4393
368.5387
97.9728
201.9757
87.7559
39.8164
326.3071
699.1297
278.0428
198.0566
163.5384
198.9828
358.4614
630.5657
717.0763
850.5493
849.9270
504.7376
124.1220
243.6976
748.5594
704.4742
633.8341
635.5655
546.6958
729.5133
857.1692
719.2127
549.4839
232.9143
134.8927
175.6704
437.0508
923.5732
530.7780
120.9793
199.0730
245.6484
322.6535
790.9383
716.6223
472.4998
99.0615
94.0214
268.0724
182.5620
107.0522
404.6488
566.9635
80.6379
227.2857
564.5466
321.5172
134.4091
551.0196
649.7863
183.4608
411.4799
333.8448
196.9030
87.8031
78.7591
209.9062
346.6316
560.1398
679.5073
591.8221
884.2823
720.5752
282.0806
92.9880
61.6865
292.9703
375.8285
232.4072
476.6848
467.8932
795.9034
913.6038
611.6492
262.8875
273.5218
327.4168
654.0258
769.0712
717.3684
502.2540
634.3247
880.6937
782.2591
645.2505
444.9712
373.0159
187.1419
46.0733
188.2602
467.7086
712.2237
418.3750
400.2308
583.3363
617.8550
606.2416
230.5462
63.6226
291.0697
861.0451
958.5573
1066.1441
977.1787
784.2745
570.7438
424.4919
223.1201
174.3780
202.0431
648.5592
714.4502
611.7020
386.6631
228.7079
441.8508
429.2228
441.6433
239.7716
587.2219
405.2377
236.2213
782.2330
773.5500
777.5920
667.3428
567.2112
694.9931
546.1844
347.3855
421.0152
321.0231
341.1148
264.4671
250.1614
295.9220
447.2137
251.8081
484.8328
438.2726
597.1799
405.7085
775.5782
645.4607
330.6172
736.5325
605.5286
274.7085
327.7158
258.8862
111.9654
256.2813
573.8097
783.9330
253.2479
255.9737
563.8426
467.5922
242.6514
361.0569
232.5991
274.5610
138.8363
39.3313
74.4783
106.9685
103.0306
359.3726
773.7170
476.8187
159.0272
296.9034
352.0005
639.4287
870.8801
608.6929
197.1084
365.2834
682.8276
530.6640
222.7476
120.2690
286.7531
488.7239
205.0130
234.0523
445.6852
158.9077
308.3239
475.3808
223.8615
398.2999
201.0131
155.7850
193.0152
303.8913
781.0601
808.7458
753.5006
511.1845
424.3858
777.9571
879.6998
719.4502
732.6239
509.1779
400.2306
890.9320
578.2745
216.4259
336.0589
746.5963
564.9771
341.5210
225.6001
550.1858
239.1588
224.9170
632.3901
461.6818
278.0062
746.1410
647.5155
220.6892
345.7747
333.8201
572.4962
594.3744
487.1372
369.4068
188.0011
225.6360
800.4473
588.5631
459.9659
331.9294
440.6515
609.0066
325.9406
406.9861
69.5357
24.0496
87.4710
245.2467
433.6884
446.8928
144.4156
152.3418
376.4679
346.3662
556.7562
123.7334
122.4341
387.2066
474.8081
279.2225
468.8812
30.3196
164.7438
328.5997
374.0454
650.9119
314.4506
147.8966
225.1455
265.3686
568.8610
375.8232
141.4135
256.6708
72.3197
107.1933
115.1674
204.4438
213.3608
356.3005
291.0530
614.8523
356.5999
787.2686
888.4877
611.0684
125.8910
97.2140
407.2367
1048.4038
794.1165
427.2924
433.8423
398.8891
397.6084
160.7319
196.5780
183.4420
427.4112
639.1042
787.3997
545.8367
562.9284
71.8734
179.8889
195.1168
128.0615
173.9851
488.5351
969.8650
570.5625
128.5580
308.0416
276.8566
133.8069
283.8105
716.2218
745.6093
335.0175
348.8227
691.3426
688.0178
749.2958
759.6766
542.2590
101.9077
224.3315
433.0721
264.1551
195.6136
321.6006
220.7813
183.2059
487.7852
353.6682
246.7597
599.6526
728.1609
691.3540
605.3130
332.1277
80.8594
354.7875
947.2284
840.2806
693.5121
535.9820
583.9949
351.7783
439.4911
217.0179
298.5886
288.2598
271.6538
188.6567
72.2976
189.9959
86.2567
125.9589
202.0063
259.2381
114.3905
300.0956
612.2854
678.5188
502.7449
822.9900
619.6042
252.1519
329.0446
844.3579
725.4631
652.0676
604.2404
541.9193
591.3532
400.7566
554.8835
665.0550
287.0056
546.3391
269.1637
87.5300
89.0283
100.5241
384.5373
703.9296
601.5616
855.3881
759.2611
551.6432
530.0423
244.1475
450.1030
727.6935
849.4516
803.7061
871.9047
623.1403
369.8422
325.0721
304.8259
704.7056
886.5446
637.0582
538.7262
804.6020
597.1013
251.4631
763.9157
647.6775
241.1585
458.2288
428.0059
736.6238
905.8294
806.8107
695.6009
604.0311
356.3540
235.7460
261.2346
399.1713
616.0210
201.1873
204.7423
539.8301
693.7265
352.8379
99.7261
124.0528
254.2376
87.4904
285.5552
465.7461
329.3172
463.6996
690.3845
564.4376
267.1173
639.6520
837.8965
602.2226
108.2705
146.6786
178.7425
263.4197
178.9697
295.4597
336.4825
130.7138
208.5179
552.5725
347.1729
360.9557
423.2106
103.0971
381.3005
408.3664
136.5594
173.4878
92.6818
220.7983
140.8376
156.8862
170.5437
467.0661
999.8663
888.6656
867.9655
950.4022
907.5955
656.8483
295.4255
412.0198
475.7955
683.6583
375.5877
139.8633
112.1011
421.0390
756.1929
280.0322
203.9378
461.2682
875.1321
1068.8651
866.3166
628.8589
442.3096
144.8002
254.1206
798.8379
762.5068
898.9989
987.0648
1123.4883
913.8801
979.7224
866.6898
475.1739
264.7595
716.1003
801.6395
677.2143
485.2730
348.9644
337.3995
785.4024
882.8589
599.5899
188.6154
110.3414
120.2735
391.5305
284.0538
99.8929
262.6360
701.3750
707.9428
456.7949
185.2293
334.2104
280.7798
489.4481
360.5691
207.4407
400.0387
195.7134
237.3384
63.6879
298.3967
834.0842
772.1905
860.2910
905.5227
775.1753
929.8109
553.2741
228.0322
447.0492
71.7457
238.5072
468.9010
134.8342
245.2120
506.4191
450.6435
200.7827
139.2608
109.7765
224.6465
633.7575
492.4559
480.7763
399.3327
106.5660
263.3594
430.3543
1041.6788
685.5186
224.1210
204.4252
279.6470
789.9213
552.8146
157.7861
324.7684
200.9589
317.5684
287.8465
651.1810
1043.4485
961.6369
782.4793
684.2887
739.3330
651.5872
663.2811
1158.0813
1020.5431
807.9297
720.2422
746.1138
465.4754
351.3601
229.6375
199.4834
288.3487
489.2717
535.2080
653.1727
211.1673
540.3542
902.8281
694.8128
250.6893
32.5802
134.2468
527.8840
687.8334
814.4953
880.3070
783.6933
540.7308
282.1288
690.8709
492.1495
270.4625
306.4348
461.4250
550.0621
121.5173
88.4190
473.9943
618.0832
93.1658
105.5975
380.9414
758.2964
762.6893
544.9158
348.2563
710.0938
537.9025
392.5616
99.0106
180.1625
132.5901
367.1315
520.6482
424.1740
607.9121
503.2001
614.9399
928.4154
937.0049
840.9075
667.7765
342.5144
209.8404
247.5191
335.4680
337.3339
175.2640
221.5141
56.8889
149.3988
422.0895
1007.4473
1050.7569
932.7675
942.7843
948.2635
1019.6317
866.6378
857.3753
573.5390
152.9277
167.8025
239.1320
281.6345
466.0463
656.5734
423.0255
468.7682
169.6293
185.4905
208.0342
369.2646
105.8672
341.7315
1004.5776
653.4259
490.0814
207.0747
301.1430
483.9836
141.7146
357.7472
758.6757
503.2820
248.2185
165.6811
124.6566
261.3370
137.2734
316.3613
232.1461
195.4861
333.1634
442.3821
384.0789
640.0669
129.6134
98.6157
152.2187
161.0522
186.6043
79.7329
107.4210
209.5118
441.6849
249.0577
382.7044
264.2456
177.5438
447.4094
164.6037
340.7251
501.2044
137.7862
155.2802
277.3460
147.0582
160.7468
104.1594
355.0635
514.1043
399.9440
881.2994
777.6133
592.8412
433.6252
342.1829
444.4752
336.1907
574.8527
514.5711
510.6935
442.8167
189.4991
36.4978
39.2662
336.0455
921.8472
684.6549
330.7252
312.7956
460.1166
661.8826
1020.0215
797.0259
475.7729
200.8949
291.0418
74.9844
249.6494
644.1414
523.0359
156.0584
85.0420
82.0626
121.9823
228.5655
378.0719
368.8498
595.1928
183.2016
184.2726
413.4169
436.6208
113.8071
206.7687
709.5223
849.5257
517.5197
209.7672
366.8490
486.0851
234.4141
608.9144
639.7574
304.8503
326.5111
482.6677
341.0916
197.5229
181.9237
320.5198
317.4500
602.7711
744.6129
802.0972
893.2274
584.3979
453.0318
459.0842
286.4466
356.5739
117.8164
215.6039
261.5888
300.1221
374.2856
592.8676
519.6232
410.2310
276.9905
108.5236
187.4612
58.1393
65.3255
367.9655
492.5583
41.4718
39.0051
61.7308
93.2362
125.0422
291.0458
205.4402
365.9473
583.3182
778.6781
483.4277
216.5348
313.8855
327.8349
527.1190
816.3395
528.8014
57.4422
84.1221
520.7107
622.0030
156.4422
440.8612
510.4478
468.3670
276.5378
90.6506
151.2977
334.4101
215.3454
93.6318
318.2223
534.5900
242.5806
115.7750
166.7261
282.0244
243.0246
298.9729
255.7799
271.1554
225.3005
478.2640
462.2107
459.6872
415.1500
242.1105
109.1056
77.6714
192.4499
363.3203
598.5068
787.3866
661.3354
671.6553
691.7951
594.3852
854.7912
914.9902
822.9405
606.2227
717.9808
998.6623
879.1876
424.1982
56.9274
168.8917
439.9863
509.6873
257.0403
482.1937
612.8214
302.6696
652.7057
494.5586
222.0157
418.3866
765.7033
644.2213
158.9217
88.4124
403.5120
454.3941
293.9492
422.8016
220.2718
194.4799
356.2947
594.4850
850.0607
586.1257
128.8794
161.3698
174.7416
499.5712
856.3980
615.9846
374.7389
617.7095
583.9515
557.8289
600.2078
282.6692
460.6313
194.1388
412.7566
765.2885
523.6395
362.4875
181.0880
303.5041
494.7084
165.5822
182.0153
150.9462
123.2971
291.7351
460.5559
786.7730
680.5274
55.4882
145.9257
401.2009
764.1966
800.7729
607.2123
353.9330
196.9235
129.3716
75.3986
156.8507
363.3498
293.9671
234.9397
722.2998
907.1582
606.5492
72.3769
395.6968
877.1329
803.0141
557.0480
104.3586
84.8831
208.5514
373.0883
800.6925
628.7586
505.8157
528.5437
598.8088
896.4988
917.4099
919.2026
1056.0544
831.0230
722.2443
622.9725
403.3759
818.4912
770.9757
593.5780
423.8046
915.2236
1009.4518
961.3356
893.9431
623.4043
596.0379
518.6063
113.5141
365.1612
416.8878
193.5344
98.4646
139.2671
199.6603
464.1113
750.1002
945.6412
877.3738
948.4013
964.2308
989.1869
1034.5511
897.9635
891.8664
802.0504
588.0059
525.2822
592.7911
1098.0066
998.3762
544.0743
107.6876
400.0248
704.0150
769.9746
524.9570
110.2147
251.2214
352.9758
745.0315
938.0963
573.5099
334.3688
851.4025
714.9181
518.5108
554.7938
653.9748
260.9291
275.2344
748.6353
651.1353
357.5327
249.0424
199.3915
398.4899
570.5189
580.7510
405.9749
538.1602
357.8317
347.9204
399.7699
305.9342
532.5357
55.8088
285.2518
606.8580
252.1340
296.7934
161.8459
535.8657
577.7771
364.2576
312.4974
955.0340
957.0128
921.0605
688.5836
346.8996
240.3378
457.4152
112.8240
361.0416
379.5844
306.6213
341.0294
203.9236
202.6804
91.8712
110.8607
190.7811
563.6641
960.8295
701.9442
239.8175
512.4810
331.9279
228.1515
523.4651
568.5424
69.7491
145.9803
137.7932
185.8935
229.2571
91.9683
311.0465
1032.1767
1045.5172
1110.6072
1082.7227
793.8558
492.1402
377.2449
544.0652
69.8213
99.4983
186.7890
660.4211
737.8898
698.8730
759.4599
380.0596
214.7249
433.0617
292.2412
338.0759
409.0896
1134.8379
975.3233
626.8528
297.3648
115.0891
341.0934
556.8327
457.9333
222.6377
215.8893
160.6791
197.5575
343.1976
278.6367
183.2507
387.2726
706.3893
650.7054
413.0789
282.4409
474.7032
901.4699
849.6029
1021.1421
760.2425
769.5633
856.6517
953.5815
925.3686
527.9500
238.5125
259.3161
427.1512
175.6580
187.6703
198.3313
336.5809
459.7923
766.7634
937.5745
645.6515
464.4062
482.9441
128.2997
292.9004
488.3101
702.1929
338.9974
37.4047
84.0011
235.4319
328.2220
428.8331
305.8875
313.3924
152.7123
356.9340
392.6292
167.9839
259.1147
292.5686
194.9003
353.1588
306.9289
504.5996
847.1207
779.6582
714.8380
812.0698
742.8763
771.9150
346.7945
211.8757
268.4345
53.2523
324.2705
545.4128
203.9630
150.4914
385.3902
552.4835
266.2956
710.1948
917.4546
598.4242
278.2935
413.1830
160.5976
139.5391
420.5337
636.3049
502.1641
781.1943
705.7266
707.9199
907.1987
674.8420
313.2596
523.3590
198.4740
463.4261
502.1760
324.2658
737.9248
724.7775
569.0935
431.3598
501.6249
1018.5531
613.2163
635.7021
982.3964
1046.6027
829.6733
490.8223
108.3067
632.8586
1002.0932
968.5529
653.7669
638.3566
793.6105
466.4484
272.9080
520.9535
169.3772
358.5477
177.5264
157.1075
495.4422
668.0342
349.5946
670.8264
791.0326
478.9288
135.7656
146.2384
55.7168
39.9494
131.7699
205.1635
227.7653
166.6203
486.5385
793.6891
792.8898
424.2188
208.1542
566.1462
913.1749
710.0040
253.3580
225.2596
183.7189
159.6583
136.9729
498.0707
483.4025
148.7679
356.3976
565.5179
723.3064
478.5070
469.4508
298.2524
355.2871
243.3523
197.9409
193.8690
113.5672
387.9744
543.3689
105.0374
389.4365
758.4086
919.1715
662.3176
231.7282
295.0380
97.7626
173.4628
431.9277
293.0313
169.9986
297.1140
461.4478
558.7671
352.0358
410.7196
73.9510
272.9331
625.3107
405.8466
204.7622
292.5868
406.0993
247.9221
392.1289
651.6018
864.9945
814.2042
558.2678
180.6399
76.6047
118.8943
47.2131
107.7135
588.5318
865.1606
660.7843
427.7599
518.9807
243.6073
557.3495
160.3011
333.8957
562.9189
223.1769
330.8249
753.9319
878.8096
592.9923
267.4520
106.9042
425.5062
821.0765
576.0679
357.9813
772.0630
655.5301
694.9335
879.9033
831.7610
564.9165
131.7457
160.6123
171.7467
269.6384
371.8188
311.9203
440.1630
1024.7710
1101.3978
945.2117
398.2123
481.0634
792.2221
165.6723
191.7734
304.9882
527.8927
589.1443
187.6600
65.1071
43.1177
59.8945
192.0300
440.3530
204.9236
265.2317
757.7003
648.4226
345.2433
245.4614
468.4488
67.3078
135.0250
307.2564
271.8545
216.5103
790.5860
749.7323
370.8379
105.2803
108.6963
117.7884
95.1136
82.2635
192.6673
143.6650
121.4872
197.6132
56.2784
87.6349
152.3406
474.8076
666.6686
732.6289
719.9776
374.2396
74.6433
125.4636
272.7714
598.6448
230.4240
325.0464
377.0185
699.4657
338.2627
250.1513
742.8216
751.6676
674.2764
822.3981
735.0172
546.4552
560.8315
936.7168
1158.5642
1061.4287
884.5168
880.2519
1052.1645
1101.5449
924.3902
822.9486
789.2800
481.7966
186.3806
141.5759
298.1620
376.1410
854.7241
740.7056
516.0812
275.7738
239.7165
475.4697
485.7842
429.8233
698.9190
493.6890
354.8861
325.6515
290.3479
179.1268
407.2812
650.0450
146.8658
206.2066
407.2019
112.4601
121.3435
132.4121
453.0303
260.9135
187.4866
83.5323
391.7899
709.4527
506.6071
507.1737
265.2174
270.1487
247.8363
349.2971
652.5957
582.7561
698.9265
971.8795
947.2343
582.5177
192.2210
730.1057
956.0504
690.5233
621.0120
821.5120
476.6695
191.4837
245.8606
402.7433
280.7236
233.6533
58.6269
327.9548
947.6604
510.9029
133.0274
317.1631
687.5482
577.9798
164.4249
527.8680
585.7903
509.0347
1016.6027
770.5954
714.5327
699.7786
203.6721
134.4074
196.4811
183.2381
417.7582
1076.5596
880.8154
795.5075
515.5397
125.7022
376.6829
830.0870
567.6686
280.0900
219.4087
285.2540
615.8989
300.9190
354.4224
688.2918
384.8484
148.0891
281.0872
585.1736
462.3266
283.2597
661.2299
541.8574
251.9620
413.7628
178.8643
354.3590
87.6897
307.2447
445.5590
93.0864
250.2110
427.4981
173.2174
285.8972
259.1841
642.2199
546.6740
411.0093
379.3794
695.1451
369.4378
138.6257
546.5804
480.2422
194.6409
125.2028
173.2602
235.4904
725.9080
803.4424
743.5235
617.7979
245.1585
350.5384
471.5750
971.2231
679.6830
417.9245
229.0537
103.4357
183.3379
465.6793
865.5235
588.6749
318.4340
792.9286
1014.3258
864.0020
585.7618
314.1343
99.9203
295.4996
672.1567
438.5881
267.9336
481.7183
502.3760
274.5373
278.4337
623.5959
547.7254
315.9923
299.9175
132.4527
462.3892
853.0157
785.3328
733.1869
472.0500
145.8965
142.9229
133.8217
260.5205
130.6465
259.1549
437.8668
207.3271
377.5379
576.7366
394.6110
200.9367
385.7981
563.4641
277.9557
756.4769
722.1637
840.4347
617.1280
180.9070
616.0777
671.1102
268.4104
370.3859
316.1824
265.9673
519.2666
305.8904
310.1852
421.2052
230.7241
295.3130
229.9767
300.3534
405.0814
405.6041
393.6175
701.9487
572.4492
221.1174
247.4123
277.9327
236.4280
295.9337
211.7682
384.0490
771.6776
513.7249
365.1888
467.8594
180.7293
730.2071
753.4529
483.6715
347.6979
326.6802
186.7270
166.6951
250.6509
213.9340
678.1336
954.4275
866.0992
527.5578
175.1006
297.0063
463.0704
707.0213
230.5094
413.1215
586.2106
65.4162
259.5368
496.0357
79.1942
61.1402
74.0031
176.8451
371.4550
974.3692
886.5315
710.1854
804.6552
671.1212
503.4426
229.2097
65.0532
125.6378
187.0932
313.7632
455.7947
829.3152
688.1902
532.0665
200.8506
175.2228
225.3997
48.7251
220.8695
612.6229
862.8353
857.0580
552.3881
241.0503
213.9952
256.6959
765.2809
864.0740
645.3294
373.1066
368.1955
458.3967
677.5346
659.2911
717.4165
708.0570
532.2973
479.8324
321.0949
338.9608
1118.1075
704.2184
213.4343
98.9860
178.1862
744.5930
917.4397
842.2384
671.6166
787.3291
886.5754
760.5878
518.8181
160.8673
275.2199
316.8078
362.3580
464.7203
118.6702
164.1884
324.2901
172.1814
265.2735
644.1842
482.9740
371.6822
547.5988
780.7548
993.8067
933.0015
797.7721
805.2621
598.9506
314.5197
860.7983
1014.1646
801.0463
836.3204
1037.4773
929.4579
560.4006
383.8618
585.2905
234.6547
470.9859
345.7673
406.6018
771.9684
495.2745
88.6529
106.2241
226.9880
505.8598
585.8189
65.7045
376.3863
549.4027
205.8604
434.7075
417.9137
539.8598
296.0895
655.7754
771.1697
871.3902
623.6452
116.0257
389.4034
964.6645
743.9745
525.2358
573.9295
566.7877
174.2124
362.2844
513.5758
158.0647
111.3715
319.7460
615.2601
382.9610
277.2653
437.7233
137.7424
277.8812
568.8331
435.7894
464.7037
386.5415
869.9472
738.2182
525.5943
423.1446
577.3063
759.7390
598.4360
699.5974
789.6077
984.9149
941.3567
595.3844
86.2584
162.2017
242.0225
230.9423
200.1821
622.0936
869.5857
629.2327
560.8771
297.2076
439.7986
339.8433
637.8780
721.5401
645.6107
760.3669
501.5570
211.6008
176.2128
333.9390
845.5779
862.6045
755.8581
574.5750
713.7947
614.7690
236.7098
135.1774
533.4236
581.5957
285.6470
319.8977
481.8063
576.0775
166.4638
613.4051
875.3511
864.6810
957.3693
921.9009
685.9424
345.8671
501.7234
187.0749
202.4341
446.0560
102.4025
310.5290
694.7515
742.4287
537.6109
232.8391
419.0299
567.7355
415.6936
577.6394
159.5072
169.8773
173.9590
139.8467
164.0280
406.5658
1071.1677
1197.8710
1076.2585
986.2219
697.8792
322.3086
331.1120
385.4731
216.0971
200.8383
117.5765
576.1452
567.5066
256.9437
607.0601
730.5168
439.2221
410.4188
908.2163
743.0098
342.2306
155.4188
82.1811
548.0994
604.9765
148.3759
257.5564
582.4030
847.0792
867.1136
536.9119
403.2693
700.2546
600.5944
443.7733
369.9033
1135.8314
1037.8715
1038.3452
977.0230
738.0862
690.0468
547.1079
350.8791
848.0446
795.4527
433.3073
50.6090
274.2443
530.6514
179.2677
172.9124
564.9096
660.8447
329.2390
115.5261
161.5203
355.0150
449.5603
284.9663
377.5638
454.0075
243.4972
726.0752
1036.6512
645.0333
72.3214
248.4167
408.0038
311.0917
560.0482
385.1548
837.9107
634.5795
517.1347
827.9942
940.2610
1180.0651
1210.6311
1172.8353
862.0336
679.0111
554.0594
196.9760
378.8057
599.5724
497.8074
298.8538
615.5095
829.4950
711.1850
570.8070
205.2145
177.1568
220.6349
106.1673
183.4428
487.0391
487.2499
434.1609
214.0201
440.7423
581.4507
356.0983
392.5059
564.7668
204.7899
234.5428
462.3011
398.0938
221.0756
247.7507
269.0029
638.9498
773.9011
414.8130
130.9132
208.2008
494.9091
307.7250
358.6730
472.9067
35.9663
106.5499
227.5428
176.3695
167.2228
177.4449
285.9044
201.2929
666.3324
851.5025
748.6695
569.4458
528.4079
102.2001
386.5244
667.8026
911.2560
564.0694
271.8232
379.1613
152.4141
349.8451
658.9831
548.4243
515.9618
603.3689
176.2512
