4.7810
-11.8191
-21.2758
-4.0297
-13.2104
1.7302
-13.3133
-0.7066
-23.0027
27.1156
-6.0852
-41.6507
-0.9590
-18.4660
-20.3475
-6.7648
-1.0199
-0.7219
7.2867
-9.7057
-19.1906
0.6641
-25.4113
0.5036
-17.5421
6.3658
-11.7502
-23.0750
-16.0125
-8.4355
-1.7465
-6.2765
5.1844
-19.0109
-33.8451
-6.3146
17.6738
-16.1500
-8.5582
8.1447
2.7414
10.4238
-6.6527
-10.7486
-9.8672
-21.9787
-0.6645
-41.5680
-14.6332
-44.5879
6.3629
-35.9477
-10.0117
-21.4766
-10.6471
-9.5746
4.9383
-30.4331
-29.0820
9.2762
9.6201
3.3945
-17.4656
15.7131
-32.0035
-12.9438
9.0824
-0.2049
-47.2250
-29.0125
-17.5541
-7.3954
-2.2057
-26.1187
-35.8547
-36.1500
-34.6838
-24.7437
-37.0375
-2.9678
-21.6111
16.3293
-13.9848
-22.1212
3.2770
-1.2849
-18.6063
-9.4915
-20.5262
-48.1461
-18.8285
14.2371
-26.7961
-17.1934
-10.4918
-13.6980
4.1489
15.4330
-11.1305
-20.7512
3.1482
-34.4562
-15.7473
3.2352
-35.8164
-38.9000
-23.3808
-26.7320
-18.4752
-16.5742
-11.3412
-20.6973
-20.1629
-22.9715
-17.4381
7.0933
-29.2012
10.1820
-5.8828
-3.0631
-8.3391
-38.6938
19.7195
-17.9168
2.0934
-12.0193
-11.6207
-16.6011
-13.4211
2.3148
-21.5781
-22.8243
-15.0535
-3.9850
-0.5076
-13.4746
-20.5589
-13.1805
-10.3984
-19.2703
-2.9813
6.1188
-32.8338
-22.9539
-10.7101
-44.6652
-19.0034
8.9524
-23.8438
-23.5414
8.6539
-19.3592
0.7438
-5.1885
-3.3267
-5.5947
-18.9057
3.0104
-15.0679
4.0844
10.2609
-3.8258
-27.2373
10.8879
-4.8271
4.5011
-4.3618
-4.6824
-6.3973
-11.5965
-34.1373
8.4734
9.8668
-1.2273
2.3071
13.0042
-14.8453
-14.3365
-21.7973
-5.5301
22.2617
18.3219
-4.1943
-3.3421
-19.5340
-34.3363
-10.7492
7.1514
6.6944
6.1264
1.2133
13.6324
-17.3814
-14.2810
-40.2430
-34.2164
3.8318
3.7019
-7.5503
-2.9584
-27.6602
-43.1758
-18.3023
-16.8859
-13.1844
-20.0199
-15.3785
-18.9969
24.6912
-7.7073
-18.1291
-18.3166
-4.8262
-6.7879
-29.8051
-48.9500
-13.9461
-2.8586
-12.4320
6.3668
8.5711
10.6215
-15.3563
-26.4643
-16.3855
-19.1574
-32.6777
-5.1816
12.9627
-15.6645
-1.4898
-18.5055
1.4521
-31.3211
-6.7719
-29.4107
8.5429
-24.1416
3.7156
-36.6562
-3.2533
-34.0438
3.6215
29.7164
-8.9889
17.6718
-31.5168
-1.6117
18.3133
-5.0539
-20.4078
-21.6359
-7.2727
0.5373
15.2285
-18.6500
-45.6473
-6.8473
-8.2828
-4.6621
-14.0768
-2.9853
9.5937
-15.3799
-15.8090
-12.0338
-5.4759
-8.6900
39.9547
7.4082
-11.6150
-2.3027
-32.4504
1.9488
-26.5977
-17.0789
-32.5109
-9.3759
-10.5097
-5.2949
-3.6762
0.5562
-8.2461
-25.9516
5.0527
-11.2767
7.1707
4.9816
37.7352
-2.6574
-20.7926
-25.9969
6.8971
-7.5223
14.0779
1.7868
-31.6078
-14.8506
-20.4180
-25.1242
7.0548
-5.5256
-13.1020
-8.4084
-9.9723
9.3125
-13.7422
5.1327
-26.8660
-4.4646
8.5384
-4.6141
-21.7980
19.5176
-3.5580
-17.8744
13.4624
-11.4316
-1.7148
6.4895
-0.1172
-14.1488
-7.7762
-37.1289
-19.8533
23.9121
-16.6962
-15.4937
10.0180
4.2165
-19.9465
-17.7414
5.9619
-18.4015
-8.5480
-13.4543
-3.4521
3.6242
-5.3441
-16.3738
-14.0434
-20.4742
-14.2859
13.8711
-14.0061
-11.6586
-8.6734
-6.5830
-0.4409
-25.4182
0.7462
1.0762
-39.6898
-13.4387
-31.0375
-13.6055
17.1743
-14.7102
-15.0826
-20.1526
8.5473
-14.4424
9.2461
-0.6331
-11.4797
-21.6959
-8.3875
4.9753
-9.7656
-17.8995
22.6855
-2.4173
-32.6064
-23.7359
-7.1332
-24.7297
-12.9885
-32.7747
-16.9336
0.9297
-4.1280
8.5518
-18.9750
-12.1264
-9.0109
12.3719
-43.0039
-11.8935
-14.6594
-0.2891
-15.7770
0.7461
-11.6693
-17.3422
9.0303
-11.8545
12.3348
-5.9691
-32.3040
19.9406
16.9960
-7.4263
-0.5854
-3.2172
28.0652
-15.4531
-13.9137
-21.7891
-1.9568
25.2816
-3.7531
2.7271
-8.1874
-7.0570
10.8777
2.1411
-16.5756
16.1105
5.3531
11.0076
-20.1963
-5.6109
27.2145
-11.2283
-19.2099
-30.2816
-15.8078
-27.6473
-12.7557
-8.0710
-34.7438
1.0727
-8.3243
-14.2453
-6.8262
2.2816
-23.5295
14.9371
-21.6379
11.8668
0.4771
-22.7203
-46.0996
-12.9901
-12.9832
-6.4086
-14.2070
2.3059
-35.9137
-16.2223
7.2329
0.2333
4.7801
5.1445
18.6523
-24.6650
-5.9509
-20.6597
-8.5568
-17.7782
-8.3184
-35.2816
-18.0920
12.4252
0.6606
-5.1980
-13.1863
-24.4859
-26.4523
22.3422
1.0729
-0.8598
-17.5352
11.4793
-23.3382
-18.8766
16.3488
11.7344
-10.6666
-17.0922
27.5973
-14.5377
-29.9500
2.3406
21.4535
-20.5559
-13.4051
0.7366
17.7512
-4.4578
1.2919
5.1109
-20.6671
4.1668
6.1852
-1.4444
-10.2464
-28.1906
-12.5607
-29.9937
-9.4776
-8.4992
-5.8340
-9.8258
-6.3135
-15.6484
-35.5148
-18.5645
-10.3102
-0.4699
-21.2492
1.9395
-6.6742
-15.8684
-41.6336
-15.2316
-13.5866
-30.8027
19.7422
-19.2016
-26.1008
-24.2609
10.0691
18.7539
5.4895
16.9457
-34.6398
-33.1605
0.3027
0.9937
-6.5355
-13.2749
-18.1098
17.9711
-14.6129
-5.9742
-23.8725
-15.5684
-25.9732
15.9355
-1.7270
-1.7631
15.0879
-26.5277
-23.5195
-9.6809
-2.0154
-36.6898
-7.5816
-24.5395
-8.9316
-27.1400
1.6065
-12.9074
-18.1008
-21.1783
6.4617
-20.2819
-6.8826
6.8771
34.6406
-5.8520
-19.6316
-35.9867
-12.1102
-19.6414
2.9379
-25.0879
-14.4152
8.8571
-14.2489
-17.8777
10.8137
-4.8217
-17.4820
-21.7000
-15.0288
-10.2001
7.2855
8.8035
-12.3901
-26.5645
-2.3453
20.5668
-41.8480
-11.5836
-16.3617
-30.8586
-19.1172
-8.1783
-35.2445
12.8977
-4.0477
7.5811
-11.5902
-26.2625
26.9691
-33.8340
8.0268
5.4734
-20.8852
-13.3620
-16.3402
-9.2503
-0.6309
11.9797
-16.4660
-15.2910
-14.4351
-0.6822
3.6463
-26.5207
12.0834
2.4092
-17.9055
-17.2232
-4.7729
-4.7973
-9.5818
-3.8918
-9.4969
-39.2863
-6.3936
7.5270
20.0418
10.0352
9.8150
5.7332
-0.0178
-19.3830
10.7098
-5.0664
-5.2330
-16.7547
-7.7039
-20.7769
14.0016
-34.0156
-48.7594
5.2888
5.8309
-7.7838
-21.5016
-43.7207
18.9078
29.6344
3.8074
15.0502
-19.8297
-14.2578
-7.9891
-11.5862
-18.8768
0.5312
-11.2030
-7.8365
-27.3586
-17.5785
21.5895
6.8874
-35.8063
2.8695
-17.6094
8.0824
-29.9750
2.7955
-5.5680
-22.2280
36.8719
-5.9906
-20.7627
-0.6533
13.3290
-27.9898
-1.9023
-33.3191
-10.3678
-7.8236
-26.3004
16.7840
13.6706
-15.9859
-22.2387
4.1828
-11.1938
-6.0305
-7.0794
-16.1750
-3.6041
-27.3180
-25.3631
-42.1564
-10.5395
-24.9533
4.4773
3.3074
-32.3289
-38.2758
19.1684
-28.7580
-12.3664
-19.8762
-24.1215
3.7234
-35.5250
-19.6812
-15.4309
-24.1366
18.7750
24.1699
-26.7473
5.3123
-35.2273
-19.0027
-17.8238
-15.3538
-8.7828
7.1883
2.4223
-13.1328
-4.9086
9.3011
-2.6926
-48.9836
-11.9125
-8.9332
-7.6449
-2.6562
-14.0257
15.5087
-11.9387
-27.8724
-3.7000
-7.6766
-13.2445
-27.5852
-15.2199
-28.9497
5.9137
-17.4371
5.9887
17.4203
1.3312
1.3273
-21.8691
-32.7391
-24.4477
-26.6305
-48.5719
-23.8848
-5.0277
8.5902
1.4124
-3.1400
-24.5531
-0.6699
-5.3771
-40.0421
13.7660
-36.9672
-12.4850
-22.9805
-30.0996
-2.1742
-13.4691
15.8297
-7.5111
-18.6281
-9.8948
-12.7300
-2.4871
13.8108
-35.0375
-3.6723
-11.1692
25.3371
-24.2133
-39.7898
-8.7434
-32.3195
4.7988
-23.0621
21.4332
-6.9469
1.7945
13.1770
-5.2768
-28.8769
-27.4871
9.9250
-9.5123
-46.5375
-14.6274
-17.5984
11.6783
-15.1402
-2.1621
13.8996
-23.9329
-19.1180
-14.8135
16.5684
7.2719
-29.8797
-1.8779
-2.1773
-35.3584
1.7973
-5.0725
1.1215
-13.7143
-26.7000
-0.7698
9.8464
-3.7647
-19.8305
9.4570
-6.3266
-23.7589
3.4449
-15.4512
-5.3383
6.6804
-14.0647
-26.7203
-17.9203
5.7971
-19.0951
-12.2089
-28.3941
13.0625
-15.9652
-35.0461
24.1225
-31.2922
-4.8543
-10.9896
-31.2258
-30.7570
-27.6803
3.7013
-20.9211
-6.3885
0.2078
-4.0914
0.5527
-14.9092
-24.0484
7.2259
11.1605
-33.8055
-31.4184
-15.6363
-28.9520
-17.9097
7.4488
-9.7498
-18.9062
1.0625
-14.7109
-13.2684
-42.4977
-15.6173
-8.8016
-21.6430
-38.6305
-7.0672
-6.3193
-29.4312
12.1454
-3.8889
-0.9949
-22.2949
-40.2797
-9.6758
1.1891
-10.0424
-19.3289
-1.8863
-15.7395
-1.6492
-17.7531
-5.7937
-27.6474
3.3645
-17.6824
-18.8516
-29.7516
11.1988
-45.8102
5.3247
-8.0053
-5.4563
-2.0192
-9.7387
9.1679
-15.2363
-4.7006
-18.2352
-10.1131
-12.2727
-10.7645
-7.0838
3.0755
-28.4535
-1.2754
-11.1234
-9.1460
-4.2172
3.5652
-46.9141
-14.3275
-8.8731
20.6777
3.2559
7.7953
0.2447
-14.8468
10.5520
24.4777
1.4129
-34.9090
-32.7341
-22.3361
-9.9359
-20.0014
15.1977
-12.4598
4.9045
-13.0922
-26.1926
-16.6729
-4.0201
-8.9922
-4.7230
1.1211
-10.1604
-25.2465
-7.3039
-24.3137
0.9039
-21.5344
-2.5316
6.1961
-32.6135
2.6482
6.9305
-6.2272
-18.6491
-15.3923
-7.8923
-12.5767
-41.5367
-20.9609
-8.4116
-26.9434
-2.0828
-6.8311
-13.9598
-15.4949
-18.2883
-27.2563
-28.6773
-0.9793
8.5734
34.3039
-4.0309
5.2879
-31.8623
-29.5764
-8.6699
-11.0661
-31.5113
-9.0449
5.2813
18.3398
15.7609
9.2121
-1.8414
-28.4061
11.5727
-36.6326
-8.6076
-30.5672
-13.3805
-13.2270
-37.7812
3.1484
-12.5379
-5.0027
-11.0469
5.6459
-18.4348
11.2297
5.4377
9.3531
2.6272
-18.5633
-32.7703
-6.9723
-11.4408
-11.6613
-4.0305
-13.2945
-12.7680
2.4818
7.8258
-4.4293
13.8881
3.6230
-5.1562
-19.2889
1.4492
4.8488
8.0555
-7.5480
-11.5863
6.9692
-24.0430
-36.2727
-31.6461
18.3695
-41.3625
-23.5607
-8.9197
5.0350
-24.8395
-18.1336
-42.7566
-4.5232
-9.7652
-11.0500
-2.8332
8.7450
-28.4937
-7.9652
-33.2398
-8.1996
4.1445
-2.2027
12.3835
4.8063
-9.0594
-24.1508
-3.9078
-22.4000
-22.4641
-2.4114
-23.0602
-42.1859
-10.4387
-24.9516
-0.9439
-3.9231
-15.9563
-19.9668
-26.0105
-35.0602
-18.8830
3.2223
15.0914
3.3367
13.5820
6.5563
-10.1199
-32.7258
-40.5992
-16.4168
-22.2668
-7.3353
-29.8875
12.9945
-29.4508
-16.2984
-5.5074
-26.8000
9.7934
-10.3793
-1.2864
-26.6445
7.8324
-10.0324
-2.1409
20.8320
-15.1324
16.7758
-14.3113
-43.4016
-12.2047
-17.0115
-25.3902
-16.3027
-1.8152
12.1912
-7.9461
-8.9215
-12.7226
-10.3906
-20.0910
-13.3156
-8.4281
-13.8482
-3.7676
-10.9961
9.4453
0.1399
-25.5961
-9.7238
-35.6336
-2.2797
-31.0680
-22.9104
14.3543
20.8863
9.1198
-3.5484
-5.9461
8.9637
-0.2680
-30.1869
16.1559
-39.6258
-15.5616
-12.3637
-23.1518
-6.0516
-38.3691
-13.0725
-21.2703
-10.1211
15.9119
-28.6946
19.4551
-2.0469
-14.6346
-30.6496
-31.4299
-28.4445
-24.2594
-30.5090
-18.3640
-32.7840
5.5738
-1.4251
8.5328
-38.8567
4.2648
31.1844
-11.3381
-10.8102
-10.8477
-19.5469
-34.4930
9.4035
1.9835
13.4230
-20.8289
7.7845
-18.8203
-32.4841
-3.8984
26.6270
-13.1504
-18.5799
26.2523
-18.8367
-17.5909
-29.4539
13.2930
-12.6213
-14.2055
31.7008
7.1086
-5.5484
28.4727
-21.3822
-5.2092
-1.6898
-26.5430
-14.5852
-14.5656
4.7152
-5.2617
-29.6328
-27.5164
-8.9492
7.1658
-10.7426
3.8785
-28.7437
-4.4562
-1.9342
-1.4604
-24.5520
-13.8654
-12.0335
-33.3566
13.9249
-21.7215
-22.3844
1.0122
-4.9727
-35.5047
-37.0438
-8.9318
-2.3311
-12.3146
-32.7488
-29.6723
-40.2430
-33.0211
-10.9496
18.2469
-11.9896
-47.9531
-28.1008
-2.5450
-3.6594
-37.9695
-8.7492
1.2130
5.8578
-8.3662
-33.2270
12.1879
-10.6605
-26.8096
4.4555
5.4201
-18.1051
-5.6219
21.5359
22.3813
-14.8607
-13.1324
-22.0344
-21.5055
-16.0904
-2.4758
9.4416
-39.2633
20.5832
-39.5461
-22.0898
22.6180
-38.8680
-9.7833
4.6162
-9.0881
-2.1809
12.4998
-47.5299
6.2805
-49.6262
-16.3527
-6.7422
14.1758
-17.9848
-5.9977
-40.2812
-1.7814
6.2961
-2.8446
14.1140
-44.1414
-12.8875
11.6033
-19.7695
5.8949
6.5254
-7.4094
-1.0701
4.4262
-6.1480
1.2867
-15.2117
-3.5901
-13.1021
-9.8723
7.8633
-23.2781
-2.2682
-24.2078
-31.7758
-17.7629
-20.3658
15.5420
-30.5727
0.5900
-3.7900
-24.9266
-3.2090
-37.1422
-12.7477
-36.8086
-7.3012
8.1734
-13.4114
-6.0556
2.7342
-19.0277
-13.1629
-28.7820
-41.4525
-29.2809
-48.3219
-4.3498
-38.4891
-5.4087
-21.9590
-15.4812
-4.8578
-6.0238
-0.5164
-14.8043
-8.4406
-1.9867
-23.1367
-12.3797
-2.6437
0.8863
20.9035
-20.7711
-17.0043
-1.4764
-22.3508
-7.4012
-27.1086
-21.8516
-5.3343
-8.2437
-32.8625
2.9927
-31.2359
-32.2622
17.7664
-8.0152
-16.3394
23.6059
11.5568
-17.2769
11.9383
-17.1986
-19.0785
4.6719
-6.5446
22.9129
-44.0875
-0.7164
-17.3848
-38.9242
-19.5442
13.3906
1.6738
22.7469
26.5711
-27.1039
10.1965
-25.2781
5.8273
5.8590
1.2101
-21.7035
-7.7551
-21.7381
-9.7445
-16.2965
-35.9961
-37.6592
14.3359
-22.1828
-21.8047
5.4027
8.6514
7.9653
-17.9219
-2.8380
-5.7666
3.0699
-40.2637
-29.5500
8.8441
-16.1656
0.7613
-18.0316
-5.6533
-42.6648
5.0813
-7.0740
-3.3033
-13.4369
-18.1838
22.2211
-7.1499
3.0395
7.7702
-30.4068
4.9432
-13.1921
8.1751
-22.4715
-7.8405
8.4496
14.6484
15.3572
-20.6633
-7.7766
1.1488
-6.4135
-24.6527
15.5960
5.7900
-19.3557
-9.9941
10.9961
-14.6875
-5.1055
-2.2002
0.8164
11.4781
-27.2941
-19.1051
-16.7152
-10.4041
-30.5348
-10.2376
15.2422
-24.4178
1.3712
-9.3281
-8.4213
-20.6166
11.1568
-10.6271
-11.0406
-14.1531
-25.3977
-13.2433
-26.3859
5.1162
-23.8141
-4.0149
-2.6796
-4.4998
16.8242
11.9266
4.9230
4.7562
-1.5021
-7.0062
-35.8828
-20.8073
-16.3561
13.1574
-10.5625
-11.5758
-23.6844
-6.1555
-27.3016
-4.6711
-42.9648
-20.0762
6.4995
-26.4758
-3.4352
-16.9516
2.8918
4.7452
-14.0515
-35.4742
-16.7195
-23.4156
-26.5977
-6.9340
5.6174
11.4945
-24.6445
-8.3016
-8.3063
-15.4859
-0.7711
-32.3383
-12.2641
5.4613
5.3079
-24.0672
-19.3998
11.5029
4.8988
-0.7346
-18.9285
22.8090
14.1148
11.1781
8.2949
-14.3719
15.6285
20.2977
-27.6719
-42.0141
10.0271
-13.6213
-29.0246
-12.0031
2.9420
-36.4266
-22.6138
-5.3875
-7.4715
-21.7520
0.3980
-4.0216
11.6541
4.0258
-15.9617
-12.4162
4.5676
-19.0904
12.9160
7.9065
-45.7441
-13.8989
-21.7789
-27.2734
-16.7055
-19.8906
4.3424
-2.6543
1.0340
-20.0957
-9.8328
-36.3094
-47.2031
-30.5465
-8.4164
1.7473
-38.4906
-0.7445
-38.1312
-40.9977
-19.4488
-1.5068
-5.2174
-19.9035
-31.7330
26.2594
-32.5805
1.1702
-23.8789
-3.0416
9.2438
-39.2229
-20.4728
-1.0553
-24.2852
-32.2365
-25.9828
-21.8371
-24.7845
5.2805
16.5488
-39.7344
-2.7568
-9.7146
26.6391
-24.4270
-18.3080
-8.7064
-21.0758
1.2965
-10.1719
2.2516
13.0395
-17.2586
-26.3944
-16.6647
-13.1932
-9.8988
15.5029
-5.1102
12.4303
-19.2328
-12.5719
-15.3531
-27.3225
8.3281
0.4043
-18.1865
-9.9629
-16.2242
-38.2313
1.9571
-22.1721
6.4855
-17.6940
-1.7938
-5.0738
-37.5703
10.5360
-30.8004
0.3863
-23.5922
2.8262
-20.5576
-30.3844
-30.6285
-0.5507
-8.2523
-12.5281
-11.2398
-16.7164
5.9651
-13.8002
-36.2352
-22.4449
0.3180
-4.9662
-13.6438
-48.7656
-7.4846
-17.2922
-5.0770
4.9121
-3.9285
-35.0637
-29.6881
17.6907
-1.9501
-6.1766
13.3895
-31.2563
-19.5688
-19.9734
9.8033
4.0247
0.3602
3.1815
-1.5832
1.0549
-18.3754
-10.2777
-13.0281
-9.4309
-40.3399
9.1176
9.6418
-35.7648
-15.2332
-18.7781
-28.3197
-4.3887
-19.7326
-30.3758
-27.3230
4.9945
-7.5391
-6.1062
-17.8789
-1.0616
-2.9602
-12.3605
-33.9797
-39.9629
13.5191
-13.6653
-1.4396
0.4973
-3.5563
-21.6912
-16.3770
1.5292
-12.7734
-23.0734
-33.8469
16.2781
27.9552
23.4727
11.2558
-11.4594
-46.2492
-5.9853
-17.3418
-2.3617
-8.8851
1.4443
-30.5781
-28.6187
19.9332
-5.4248
-24.0939
-31.2687
-18.3568
-15.3284
24.7563
-11.2613
0.3773
-13.9354
-7.3395
7.3603
-18.5623
-0.3178
-48.3740
-4.6015
-16.2984
-9.3727
-10.2207
-10.0477
-20.7527
-18.3492
4.2350
-23.7265
15.4205
16.6265
-15.1890
-1.5131
1.5283
-27.8563
-11.9875
-41.1602
-27.2781
-20.1699
-35.4414
-37.8297
-15.0234
-40.8711
12.1219
-24.0172
-17.2626
10.3280
-12.7594
7.3397
-28.6526
10.9051
-33.1828
-6.2677
-3.3922
-27.7555
-3.0510
-19.0723
-5.2043
-16.9599
16.2500
-15.5492
14.5520
5.1004
26.7500
13.1184
-13.3869
14.5793
-27.4383
-0.2172
13.7302
-5.2875
-2.2961
-12.5303
-32.0859
-14.5084
-11.2602
2.7996
-41.6992
11.1883
20.3523
-8.9316
2.0333
9.5201
-24.7602
-32.9688
-23.6656
-4.0531
-5.8265
10.0732
-30.2406
-46.1109
-14.5852
9.4741
-12.0477
-31.3722
-18.5840
-21.8676
-18.4594
2.0947
-19.4552
-39.3930
-7.3422
7.8090
17.3942
-25.0979
9.1725
-3.3609
-30.8137
-0.1066
-16.5211
1.3219
-13.7307
13.6035
-4.5228
0.7850
-14.4367
-15.0921
-16.7819
-6.4582
-14.7991
-9.2703
9.9965
3.5650
-18.4609
0.0398
17.2172
-7.3893
-7.0787
4.2527
-17.7477
23.0324
-11.5781
27.4135
-16.5740
17.5703
-17.1277
2.0125
12.7621
11.5234
-28.9027
-22.3180
-21.8219
-3.5364
-11.0080
-3.0988
-9.5738
-31.1234
-7.0803
-2.9051
17.6855
-14.1367
-17.6203
-34.3148
28.5242
22.0684
-23.6533
-9.8906
-9.7027
-35.4957
7.1066
-17.9469
17.7165
-7.2736
-11.3445
4.5852
-32.6729
-8.0959
2.0355
-19.5227
1.7719
-11.1867
-5.4617
-31.9313
-8.6129
-36.1453
-24.1570
-10.2734
9.0177
9.2867
-25.1516
0.1915
-19.0131
-41.1414
-14.3521
5.2166
-6.4413
-1.4823
-32.8219
-23.7910
-11.8055
2.7168
-7.3379
-38.8586
-9.3787
7.2805
-5.0913
-44.6805
-2.9102
3.0687
13.4289
11.1086
3.6116
-6.9682
-4.4298
-10.4648
-20.9133
-10.3369
-32.6617
-15.1906
-17.1734
1.3719
-15.6035
2.0703
2.1139
13.7386
-16.7328
17.9783
-13.5579
-3.7117
-13.8004
-13.7136
16.1117
15.2449
16.1384
-52.0969
16.4164
4.1719
11.2805
-16.5875
1.9508
31.8922
19.4617
-1.7996
-45.2014
12.4453
1.9699
12.0852
-18.2398
-32.0637
1.8980
-7.8423
-12.7898
8.3828
-8.1248
-18.0633
26.7102
-0.4968
-30.2066
14.1027
27.0031
17.3614
-44.0570
-44.5648
-31.3211
9.2781
-43.9500
-7.6077
-28.2215
22.4949
-9.1270
3.7520
-10.3250
-0.0679
-17.0730
-27.2885
-4.2379
4.1367
-2.7768
-13.5742
-8.6805
10.6187
-11.2852
-19.4350
-27.5121
12.7635
-18.9871
-8.1454
18.1922
-17.2347
-10.5344
-1.8105
15.8418
-14.8227
-10.9041
-20.0625
-1.2105
-11.0539
25.9975
10.9812
15.6551
-9.5148
-29.7547
9.1145
-7.4031
22.4055
-6.7613
-22.0516
-25.1944
-2.7973
-6.2609
-6.0473
-11.4590
-27.5359
-4.2965
-8.3676
-4.8764
-21.0699
3.7586
-2.6797
-14.7801
-12.1303
-1.7043
-23.6939
-11.9062
8.5502
-2.4945
-8.1364
-14.3969
3.5898
-45.9777
-30.6641
-10.8453
-4.2977
-10.1648
-0.6175
-2.7160
-40.0957
-25.1325
-19.3578
30.4617
-1.7466
-39.2480
17.3320
-7.9350
10.6859
-8.8767
-15.0488
-18.6543
15.5949
0.9305
-9.8926
10.3139
-4.3281
4.4490
5.5172
7.0488
11.7645
-2.0615
24.0199
-10.6516
6.4133
-23.0449
7.9926
-32.0406
-21.6680
10.9775
-6.4953
-10.3490
0.4051
-21.9156
-8.8969
9.8738
-0.5630
-19.5420
33.6703
-29.3937
3.2180
-10.0559
-5.4848
17.9832
-22.1160
-20.1562
-2.6949
-24.7066
-14.7465
-10.4332
5.6019
-16.6258
-37.1422
-8.8859
3.8396
-11.0957
2.5740
13.0602
-15.3828
3.7227
-1.4438
-0.8074
-4.1926
2.1797
-10.2439
-27.8203
-11.0549
-10.3355
-1.2004
-12.8172
-7.1336
35.8309
-18.6092
-22.6678
-6.8200
6.6759
1.5208
-12.5404
-21.6777
-40.2383
-39.1008
-3.0180
-4.6191
0.5135
-14.3500
-22.0137
6.1986
-23.4484
-15.4410
-48.7661
7.5923
-17.8430
-38.9188
-20.1031
-7.4838
2.8643
10.7207
-18.8336
-6.8305
-27.4467
-30.8488
-10.2141
7.7366
-22.9345
-9.3005
-14.9359
-24.7664
-5.4395
24.9582
-19.8687
-23.4469
3.8844
-13.7353
7.2898
-0.4456
-18.4078
-42.0508
19.3986
-31.0098
27.8266
-4.3426
-6.6305
-9.4975
4.6371
-3.9582
-18.6730
-43.6832
-26.6586
8.5070
-9.8459
-19.6759
6.4085
-35.9750
-9.0078
0.6875
-13.8422
-22.7012
-22.1688
9.8986
5.2617
7.9942
-13.4641
-25.8484
-5.0909
-22.0653
21.6953
-6.5570
0.5275
-21.2980
-39.7141
2.0653
-11.8711
3.4737
13.6107
-29.6730
-8.4617
-16.0160
-15.8059
-19.4273
-7.3760
-24.9898
-24.6133
-12.9566
-5.8709
-20.8387
-15.8324
-20.5172
-16.9129
10.9292
-24.9062
-3.0848
-19.7695
-33.9133
-7.5788
-17.9977
-17.1883
-35.7500
-20.3467
-1.6761
4.1832
-40.7281
-13.2074
-16.1668
-16.7654
-18.6867
-11.1146
-1.6300
-8.5168
-24.1773
-10.1336
-11.7555
1.5788
-21.6913
1.4602
-13.6953
-19.2090
-14.9953
3.1526
-8.0088
-16.7453
10.2191
-3.9832
-0.5815
-14.5880
2.1184
-33.0336
-15.8836
-29.9078
24.8379
-5.8584
4.7258
-13.9918
-3.6041
-29.9138
28.2437
-28.0590
-6.4654
-25.7402
-5.0355
-17.4811
6.7382
-14.0767
12.6449
17.0046
-13.2363
-11.6988
-34.3535
24.3707
-17.3527
-2.7644
26.2402
18.0516
-22.6684
8.7492
0.4410
1.1254
-13.5633
3.0543
-16.4195
-21.2747
-0.3978
-39.0781
4.0156
-0.7824
-32.4078
-7.6512
1.9891
-13.5098
-17.3849
-17.3068
-27.7931
-4.0402
12.1993
-34.1480
-0.0942
-37.6977
4.9547
22.2668
7.4535
-17.2630
-12.9910
-24.3477
-16.0875
-31.4391
-9.9711
4.9561
0.1428
3.9465
-14.0867
-39.5846
16.2941
10.7870
-6.4070
-33.7180
-20.7062
-27.7742
-19.3922
3.3154
-27.8387
-13.4922
10.2590
-16.2016
-6.8118
-1.8262
7.4156
8.1857
-1.0328
-16.8373
-0.6766
-18.7607
-31.6562
-4.2791
-19.7289
-17.0082
-2.7918
-10.0742
4.5258
-27.7352
0.6430
-14.2353
-42.1500
-1.1688
-21.9223
-30.8484
13.1146
-20.8488
-2.7381
-32.5367
-38.3387
-12.3203
-21.7430
-38.7148
-5.6453
2.0365
-18.0195
5.8021
-1.0408
-8.8630
-2.1704
-32.0109
11.8297
-5.6456
-3.0938
-36.1102
0.8234
-6.4473
-17.2777
-28.0008
-9.0719
-7.4396
-5.9115
-24.3816
-5.3875
-19.4816
-40.9305
13.5473
-16.6291
-27.0980
13.0363
19.6344
-13.0443
20.7112
6.3047
-19.9453
-30.5359
4.5809
-26.2484
-37.7656
-3.4629
-20.5141
-35.0781
-11.1242
1.5163
-20.2145
-3.1775
-7.5008
-22.1070
-15.5420
2.8865
18.5812
-32.5625
-28.1977
-41.9078
-24.8047
-33.4637
-28.5320
-22.4701
-7.3160
-18.0455
-26.4798
8.6020
-11.5559
-16.2571
-19.9627
-3.8824
-25.5805
-54.5977
-17.6812
-14.7352
-29.8687
-1.2082
-19.7547
-21.1063
-11.4695
14.7842
-7.7279
0.1949
-7.8000
-25.6984
3.0504
-13.8616
2.4932
-19.1719
-8.5865
-20.9934
-34.9977
-27.9935
-12.2351
-10.0707
-15.4563
-10.3416
12.7547
-20.8539
22.1008
-42.8180
29.2652
-3.3945
-28.2125
-12.9488
-42.6961
-6.9328
-32.6945
-20.2195
-31.6570
-39.3570
-0.9094
18.4670
-26.8336
-1.9664
-8.7277
-0.6977
-38.3219
-1.0063
-1.2945
-12.8320
-14.7699
-3.2449
-9.3695
5.1217
4.9535
-33.8362
-3.1080
-6.9872
-26.1670
11.1089
-1.1109
-13.1789
-27.0762
-2.2588
-7.3512
-18.1430
-31.1008
-11.6247
-10.6230
-7.9557
-6.4406
-32.1408
-19.9715
-7.8406
-6.8910
-4.6106
-37.1049
-17.7224
5.3947
-12.5848
-1.5391
0.5590
15.0437
-11.0375
19.3715
11.6693
-23.5125
-20.4213
-7.6061
22.6163
9.4625
-20.3750
2.4299
-3.5078
-27.9516
-5.0750
-3.3961
-5.1406
1.5688
-1.7027
14.4391
-2.5500
-13.1367
-2.2486
2.1873
-28.7375
0.5555
-0.1168
21.8586
-15.0145
-29.3480
-12.0061
-9.4437
-13.7021
44.4068
3.5175
-7.9245
-0.4082
-10.0801
10.9184
1.0242
-2.5419
-0.7098
27.9605
12.8490
-10.9234
-30.8852
6.5422
0.8463
-5.8676
-34.5516
-41.1875
24.3332
-5.7597
5.9918
-24.3965
-3.6969
-29.4385
5.3890
-6.9336
-5.2359
-7.9910
6.5723
-33.2434
-12.7516
-4.9440
14.2609
24.9801
-8.6934
-14.7711
-23.3680
-37.0695
-23.0631
-9.9544
-1.1543
6.8057
-19.0889
-9.2379
-15.9277
-4.2768
-12.0745
1.9081
2.8441
11.5831
-35.5621
-23.7445
-20.8287
2.3364
9.0951
-19.8098
-17.7359
-27.8918
-18.0469
-7.9211
-21.3173
-18.4375
0.2406
-24.5344
-32.1730
-9.5084
-21.9762
-34.0469
-11.6227
-35.7117
-27.8008
-35.0797
12.8070
54.5211
2.6348
24.1703
-1.4939
-13.6125
-22.7990
-32.4562
4.0391
2.8809
-39.4488
-20.7426
-37.1988
-17.2914
4.0670
18.1984
-30.8227
-18.9453
-51.1898
-1.7218
27.2953
-5.0719
-8.1473
-10.6348
-37.4121
-17.9230
-44.4430
-28.2297
-52.0539
-25.0793
-10.7793
14.9125
-23.2104
-12.2035
37.6988
4.5387
-4.9437
23.2228
-39.9031
-16.6535
2.1650
12.2088
-19.8111
-6.7141
-23.9434
-9.4293
4.7977
-10.6219
-3.1648
15.1168
4.5387
-30.7188
13.3992
5.7325
9.1883
-6.6403
-2.5882
-45.9820
11.5982
-9.6642
-16.1699
-33.9020
27.3387
-11.5766
-26.4990
-13.4727
-11.4508
-39.1598
-8.8699
18.2035
-14.4340
-4.0086
-39.5602
9.0806
-23.1047
-10.3883
-2.4575
-26.6480
-3.4580
-32.4008
-33.8688
0.4359
-34.0773
-12.5994
-28.5961
11.8468
-33.9818
7.9378
-12.2961
12.0039
-35.0918
-0.8027
-19.8533
3.4215
-7.8238
5.5137
1.6180
24.3969
-27.0305
-15.0402
-19.2180
16.4893
5.6936
-38.1762
-3.0854
6.8730
-33.0658
-0.2406
-39.5168
-33.8258
-24.4266
-0.9332
-4.1873
-16.0715
-19.9293
4.7556
-8.9082
-20.5664
-19.2184
-31.0261
-15.2518
1.4208
-18.6520
-41.1230
-8.4030
-6.4594
-17.2213
2.7027
24.9824
-0.4427
1.4330
-21.0641
-12.1109
-17.9236
-36.2789
-18.3934
-10.3682
25.1828
19.2882
-24.5617
3.6887
-10.3809
-14.1637
-26.0168
-8.4617
-10.1437
12.9375
-15.7816
6.6672
-7.6723
-11.1701
-23.8883
11.0969
2.4925
12.6227
-4.5293
26.5359
22.0180
-1.0500
6.7256
-14.4668
-9.8322
-14.8266
-33.5039
3.9043
-18.2386
-8.3494
-26.0492
-37.1766
-44.9977
-29.7711
-28.0656
-45.1422
-26.9977
-21.6781
-7.3237
-18.7816
10.9871
-53.1984
-27.3269
14.7771
-7.3046
-33.8539
-19.0438
-28.6859
-4.3115
-16.2660
1.0133
16.2426
18.9691
1.5287
1.9682
-23.7113
3.1195
-10.8742
25.1059
0.1474
-36.3746
11.5578
20.8352
-5.1855
-18.3951
-35.7711
2.9598
-21.3414
-0.4688
-54.3914
-5.5127
-1.4270
-9.2879
-14.3190
-15.4187
-31.4951
16.1488
19.8242
11.7234
15.2340
-2.6660
3.9955
-7.3703
-8.0586
-18.6479
13.2525
-45.7047
7.7109
-15.7812
-24.6703
-25.7336
-21.0129
0.9162
-18.5867
3.2973
-9.5165
-0.1133
-32.6320
18.2562
-15.8266
-6.0598
-4.4389
-22.3965
26.3273
13.8449
-9.3636
-31.7570
-14.9129
-5.1085
-27.9578
-6.3915
3.3063
18.7457
-4.0459
10.0190
0.3070
-3.1822
-0.3715
-53.3547
-17.4613
1.4840
-2.9420
1.6941
-23.0992
19.2199
-9.5135
-4.4559
11.9590
-26.7375
-16.6086
-14.1094
-30.4086
-14.3597
-19.5514
-21.1278
-16.8695
-10.5352
33.8328
-0.8027
-16.2580
-13.3770
-19.7320
-1.4191
-24.9641
-37.7551
-8.7867
-23.3266
4.7343
-38.4859
-15.8416
-12.1320
5.3020
3.4516
3.9242
-32.2441
16.5824
33.1320
19.0020
-23.4020
-27.3742
-26.5076
23.7242
22.6852
1.7316
-34.2348
-8.4046
-30.7867
-20.6682
5.9755
-20.8332
-32.3141
-26.6389
-45.8719
-18.0883
-23.8672
16.8004
-5.1680
-35.1727
5.1914
-11.0845
-8.4760
-2.4726
-25.2766
-26.7822
10.1020
-5.7154
-8.8855
-6.3531
-15.6795
-22.9717
1.5570
0.7548
9.0475
-0.0961
-8.3998
-20.5059
17.9119
-19.9822
-10.0668
-7.6404
-29.3977
-7.7939
-10.5500
4.6126
12.2531
-2.2395
-10.1441
33.2863
0.1875
-27.1369
-35.9727
-37.9781
-20.8783
-10.7395
-9.9676
-20.9544
-19.3891
-8.5582
6.3646
3.6739
17.1941
-2.3911
20.3754
-11.3445
-16.1977
-12.1496
-10.5488
-31.2172
-4.9555
-8.6652
12.5250
-7.7789
-7.1867
2.8818
-23.8207
0.4020
7.5750
0.0602
19.6680
18.8441
1.8922
3.9645
5.0129
0.8897
-11.7441
-21.5718
-15.0610
-24.1453
-26.9367
0.7191
1.2928
-15.5664
-9.2258
35.1551
-30.4707
-1.9655
-12.3360
-4.4869
6.9129
-33.3176
38.0738
-36.9648
-3.3939
3.5216
-21.1703
-4.9812
-12.0314
-6.3048
-15.0713
-9.5453
-30.2806
-33.1379
-10.2643
-27.2648
-30.8359
-19.2395
27.2836
-30.9769
11.7414
-6.1938
4.7391
-24.4133
-6.3021
-20.7133
-13.8617
-34.9211
-25.3047
-6.2987
29.3270
-19.6207
-22.4449
-21.1637
-13.4141
-13.8088
-3.6158
-5.2758
2.8426
12.0195
0.9590
-10.6406
-2.4414
-4.6413
7.2597
-12.7193
6.1916
-7.6070
-23.9289
-32.4414
-17.1720
-12.4688
-29.5805
-17.6328
-17.1086
-39.1547
-17.9148
-35.5297
-15.7994
6.2027
5.9625
19.3680
-18.2313
-20.2740
-39.3949
-5.9922
-14.0992
-9.3938
-23.7031
11.6506
-16.8305
-20.7027
-3.4344
-20.1800
-12.1094
-32.3180
-34.9895
17.4805
2.6109
-41.1988
19.4105
29.6891
16.4375
-3.3828
-40.8664
-13.3562
-33.9758
-7.7279
-23.2898
-1.7844
15.9660
20.9584
-4.9953
20.8312
-21.7902
-11.8996
4.1025
-31.3486
8.2696
-16.5918
-13.0879
-15.9703
-4.5547
9.4824
-7.0996
3.4353
-40.1523
-1.3665
-32.0508
1.2964
-37.2199
12.5469
-40.3086
-37.1266
-5.9756
-24.0172
20.3781
-15.4292
-46.0180
-6.7562
-14.9074
-4.9908
-17.4648
16.8460
-8.8961
-41.3250
-12.4969
-6.9752
-3.2950
-12.9332
-15.2242
-26.0156
20.1527
-8.3504
-32.2403
-18.0500
-37.6836
-14.6150
-45.1172
-18.9467
20.2945
17.2238
8.8768
1.2119
-31.9820
-22.0301
-9.7375
-15.9930
-22.2180
-2.5881
-11.8195
-3.0945
1.5828
-29.6605
-7.4121
-15.8977
-2.6449
-33.0453
-16.6420
-13.8767
13.0871
-14.7340
11.7879
0.6422
-17.3176
-47.3406
-36.1211
19.9868
-43.4688
-40.0000
-1.4650
-0.7967
-25.3492
7.7383
19.6867
-3.9051
-20.1693
11.7250
-12.9734
11.2048
-24.8809
8.9850
-5.9360
-30.5688
-36.0109
-7.3144
-40.3281
-43.6039
-0.1984
-5.3211
-9.5276
-9.8529
-10.6271
-26.1305
-36.1914
-5.4074
-5.0703
-39.8641
9.2660
-3.9109
-41.8320
-35.5312
-36.0621
-29.9797
-13.1473
-25.0453
-18.9494
-9.6973
-35.3882
16.9527
26.5410
-29.6367
-44.5508
-33.1020
-6.7336
11.5254
3.9537
-2.5380
-6.7211
-11.5975
-11.7465
-33.8805
-1.6174
-10.4811
-24.5312
-8.1736
-22.2984
-10.1062
12.2523
-0.3832
11.5371
7.0063
-18.5578
-18.8961
-40.1828
-5.6367
10.4090
-16.0500
-16.0357
-2.4662
-28.9922
-13.1215
-10.6535
-6.2410
-8.6071
-19.0816
-1.4113
-43.7109
-36.6281
-13.6320
5.0613
-16.3750
-33.2406
-25.5004
-29.4113
9.1370
-13.4330
-5.1388
-10.2715
8.4355
-13.5227
-3.8438
-6.3156
-1.8863
17.6391
-7.1541
22.1523
10.0930
12.7980
13.7211
0.3383
-25.7414
-10.5805
-47.1719
-11.6768
8.3496
-21.6816
-19.6996
4.6826
-20.3387
24.6941
-17.2383
-39.8773
-33.2242
-23.2059
17.7957
-33.0734
-19.9113
-31.2445
-42.3391
-7.5375
-20.2453
2.7055
-14.1350
-21.9914
-28.5516
-21.1911
0.1250
4.1430
-4.1281
1.5828
-8.5320
-13.2273
-40.0656
-31.9598
-20.5459
-17.4201
3.8583
5.3007
18.9398
-16.7816
-31.4645
-30.0682
14.2636
-49.2578
-13.9041
-16.4723
15.5805
-11.2830
23.7859
5.9246
6.4117
-21.4461
1.9617
7.7086
-17.4055
-9.2474
-24.3583
-23.4750
-11.0984
2.6418
-34.1636
5.5285
-7.7170
-22.2707
-9.1711
-11.7660
-22.5234
-29.4344
-29.6602
-27.8075
-26.5219
-30.2770
-26.2133
-3.9609
-17.0605
-23.8913
-33.8648
-2.4937
-10.7254
-2.6740
24.9688
9.4719
-3.9987
-25.7125
-21.2218
-4.3112
6.6212
-36.9719
6.6594
-47.6156
-17.8783
8.9790
-27.8646
-6.8652
-12.7503
-12.1382
-3.4243
-38.6688
-0.1371
-13.4527
2.9313
14.9594
-2.3793
-9.6711
7.1559
3.3781
24.3258
15.9773
-9.1854
-2.4988
-18.4002
-6.5939
12.6867
-41.1406
-28.7500
-34.4027
-13.2957
-21.1766
-28.5348
-11.4405
-36.0266
-7.0256
11.1395
-1.4949
-29.1797
22.2324
-2.0477
11.8086
40.7977
20.8715
4.7191
-11.7648
2.6406
-9.6139
-2.4161
3.3539
-11.1146
11.2375
-3.7004
3.8246
-57.1766
-17.9801
3.4319
28.5135
-35.7648
-26.4168
-13.8773
-10.2969
9.1533
-15.8477
-39.5406
-0.9166
-16.5652
-1.5875
-39.2961
6.2158
-10.9778
0.4340
16.9789
4.5820
-24.3281
-21.1218
-7.2762
14.9108
-17.5348
20.2860
-28.3094
-10.9328
-17.8445
-11.7209
-22.9047
-10.6934
-42.8578
-18.4016
-10.1344
-25.1546
-11.7695
-38.6418
2.7410
-20.0168
7.8480
-32.7018
-10.8020
8.3697
-4.0807
4.0434
3.9102
-32.8477
-2.3359
-42.3875
-19.4235
-10.7630
-6.9855
13.6438
-19.0859
-16.3773
-41.2129
-15.6828
-30.0539
3.3176
-1.1914
10.8537
-32.5984
10.2072
-37.2961
-13.0201
-44.7793
-8.2785
5.2453
-40.5973
-16.9779
10.8570
5.2864
-28.9383
-29.5734
-14.1492
-16.7168
-14.1410
-17.0012
-43.0938
13.1109
-5.0996
-5.9114
10.5287
-18.9434
-28.0202
-35.0828
13.3125
8.2059
-41.1758
14.7723
-7.0434
31.4484
-0.1010
14.5344
7.9201
-42.4930
-8.4449
-23.3438
-9.9551
-36.4547
3.9408
-4.7568
-32.1193
-7.1250
-10.9359
2.7754
4.8469
-39.7430
3.7848
21.3125
21.3988
19.2273
3.7216
-37.4896
3.6266
-18.2422
-15.9473
-15.9578
-28.7461
-0.6332
-4.6848
-5.0895
19.3355
-27.7570
12.0634
-26.2570
14.1271
-20.0159
-13.0230
-27.3934
-34.9734
-15.9840
-15.8070
-20.4508
-6.6781
9.4480
-16.1639
-9.9049
-3.9926
13.4352
24.4813
-0.1952
-23.2828
1.5714
39.9219
0.5607
-9.6660
-28.6711
-42.8863
2.7293
-20.0000
-6.6122
-17.5969
-11.1547
1.6672
13.8656
-6.3280
7.2096
-14.6155
16.9199
-17.1730
-5.6824
-24.8586
-36.1211
40.2492
15.4336
24.1648
-8.8035
-12.9758
-17.6227
-40.6121
-22.6575
9.4215
4.5022
-39.6516
-20.4030
-4.8516
-43.7098
-28.7781
5.7391
-3.0379
-0.0627
-26.7270
-23.4309
-19.0070
-10.7883
-7.4184
-18.3531
-9.6085
-51.2547
-25.9250
-35.8656
-12.5234
-12.1238
-18.4250
-29.7789
8.7050
-24.0322
6.1930
31.2304
-26.1836
-26.9719
-23.0355
-29.7922
-20.9832
-10.4426
-22.9573
30.8195
13.3445
-16.5514
-15.6387
-30.9875
-37.8072
-24.6586
-54.0047
-27.3477
30.8473
2.0129
-3.9066
-27.3844
7.8208
6.0398
4.8773
-34.0789
-28.5258
-15.1453
-46.0344
10.4773
19.9906
-37.8375
5.7724
7.7711
23.1547
6.6559
-3.8309
3.6751
-12.6610
-0.8780
-32.7055
-5.2239
-23.9656
-23.8102
8.1039
-25.0039
-6.6510
-2.8939
-20.7622
-7.1586
-30.9199
-41.1789
3.7672
-10.4532
20.1674
-24.9235
5.5691
-14.2018
-22.6313
-34.6773
-12.4180
-14.7145
-20.9680
-16.5121
-0.5084
5.3988
6.3485
8.0883
-16.9098
-35.6082
5.6717
-29.3613
2.7578
-17.3871
4.8768
28.9404
4.1516
-20.1695
-1.8266
-20.2133
-35.7344
-16.9406
13.3028
-3.0594
9.5419
-23.9383
-7.2678
-36.1883
-9.6789
-31.9055
-10.0639
-18.3861
10.1611
22.2082
-37.0641
-19.8635
9.7238
-2.9576
-22.8754
-13.3903
-0.4598
-9.2273
22.5012
9.9398
-16.9474
-14.9305
-11.3439
26.3021
-23.4312
-4.2473
-26.7491
2.9982
-11.9648
-11.5334
-24.5883
8.6586
23.8098
11.8191
0.5170
-5.0289
-4.2539
-32.7789
-36.9695
3.4302
-36.0273
-36.7305
-5.2547
-8.4609
7.1055
-4.2902
-27.1035
-10.4102
26.3182
-38.7211
-25.9805
-8.7109
-26.5180
21.5234
21.0664
26.7684
-37.3187
-38.0945
-31.9656
-41.4742
-34.2912
26.9926
-9.4482
-29.0504
8.2156
-17.0711
4.6781
-22.8622
-6.2099
1.3676
-33.1695
-45.2828
-30.3813
-36.0350
48.6859
28.9277
-14.0965
-4.4066
2.4414
20.5805
15.4566
-7.4059
-30.8762
-1.6206
-30.1012
4.0074
6.1840
4.7651
7.4035
-6.7523
8.5740
-8.0707
8.3061
-39.7285
-32.1695
22.0938
0.6656
12.4330
-10.2129
-11.5066
-3.0285
-50.1730
12.7514
-30.7883
-3.6249
7.8575
-39.1457
-2.0014
2.9094
-8.0266
-24.2441
-14.6463
-6.0730
-24.8902
2.8961
1.6898
1.9547
-21.9609
-19.2852
-18.2391
-12.6133
-21.0393
15.2309
-26.9852
-19.5375
-42.9586
-22.4531
-9.2352
-1.3579
2.2397
8.6441
-21.0820
7.9723
-12.7457
-25.4156
-14.2215
-33.6227
-18.8611
4.8041
-30.6180
-30.3695
-15.3879
-29.0648
-4.9457
-15.7355
-13.7117
2.4133
-12.2486
-2.7465
-17.9414
-3.9801
-7.0621
11.5243
3.4630
-28.2211
-11.4500
-15.6402
1.2117
-8.1039
26.3844
-37.6852
-37.1320
-1.5799
5.9521
-21.0624
6.6277
-22.3330
-21.7883
18.2344
18.6738
-7.4081
-24.7129
-27.3902
-22.1754
-6.3129
-4.8563
-40.3609
-10.0594
-9.8752
-30.2586
12.8770
-28.5297
-0.0344
-19.3588
8.1382
-34.4055
-8.6414
-13.8641
-13.9473
9.1793
-8.5767
-1.5461
-2.1049
-10.1805
-12.9215
-45.8461
-3.2168
-28.9344
-47.5219
-13.8414
-38.2094
-33.5906
-24.0406
-23.0855
-6.0665
-18.8723
15.8672
-14.2229
-19.0309
-31.2711
-38.7031
-11.8727
6.0012
19.9402
-27.7199
-21.4279
-0.9594
17.1672
-0.7078
4.2910
-16.7938
-17.6543
-13.4654
-22.9133
-10.8234
10.1230
-15.5084
-23.5008
-3.4339
-28.6848
8.9781
21.8094
43.0883
14.0508
-45.2398
8.6691
-29.6992
-33.2531
-1.3906
-24.9828
-27.7938
-12.0993
-19.0961
14.7160
-11.7712
9.0352
-55.4547
-7.5306
4.4078
2.2258
24.2965
0.8164
-13.9445
-41.3666
21.0645
-6.5359
-25.6984
10.3451
-9.7273
-17.9285
-39.5672
2.2586
20.1586
12.4812
6.9066
2.4395
-12.8039
-30.4789
-40.3469
-49.7328
42.7621
-5.7035
-24.3274
35.2730
-24.0797
-2.9070
-8.9693
12.8133
2.4945
2.7836
20.1730
-29.9180
-8.3699
-24.3770
9.5638
-2.1893
-14.4430
-3.3504
-36.5438
-3.9604
-14.9863
2.5242
7.2680
-16.6446
-19.9594
-46.4217
18.7742
-11.7179
-25.6641
-4.5494
-23.9484
-8.4878
-21.2867
-16.9059
-40.4273
-39.0070
-6.8451
-30.1764
17.7691
11.4313
-10.0490
-22.2320
9.0113
-9.4000
-0.1343
-3.9744
-16.5496
23.6383
-28.3520
-4.3354
-29.2305
-36.6352
-10.9309
0.2617
-17.3281
-37.7727
7.8635
-24.7348
3.8305
4.9572
-4.8058
-24.0270
-34.6578
-27.6613
8.5895
6.2715
-36.5797
33.3859
-11.9875
-25.6664
0.2695
-21.8918
5.3309
-12.5820
36.5629
-6.3479
-36.1520
-16.1266
-27.2297
15.2641
-12.5742
-14.2816
29.1066
-7.6294
-10.2586
-0.2791
8.8190
6.4513
-55.2641
-8.9906
-25.6836
-2.9957
-18.5291
-27.5117
-44.5102
-4.0633
-27.6969
-33.3727
4.1242
-7.7246
-17.1328
-37.9875
-41.0039
-28.2141
-13.0986
-12.5668
-22.1305
0.9930
-16.8148
1.7773
14.3859
24.0266
-7.5718
-46.9047
-37.3156
-48.9977
-10.7266
-18.7145
-0.7801
22.0629
10.7070
-22.5474
10.7211
11.6875
-28.9535
-14.3574
9.7944
17.4852
6.8967
1.2434
-29.2180
1.9055
-20.3785
-5.7413
-46.1984
-33.5328
-17.9414
1.5104
-1.5911
15.2420
-17.4667
-35.3367
-16.5045
-7.8762
2.3094
1.3887
8.3219
-13.5020
-32.0708
14.7703
5.7969
7.5012
-10.8832
-11.0076
20.1215
3.2578
-19.3172
-8.5648
-4.4688
19.3352
-0.5305
35.6844
37.1227
-12.0418
-7.0543
-9.5039
-13.4408
8.1207
-37.9094
-14.4055
-11.9604
12.5554
18.5213
-2.3705
-14.3852
-29.4547
-18.5055
26.1063
10.5552
-23.6914
-4.0875
-15.7328
-17.3102
-5.7391
9.6488
-25.7039
-30.0000
-10.8715
-37.7492
38.1986
-25.0438
-28.9789
-13.9816
-14.4191
-15.4160
-35.4656
-30.8164
-20.1406
-11.6070
-33.4367
5.5512
-14.3373
10.0445
0.3969
-27.3456
-5.5645
-30.9012
-9.5176
3.7887
40.9199
2.7636
32.0865
-9.1418
0.8236
3.0000
28.8703
11.3945
-27.1469
-41.9922
-32.5992
-12.8594
-10.4039
-14.9156
-22.8250
-24.2582
8.4332
-19.8773
-14.8516
36.3305
8.2238
4.8256
-1.0709
-32.1406
31.5680
-0.3836
-39.2383
-3.6055
-14.9408
-16.6784
-7.6432
-23.5387
-1.6903
-3.9750
9.9926
-40.5461
-8.4979
-42.2055
7.0801
-22.7174
-45.0211
-49.0703
-6.5699
-6.3268
-7.7878
-11.9948
7.2600
-29.0957
-19.7623
18.0844
24.0895
4.1062
-30.3414
-14.3730
-6.6750
14.6961
15.8969
14.9633
43.3883
-1.3357
34.2070
16.6371
0.8328
28.2492
-11.4285
-11.8270
-17.9154
-8.7895
-3.8555
-11.3562
-13.7141
10.3537
7.0436
-46.2086
15.8219
21.4070
-10.8926
-23.5434
7.6404
-4.4308
-32.2309
-11.0320
8.9767
-29.4895
2.0031
8.9086
0.9814
-3.1832
-3.4814
-11.6141
-17.5836
-4.5388
-19.0469
-16.1692
-20.0793
11.1191
-30.4820
-8.2402
-3.2471
-1.7446
21.1828
4.9742
2.3863
-41.9195
-14.0156
-41.5914
-31.2383
-9.4879
-0.2750
-15.3703
18.9453
3.6211
22.6273
18.5102
-4.5802
-4.5490
-5.6957
-43.6867
-0.5762
-28.1383
-10.7516
-24.1059
-41.3094
-34.2438
-27.2488
-24.6842
-5.6840
-32.9848
-6.7797
-29.3504
-6.5648
-12.4230
-31.4005
19.0162
-22.8914
-12.6484
19.2227
-5.1250
4.0488
-28.0530
-7.0801
-8.3321
-37.8563
-1.6395
12.2816
-37.7680
6.1508
-6.4177
38.2578
15.5199
27.4172
-15.5138
-27.7355
-7.6707
-45.8906
-2.8719
1.0096
-41.8586
13.0953
-33.1336
-4.7064
-22.6617
8.6637
2.4692
-27.9115
6.3297
19.8211
12.7102
1.5879
10.9992
3.3406
-9.0291
-41.1891
-8.1500
-8.6590
-26.9557
9.7312
-4.1949
9.0398
-40.4578
-15.1187
1.4925
-21.4797
-45.8641
-6.9316
11.4482
1.0465
4.9441
5.3469
-4.0231
-18.7437
-3.4121
-14.9047
3.2094
23.6805
22.8656
2.5910
13.5945
1.3982
-14.7867
-20.6572
17.3176
9.2797
-9.2066
-34.0478
17.5104
-15.3449
-26.2180
-28.6836
-27.9836
-37.6191
-45.4895
7.7414
-10.0773
9.1572
-28.2180
-19.6953
11.2959
3.5137
-2.9688
2.9938
28.1352
9.9508
11.2563
8.8805
-11.3848
-4.5250
-53.5820
-15.1457
-29.1798
34.2654
-17.7797
3.3863
-25.2547
-13.1771
-26.9391
-34.1570
-10.4218
18.9070
-11.1896
-15.5356
-26.3283
-13.1072
6.8438
4.7996
7.3171
-5.1512
-26.7617
-42.5984
-19.3660
5.3447
2.9502
-25.3371
-19.4062
-2.1891
-26.1430
-25.4715
-16.5844
-32.4117
-4.5692
-26.4535
8.4477
-28.7820
-4.2672
-17.2227
-5.2434
-52.7789
-5.3426
-22.8635
-26.5211
-16.4336
-25.9937
-52.5977
10.4098
-17.2855
-12.3789
-28.8023
20.9848
-21.0836
-7.4895
-10.1002
-26.7559
-2.0250
0.1876
-2.1890
-33.7867
-21.3293
-10.1178
16.5752
-4.3980
-3.0996
-10.2266
-42.3445
-18.7693
-16.5719
10.8801
3.6449
-40.7488
-31.6273
-14.0723
-3.6266
-28.1930
5.7992
1.7098
-41.5449
29.3313
-0.0780
18.1950
-47.6922
-20.6901
-7.2326
-37.1437
51.2832
-9.3340
-13.4414
-13.1715
12.4543
12.7219
9.1785
-0.2754
11.1521
-23.1961
-32.7262
-9.5184
-16.7422
-25.2070
21.9887
-20.8727
-31.4243
10.1222
-29.6453
-35.0898
-18.0277
-22.6156
-59.8109
-6.7729
-21.7414
-6.7867
-4.6791
-17.6395
-11.6199
14.4102
15.8406
-12.6414
-20.1684
14.8195
-26.7008
-25.9609
5.9365
1.8470
-4.1918
4.1039
-29.8621
4.3039
-18.2891
-10.8417
-0.1238
7.8719
6.2934
-5.7312
8.1436
-7.7234
-11.0104
-49.1930
15.6000
9.0914
34.9738
-26.3387
-6.1784
-38.8125
-36.7922
-1.6797
14.0885
14.9027
13.2533
-11.6986
23.9098
-12.9044
17.0586
-14.1343
-0.6469
-10.7531
-8.9809
-7.5648
-3.3539
7.4625
2.3402
18.1469
-0.7035
1.1373
-34.1898
-27.5637
13.6133
-2.8262
-0.5332
-2.2744
-38.2207
-12.1709
-32.8203
-36.8861
10.3791
-39.9750
-17.6318
-34.6273
-19.3512
-8.0023
-0.9621
-16.2391
-48.5969
-46.6711
-32.9383
-1.4520
-20.1609
-28.8281
-25.5688
-16.5258
-7.5900
-46.5664
-54.2758
-2.6895
-3.0057
22.0270
-16.5373
2.9461
-27.2273
-10.8484
1.4732
-15.5055
-12.1297
-15.3631
-9.7819
-19.5135
-4.7195
21.0168
-30.3699
9.3446
-14.1453
-5.3578
-11.4395
3.4137
-33.5690
-33.5492
-15.8344
-31.2305
-42.7922
-12.4484
-27.2992
-31.7453
-9.8191
-17.9334
-6.8871
-25.7055
-5.1838
-7.5602
-29.8746
-8.2207
-15.0324
-29.3273
22.5121
-10.9252
-8.7471
-43.0547
-25.7958
-24.5812
1.6739
2.9867
2.1392
0.2957
-34.5398
-7.7598
-8.1422
-21.0641
1.9232
-50.7414
-39.0797
-23.4787
-32.7250
-32.7320
-19.7797
14.1804
-13.2734
0.7252
-31.7828
-36.7570
-7.8000
-3.7902
11.9352
-7.1828
44.6605
1.8988
-40.0102
-8.7723
5.6148
-30.2578
-20.6114
2.6375
-45.3141
-7.5590
-12.7437
-19.2031
13.4291
-12.6654
-42.6266
-34.2672
-0.8020
-14.4657
39.4355
-16.4555
-7.1477
-22.1729
-10.8176
-19.9188
-43.5203
-12.7258
19.2102
-16.9594
-39.1047
-38.1016
-9.8328
-35.3852
-28.1191
-8.4844
-34.9107
-24.3438
4.9903
-9.1489
-5.1033
-12.5344
-44.9195
19.6105
-3.9971
-5.1920
-30.7512
4.9738
-17.4461
-20.0791
7.6232
-4.0255
-5.5660
-22.6078
-11.6416
-2.4924
-39.4992
-17.3879
19.5797
13.8742
-9.5113
-9.5344
-8.9865
9.2812
15.0074
5.7410
25.1521
-0.2590
-33.6191
-1.5352
1.1266
-1.5989
-21.9082
37.3492
3.1803
-5.7895
-7.2414
0.3982
-28.8211
-33.1070
13.9787
-37.1895
-4.0811
-16.3109
-47.5281
-7.6203
-33.9160
0.1043
-1.9020
-42.0062
-22.8715
13.8188
4.9891
-22.3145
-24.7461
-15.1285
-14.3590
10.4586
16.2336
-23.0340
3.2527
16.2790
-30.7527
-1.5293
-8.9500
-38.2641
2.8426
-34.4523
-34.9039
-27.2500
-29.3836
9.6270
-15.4055
4.5932
11.9531
17.4191
-10.1352
-9.2336
-18.4803
-3.1973
-34.1328
5.4742
18.9461
17.9924
-20.3813
-15.1406
8.0965
1.5297
-35.0246
-40.3906
-4.1316
4.2818
-22.4156
-15.6795
-17.1434
-10.4937
-32.2113
-12.5777
2.1066
-44.2906
-18.8719
-29.8570
-3.6676
-11.8266
-25.1742
-28.9307
-17.6906
-15.1422
-40.0164
5.6064
30.7293
-6.5014
-14.9455
34.1160
-11.0004
-37.9631
0.1037
2.9097
-3.8758
2.4377
-4.5840
-19.1590
-6.4742
12.6344
31.6324
3.0281
-11.0021
7.1359
-24.7354
-23.0086
29.6031
-12.8170
-13.1280
5.8992
6.4211
14.9523
-30.0785
-10.5471
8.2221
-26.4371
-6.7355
12.4711
0.8816
-7.9016
-25.4148
-0.6641
-7.7668
-34.9771
-20.9982
16.5656
3.2422
10.8072
8.4504
-1.9809
5.9207
-33.1445
-24.6973
-10.7399
-7.8668
-19.4708
9.3922
-8.0453
-22.0516
-28.6016
-23.4387
3.5490
-1.2246
-1.4730
-18.4109
0.2543
0.6074
-16.3289
2.6355
-14.8973
30.4937
1.8195
-5.9016
-29.8508
2.5187
13.8383
19.9883
12.9893
24.3598
23.5357
-41.7906
-18.5988
-1.6299
7.1505
-17.2431
-16.9914
-25.9279
-9.2945
-13.7643
-13.2004
-6.5344
-16.3902
11.0473
-6.3129
17.6750
18.0016
-6.1156
18.4003
-1.5961
-32.1430
11.3738
-13.2008
6.8000
-18.1696
-37.8711
-4.7148
-2.2218
1.7281
-42.0180
-29.6906
9.5691
13.4333
5.1102
-43.8875
-36.0961
-50.9437
10.0227
7.6449
-12.5840
31.5359
15.3121
-42.7445
-44.3680
-38.0406
-6.5785
4.9000
19.9797
-6.9629
-35.5117
-30.4785
0.2172
-9.7023
-1.0820
-7.1998
-21.4479
-8.9680
10.9484
-38.9852
-32.9211
-27.2812
-27.9410
11.4587
15.5641
12.8160
20.7180
2.2275
40.9176
-20.4883
6.2023
5.7793
8.6230
11.1396
-30.4412
-30.2320
10.1068
-21.2646
-18.5520
12.0469
8.7102
-14.5160
-29.0352
9.9430
-12.1690
-9.4729
0.7504
-36.7859
-15.4891
-11.4207
5.7336
-13.8247
-5.6299
7.3259
-14.7613
15.6438
7.3212
-18.7176
-1.9312
32.1781
16.7047
27.4836
-7.7699
-45.4133
-27.2938
-5.3131
-34.2109
-38.2965
-18.6085
-19.7648
-5.2469
-25.1387
-18.1285
5.6151
-20.9277
-11.5758
-6.2973
-40.5891
-37.6801
2.1457
-1.5461
-41.0641
-30.6258
-29.8574
-4.4744
5.9099
-17.2168
-17.1902
-18.1607
-34.9984
-24.9844
-33.2239
27.3109
49.3320
-18.1314
4.7554
12.7059
-12.0023
-14.7322
12.8828
-45.2812
-36.8086
-39.8336
-8.2030
6.9517
-8.2665
-10.7674
16.3848
14.9297
3.7861
-16.9176
-31.5119
3.5590
8.6687
-2.5223
16.3836
5.5766
14.1229
-5.2090
0.8407
-12.4240
-14.6094
-1.0822
-14.4805
-7.3574
-46.6098
20.7465
4.9913
-0.6918
4.7945
9.7699
4.8750
-18.3676
-24.8720
17.4459
-2.8684
14.2545
-5.6350
13.6371
10.3887
0.3012
-27.6875
-19.3148
15.8133
-7.8270
-10.4740
0.2196
-11.9362
-7.2387
18.2650
-23.7301
-29.4398
-36.5617
-25.7270
-15.5391
-30.2066
16.5590
3.2739
-18.6027
9.5586
-13.2506
-1.6414
13.0266
-5.9483
11.6664
4.1051
-33.4551
3.3898
-31.4461
15.1102
-14.7979
26.7049
-39.0461
-24.5391
-3.9086
3.5226
-21.3594
-31.6594
-53.3523
-9.8762
5.4521
-18.0301
-17.0371
-36.1324
6.5664
-10.0047
-2.2179
-5.1520
-8.9461
-21.7984
-31.5773
-6.4414
-26.8684
-15.0195
10.3309
2.0595
-33.8909
6.2578
-1.1504
20.3773
11.4023
-3.9000
-28.6922
-34.8227
-34.1797
9.8395
-26.8912
6.8208
-22.0408
5.1219
13.9090
4.9641
13.9809
-37.6016
-7.4475
6.1201
-60.2195
-43.6852
-14.6953
17.4656
3.6912
-13.9301
-19.2358
10.6984
-8.1477
-5.2230
19.1367
41.0762
-7.4516
-2.8523
0.0922
-28.5574
-36.3484
-12.4943
-24.1992
-21.8203
-21.7570
3.2838
-10.1632
23.9320
9.7336
-8.2770
-27.4466
-26.3195
-29.5441
-27.6906
-1.9556
-1.2938
8.7105
27.4820
26.9406
-1.1559
2.8801
-7.9176
0.2844
-12.1746
-24.4531
-9.1406
-40.2430
-0.0750
-36.8273
-14.3404
-16.3363
-3.4771
-10.2945
-11.8500
-23.9057
12.3849
-4.7758
-15.5727
-13.3701
-33.9758
-40.9836
14.5887
14.9320
-6.9289
-45.3828
-6.4194
-5.2156
-39.1299
-3.1315
-47.3633
14.4566
-26.4066
-1.9906
-19.8021
20.7614
-13.1074
-30.2715
-38.2961
-32.0254
-13.4438
18.0484
-2.2293
-5.2764
-44.9898
-29.2840
-15.5043
-23.8893
0.1906
-3.7301
-22.4846
-28.0144
-3.7676
3.6990
2.4523
-38.6641
-13.9365
-35.4750
-7.2523
-10.5363
-27.3375
-21.4375
-8.2770
17.4578
-0.1804
1.5373
-14.9870
19.8584
-19.3625
-21.5371
-2.4590
8.2250
-19.0465
5.6248
1.2070
0.0899
-30.2047
-15.2242
-0.0957
-15.3156
17.3563
42.4258
4.0801
15.1867
26.3078
13.5359
16.4539
7.9660
11.4809
-20.3899
-21.8691
-16.9750
10.3894
-41.6898
-38.5648
13.0407
-26.8242
-8.5510
-24.0961
-9.2738
-5.6367
-22.1637
6.4605
-6.2680
-27.1094
-15.4709
-0.3379
-11.7359
-15.8354
-25.4516
17.4664
16.8641
-0.0033
7.2032
-27.6250
-18.2828
19.6910
-43.9629
16.8551
-6.5234
-30.3969
0.8743
9.1035
-8.5677
-21.7122
-2.3699
14.0746
9.9707
-36.5016
-21.8740
-44.5883
-0.2605
-29.4039
-61.8008
-16.2352
7.5441
13.0334
-57.6469
-15.3248
-21.3399
-11.7244
-23.3430
0.5109
14.1473
-24.0470
-17.6830
-21.5660
-27.8172
-41.3534
-8.9359
-30.7238
10.0578
-19.8230
-24.0369
3.6814
0.0877
-17.5324
-2.2023
-22.6680
-4.3242
-18.9986
-3.9309
-20.1203
-28.5059
0.4973
-15.3352
-38.9305
-43.5426
-9.3273
-5.8844
-32.8836
-1.7016
6.5410
-22.4570
-24.2578
1.8207
-12.9986
-4.1480
-38.9242
-35.1906
-41.8086
-5.7987
-24.7016
-21.0979
0.1922
-0.2668
-6.2965
-21.7668
-8.2732
1.2891
-6.3250
0.3559
-37.1340
8.5078
21.8199
3.0797
-17.9062
23.1266
-36.9461
-37.9375
-15.1043
-9.9521
28.4867
-3.2443
-27.8643
-15.2559
-29.6633
-37.4777
-27.8617
-45.2195
-35.5574
-9.7206
-3.2358
-6.6372
14.5773
-8.0672
20.6668
-33.5008
-31.3813
-16.0213
-6.4691
6.8914
-54.3281
13.6566
-8.0639
-4.6648
-0.8963
15.4081
19.2531
-5.7770
12.3004
-33.8461
-8.9389
-21.7885
6.8178
5.9430
16.3031
-2.7801
1.0825
12.8999
-28.7738
-38.0899
7.1025
-4.0328
-13.2203
0.3617
10.3617
18.7362
-29.9008
-0.9184
-17.7393
-39.3180
-27.3154
-8.4108
-11.9186
-2.8386
-12.9158
-12.9137
-3.8988
1.1180
8.6309
2.5704
-16.1434
4.9078
0.8687
-9.5496
2.8482
13.7492
-43.2531
-4.6215
9.3600
4.9776
-12.1703
16.8992
-20.8801
-3.1747
-8.5633
-13.9206
-10.3355
-5.1125
-21.5594
19.0289
28.2602
-8.2468
-7.0320
9.0749
12.7121
-4.0293
2.2285
20.8359
-40.9883
-42.4406
-5.0504
-46.5852
-40.2281
-45.9898
-14.6762
-42.7500
5.1242
-36.5800
-19.4961
-33.0430
-24.9113
33.8180
18.0586
-1.5352
-46.9164
-17.1257
-47.6266
-24.9359
4.8664
7.0531
35.7629
-5.7168
-17.1828
12.5928
-19.8750
-0.8783
-57.0812
-7.4609
-20.3496
-16.1454
-9.9787
5.6672
8.5347
-35.5805
-32.5962
6.7094
14.3957
38.0289
12.3402
-40.8586
-1.7875
30.8406
21.3578
3.4938
-8.7922
-11.5281
-32.2328
30.3473
-3.2398
-5.9872
-22.9474
7.7762
-14.5850
-11.3404
-18.0234
-47.5430
-18.8752
-8.0188
-43.0141
-53.0258
-8.7278
-27.2578
-30.0906
-28.2523
16.8003
-41.2750
8.8223
11.4600
-3.5544
20.1402
5.4543
-24.5996
-18.2900
-5.7362
-22.8352
-46.7625
-45.3367
-9.3230
-5.6830
2.0293
-10.8395
-16.3559
-24.5691
-32.1727
7.2214
-6.3461
-29.8217
-18.9467
-18.3545
7.8664
-1.2074
-14.6721
-21.5148
-10.1441
30.1531
12.4133
32.9266
27.7453
-1.8902
22.7996
33.7477
13.0156
1.4977
-21.8898
-26.0184
1.9874
3.2911
4.0012
-21.7801
-13.6433
33.2758
41.6680
-10.9594
-34.4789
-6.1726
-24.9828
-20.6906
-9.0314
3.6680
-37.9867
-17.5071
9.4828
-5.5414
-3.4113
13.4094
-5.7002
-21.7531
-15.3190
-16.8602
-30.3727
-13.5309
-4.3431
-37.1199
8.4074
-0.8050
-26.2644
2.4748
13.2811
-34.0062
-8.5070
-17.4289
5.3484
-9.8820
4.1150
11.7391
5.4863
1.6855
24.9773
-16.0809
-28.9188
-34.1527
-9.9664
2.7544
-1.8511
-6.2148
22.3852
21.8215
14.2914
-42.0609
-43.9102
-2.8768
-22.6844
-43.9844
-30.9012
-31.9094
-34.2687
-19.0109
-13.1265
-11.6227
-36.4250
-19.5690
10.9016
11.5248
-41.7281
-21.6234
-20.6912
8.8887
-35.7297
-5.0369
-5.5402
-10.1709
6.9891
-9.5652
15.6723
-10.4591
18.7977
0.5127
-32.0938
-5.7844
-44.9828
-34.7227
27.3359
31.0078
8.0813
2.3992
-11.9082
18.4293
2.5754
9.6195
25.0773
33.3566
12.3734
-8.7437
2.5035
-1.1631
-6.5268
16.3141
-10.8938
-42.1727
0.2326
-15.9328
-39.2984
2.8508
1.4445
17.3422
10.4941
-0.3586
-0.2235
-22.8298
-6.2100
-9.4262
-22.6812
-24.2332
-0.5247
-4.3602
34.2195
-12.3637
-23.6617
-27.0477
-42.0584
-28.4678
-10.5383
-28.1277
-23.5898
2.7934
16.6664
2.6277
-42.4199
29.6211
-9.5109
-11.2008
-27.5105
-9.4131
-41.6805
-17.3893
-9.1957
-14.6952
-16.5867
-32.2672
-41.6063
-7.5318
13.4443
-13.8959
-9.8816
-9.3265
-2.1906
43.3094
0.8070
-23.6816
-41.2719
-36.4266
-22.1148
-42.3734
-2.1434
9.3625
-15.9852
-23.4832
-41.9242
-35.9424
8.4160
-40.8352
-6.6739
4.3428
-22.6702
-30.2234
-26.8174
10.0695
6.0103
-13.4832
-28.1551
22.9465
22.6230
-20.7133
-41.8764
22.3547
11.8867
29.3477
18.3727
4.5879
3.0455
-6.3371
-8.1668
-1.3836
-13.6699
-0.2539
19.4170
-8.1180
-22.1414
0.4211
-12.8289
16.5148
12.7309
27.5402
-23.8465
2.7029
-3.5160
-36.6289
-0.7189
-16.5625
-17.1547
-41.4139
3.3162
-9.7020
-13.1266
-0.4598
1.4322
-12.1742
-15.0535
-27.9078
-18.9452
-8.1354
-33.8297
1.7926
-17.1576
6.2820
-7.2055
-25.1602
-16.3848
8.0707
-9.7558
12.7105
4.1734
-3.2035
4.9164
-8.9247
-1.2488
12.8119
-6.5103
-27.8109
-39.5484
-18.6984
-13.7719
-32.0023
-45.6727
-50.5125
-18.2219
-19.2812
-15.1649
-30.7594
-34.5433
-5.4282
12.7512
-13.5887
-2.8453
-11.5738
-20.4137
-19.5945
-21.1391
-2.9141
35.6348
0.9773
-14.7449
-16.9906
-8.5852
-25.8430
6.9172
-21.1289
-14.1488
-19.3500
-46.9820
-11.3547
-39.5328
-7.1297
-15.7820
-31.0690
-20.7656
3.3271
7.9770
-7.3626
-3.7166
-7.4074
-50.8227
-4.9479
-19.9266
-5.9047
15.6484
-17.4219
8.5038
-18.3508
-1.4129
-15.2557
1.8143
-39.0031
-41.2641
-24.3547
-37.6340
4.1305
-24.7234
-44.2108
17.3199
1.6898
-35.1219
-40.6141
-3.3168
-34.9309
-20.0254
-35.1305
-35.9410
-29.0312
-29.1617
-31.4387
9.4553
2.5809
-30.1146
-25.6891
-3.5793
5.4193
17.6277
-4.6371
-27.1930
-15.7033
23.2668
-13.2209
4.4586
3.8563
32.8781
24.7980
0.8516
12.4795
-9.0701
2.0254
-17.1021
19.5051
-11.6527
-28.2828
-44.9562
-3.3650
-14.2654
19.6461
18.2559
4.9686
2.0336
-8.8535
4.1432
-6.5463
11.8804
-13.7523
-50.0438
-7.2734
-13.8156
4.4461
-16.1389
-30.1489
-13.5226
-14.6043
-10.6174
0.2498
7.3355
11.9449
-16.0189
-26.2852
-7.2434
5.5586
-32.7109
-35.2836
-33.5734
10.1994
-35.7340
2.4689
-42.7742
-15.5586
-12.9830
-18.2074
-8.5145
-21.4031
-19.4359
11.8998
-9.5766
-32.2023
-25.5159
-3.2141
-15.8820
-28.2047
-0.3812
1.9533
2.9516
3.9634
-9.7906
8.8426
-18.7902
-38.4531
-25.2898
-21.3500
-17.8693
-20.8328
-19.4605
-49.9367
-25.5854
-21.6039
-24.0727
-20.9719
-31.3758
-58.5555
-24.1875
-47.9320
-32.2258
5.6479
-22.3322
4.1901
-21.3430
31.0535
-12.2957
0.9962
-4.4698
-46.5570
-1.1271
3.0535
-36.9133
-52.8195
-23.6234
7.5490
-24.1070
-1.7475
-13.6358
-6.0234
-30.6131
3.3727
9.3734
-4.2925
-22.2838
-3.9008
-43.6383
-11.1434
-13.8498
-34.5563
4.0041
-16.7617
-14.4454
-6.9945
-8.0818
-0.2273
22.4387
1.9762
-33.1609
-3.4104
-10.2554
18.0203
3.2108
-18.6324
50.1336
-31.3792
-22.7039
-32.8891
-49.3836
-0.7591
12.2238
-10.5037
-36.6281
13.7135
-25.6230
-14.8434
14.8970
-21.4750
-14.2457
-25.1812
-49.8508
4.6305
10.6242
-23.4884
-28.9098
3.3480
-11.6301
-44.4410
6.4798
-55.7930
-37.3016
-20.3836
-19.8229
-3.9072
21.1883
32.9195
9.1555
-4.7270
17.1176
-46.6453
-3.7502
-6.2865
-45.7531
-35.4656
-16.2521
5.5430
5.5188
-37.7781
-13.8133
11.6948
18.1734
-1.2685
3.1715
-37.5297
-12.1187
17.4859
-20.9766
-23.3937
-31.6187
-31.3277
-28.6762
-4.5271
17.4137
23.6117
8.3186
-9.7970
-27.1215
-38.3905
-23.7975
-4.5016
32.6516
17.1664
-8.5820
-0.7957
-19.4903
4.0930
10.3131
-13.2921
-58.9039
-33.4395
-5.8867
15.4398
-5.4893
-23.0426
-32.1104
-13.1672
28.5461
-10.6242
-29.4320
-15.5781
-18.4930
-17.5844
0.5467
-12.8520
23.3059
-7.5531
12.5297
-9.8535
-11.9730
-6.8027
-0.9926
-8.9736
-16.7236
-11.4891
12.4785
-13.4969
24.6266
-33.4414
-16.2500
-26.7105
-11.8270
-30.0242
16.0148
31.5414
-6.1695
5.1328
9.5898
-8.3145
-11.1857
-0.7616
-13.8758
-16.3078
-36.6004
20.6336
47.9289
17.1922
-11.0309
-17.7188
-20.8931
-22.6523
-13.4441
-38.0648
-1.5187
-45.0844
-3.4000
0.5018
-0.5293
18.2551
-9.1114
8.7719
-14.5430
-41.3922
-54.1664
0.5465
-15.4054
-9.7004
-26.3053
-2.1688
11.3586
34.1180
18.4336
7.2742
39.8266
4.7324
9.8156
11.8250
-6.9385
13.9164
26.4666
-48.3102
13.1945
-12.8004
16.3159
2.8112
-45.1539
-33.2406
-37.1734
-19.6969
-49.7016
16.2906
-30.2703
-24.7410
-36.3773
-24.6180
-27.7373
2.5605
18.7836
-9.8092
-11.1439
-11.3078
-11.8953
-2.2322
1.4191
-0.0570
-22.4203
-33.9199
-23.5164
-19.1437
-6.4240
13.4164
21.6367
18.3293
-3.2459
38.8922
2.1050
30.9641
1.4629
-38.4562
-45.0844
0.8516
-27.5914
-18.5436
-4.1156
-21.8891
-18.3445
-12.4395
-30.4406
0.6484
4.6520
-18.7930
-10.3059
-2.1930
-16.8445
-26.6078
10.0576
-25.9188
-30.3438
-41.1121
-33.3211
-12.4650
-16.0604
-13.0297
-1.1734
4.0358
-23.7984
-44.6758
-12.1852
-16.5393
-3.7406
17.1617
14.8219
27.6812
17.7336
-6.8852
-28.6734
-8.8772
-42.1510
-5.6258
3.0734
1.9242
-1.1246
3.8468
1.5723
38.1219
14.9293
-7.6965
-48.9437
-20.2086
-6.2539
-2.7840
-23.4875
-2.9109
-19.3121
-3.9684
-22.4367
2.8801
-16.1086
-24.4724
21.1055
0.5965
-4.4907
-37.1730
15.0445
19.2811
0.2645
-18.8016
18.6352
-10.7295
-3.2081
9.1609
-19.7910
-34.5258
-3.7859
-7.1795
17.5528
-37.4422
-24.8965
-11.7672
9.1898
2.6027
-2.2625
-19.0207
7.4841
-31.6070
-45.2906
-32.2848
-16.9502
-31.9922
2.0647
-16.7875
15.0914
35.2094
20.8965
-14.4059
-21.1848
-21.9923
36.9492
4.7578
35.9758
2.5012
44.9770
49.0406
14.8129
6.0574
37.9906
6.4578
-35.7500
-26.1027
11.3885
-1.6093
-35.1820
-39.0680
-28.4391
-16.0227
-44.9289
-52.9602
-34.5266
4.5816
-1.3937
-26.6170
-9.4445
8.8234
-12.3929
-3.6242
23.3514
12.2617
-18.5512
8.9363
-14.6354
-14.8555
3.4709
-55.5984
-28.4168
29.8937
33.5648
23.5254
14.9883
12.6621
20.2520
-12.5516
1.8232
-22.0422
-12.5045
26.2969
-2.2301
-30.2797
21.0978
1.6605
14.5836
-2.8312
7.7750
-10.5531
-18.7905
-24.7416
13.0664
-16.1053
-10.2518
-16.6750
-15.6797
-36.1391
19.3258
-25.1893
-17.5254
-37.6551
-13.5266
-41.0000
-34.6344
-31.9961
-39.2242
13.7479
-22.2789
-13.7168
-52.0945
-20.1512
-19.0879
-25.6074
-2.2219
-17.1172
-0.6301
-22.8852
-19.3174
25.5039
4.7977
11.1395
-13.9921
4.8893
-30.2254
41.7172
29.0000
15.9812
15.7930
-11.2691
11.8594
-12.6352
-6.8629
11.8906
16.0914
-13.0947
-16.0543
11.4316
-9.0234
23.9492
32.0809
-11.5250
-17.3781
2.9537
-28.1059
-39.5742
-18.7590
-28.3832
-55.5414
-11.7773
-38.5352
-10.0641
-13.8155
35.5883
-5.8094
-20.0242
-23.4121
11.3838
-16.4453
-15.4879
-23.4582
2.6646
-41.5000
-29.0402
-37.5852
-31.5891
-19.6555
9.3854
-17.0420
25.0914
9.0574
-5.5437
-51.7781
4.0420
-15.3148
-15.4246
-25.6410
0.4629
-16.7893
1.8687
-43.2203
-16.3031
-4.5955
-28.1445
-1.7680
-36.3312
-15.0479
20.5986
26.5629
-3.1715
-3.4691
-13.1667
5.4680
4.4570
-27.5469
17.0486
-35.3996
-20.3937
25.8516
0.6316
6.4772
6.9253
-45.9242
-15.5668
-11.0438
-33.8590
14.0277
-11.0020
26.1602
22.1205
-3.7070
37.8762
17.9066
30.7828
-9.3707
13.0430
41.1758
10.0688
11.9176
15.8418
3.0279
-17.2516
-24.2672
-32.3070
4.4053
-24.6875
-30.1445
-7.9504
-30.5336
-10.9558
-42.7641
7.1441
-7.3156
10.1020
3.1223
-9.3699
7.2762
10.1031
-1.1770
-27.6836
-14.6534
-13.2267
-13.1234
-25.7473
7.4533
-17.4219
30.6848
-24.2687
-2.3898
-5.6776
-6.3172
3.9504
-12.0264
-6.6098
3.7286
-22.3844
-5.3445
1.3066
-19.6719
23.9231
-22.2117
-41.2232
-17.6336
-31.2320
-26.6641
-4.9246
0.2199
-22.6750
-51.3375
1.0353
6.5904
-5.3258
-32.6971
29.4977
5.6668
40.0961
-1.7316
-42.4906
-26.2953
1.6584
11.4609
5.1470
17.9148
-8.1436
-1.8539
-12.2867
34.5680
19.6709
12.8773
-21.6566
-4.8328
-7.1254
-49.7427
-34.5371
2.9924
2.9578
-4.5463
-25.9534
-22.4586
-14.7133
-6.6020
4.2121
12.2762
40.0367
-10.7168
-10.5176
-10.0027
13.7250
-5.2266
15.6727
30.9625
48.7762
8.3148
-36.1344
-36.2266
6.9660
-7.7121
6.0430
44.7949
6.8762
18.9711
2.7910
17.0815
-29.8117
-19.9000
-57.5336
-11.6932
-19.8379
-32.8203
-38.4406
-55.3141
-33.3000
-35.7255
10.7281
-3.9449
-7.0582
-30.4859
-27.9972
-22.2059
-2.3988
4.9082
-10.9039
-22.2313
-6.5841
-48.6625
6.3227
17.4102
-1.9922
1.6994
-4.9617
-25.4828
-19.9968
-39.1750
-16.2434
5.8574
-51.0359
-3.5047
-42.5687
-34.3910
-32.1984
-7.5641
-6.1820
29.7504
18.1836
-4.2445
6.0527
-42.3717
-7.3026
-17.0041
9.2500
2.4551
-10.2003
-32.3273
-39.4645
-26.5346
7.4102
-9.7160
-19.2734
-62.0602
-26.4219
-15.4914
-17.0438
-1.4227
-16.2621
-11.5494
-37.6031
-43.4227
-1.4312
-33.2516
-3.5527
17.2102
-20.5281
7.8559
-19.4248
7.7562
23.6703
10.1000
7.2297
-23.6945
0.9312
-13.7924
-13.4992
-30.7316
-19.9133
-21.2649
-22.1734
-45.9086
-40.4062
-12.1656
-7.4426
-16.7485
2.3516
13.2656
8.9875
20.9072
-15.1787
-8.3279
-22.4828
-31.5562
8.7051
-6.0303
-22.2609
-18.5063
-42.7075
17.9954
-55.4711
2.4857
10.2331
-7.7238
-16.4227
-57.8773
-53.0539
-48.3375
-20.0207
-40.9578
-48.0523
10.1609
-11.5619
4.0648
34.0359
6.0887
-34.5477
-35.7539
-0.6961
-38.6273
-45.0109
-32.8125
0.5031
-2.8660
32.1641
-13.9734
-13.9656
-26.8906
-21.8402
-15.8609
-20.1863
1.5436
-13.3469
23.5801
5.9197
-12.1469
-7.5453
-19.5168
-0.2901
11.1043
-50.9562
12.9025
-30.2756
-19.6740
34.0344
14.1121
10.3992
-44.6883
-8.3547
21.7918
-0.9908
3.4945
17.9672
-30.6141
-37.7211
-22.6637
-13.1944
-7.5398
-8.3055
21.3486
-16.5000
-20.7223
21.5953
16.2928
-16.0111
3.9703
-21.9117
-20.5816
-26.0312
34.3223
15.0352
20.8441
-11.5856
-23.4539
-12.9117
-4.6055
1.3219
13.6105
-30.8856
14.2969
12.6797
17.4289
7.1379
15.3766
-39.9041
29.1141
10.4117
-16.9485
-2.3818
-1.7273
19.1117
29.9797
-1.2184
-11.2020
15.4720
-4.3766
-15.6904
-17.0520
-9.0416
-15.0249
-17.2664
-53.2641
7.2874
11.5170
11.7133
12.4216
-21.2727
-7.6797
-40.9234
-19.3258
-37.9336
-39.4396
23.8512
-10.9238
13.1852
-2.8008
27.4086
-6.6523
-7.2074
-6.6626
-31.1063
-13.9607
-30.5316
-41.6273
9.3004
-20.0984
-24.0656
-17.3844
-31.1648
-7.0005
-29.0234
6.5880
-12.2934
-7.7406
-40.4031
-7.7152
-13.4840
-3.4402
18.4969
4.9324
10.0172
12.3549
-9.7688
-39.3500
-7.8963
-41.7969
-20.2641
-10.3250
-29.8273
23.7520
-2.9293
9.0895
17.8547
23.4520
0.0938
6.0242
11.0953
2.3512
18.5393
-13.5203
-48.1008
-32.8245
15.0000
-20.2336
-0.9732
-9.0607
13.6125
-12.6764
17.4102
14.4047
-7.6762
-12.4051
0.7152
17.6645
11.8398
11.7297
11.2234
21.2148
7.3613
30.5063
2.9125
-15.3823
-25.0383
19.2275
-6.0955
8.0766
21.3629
7.0816
24.3852
-13.0129
-5.9922
2.4615
-13.4177
-14.6418
-27.3680
-47.2992
7.3723
7.9652
13.6895
-6.4613
4.1083
-3.9446
-14.8916
-3.5241
-20.0555
3.8160
-7.7160
-13.6849
15.9297
13.3141
13.4906
22.5117
-17.1201
-18.0578
-26.2276
-11.8676
-15.9738
-12.9650
-14.7874
-5.0750
-29.8047
-44.2289
-44.8961
-0.2004
2.2992
11.1641
9.8680
-24.6758
6.9062
38.7125
13.1413
-19.0598
17.2004
-8.0098
3.1658
4.0895
3.6285
-15.2574
-19.5547
-13.2699
6.2844
-39.9375
16.9445
-7.8974
7.3508
5.5602
-18.7324
19.4570
-7.2016
7.6953
11.4945
-1.7391
8.6934
24.7078
46.4195
41.6949
53.4203
13.4070
27.4359
1.2820
-1.8617
-6.8719
-8.8396
-2.8500
-12.6132
12.5117
1.3840
-23.2383
12.1893
0.0172
12.3773
-3.8047
-3.4281
14.9090
1.0543
-19.6359
-16.2966
-3.7855
-5.3827
8.1764
-14.3922
-43.7143
24.2242
28.8164
19.4098
2.8172
-1.6045
-7.0518
-0.7707
-18.7531
-40.2812
-6.8215
24.0844
-1.2157
17.3234
-38.9094
-47.3195
-30.5244
37.7078
9.3438
6.8023
-31.6079
26.6494
-43.6352
4.2482
-37.4410
-10.7664
0.5973
-7.8785
-12.4520
-7.4461
-40.0164
-39.9049
4.1578
7.7543
11.4955
18.1195
-1.6938
34.8957
6.7875
13.6215
16.7043
4.7576
11.6805
45.0242
19.1242
-5.3707
3.5264
3.5363
-35.2641
20.5516
-11.3015
-11.8375
-38.3859
-45.0703
-24.2250
23.7680
-3.4809
-54.6047
-16.6574
-34.5109
-15.8813
-45.5750
-31.1900
10.4438
-3.2434
1.5842
-0.3008
-3.1016
-20.0938
-28.8859
-8.2348
1.9477
7.1484
-11.4930
11.8422
24.8637
28.6583
-33.0320
10.0945
8.9824
0.6395
2.4562
-13.3328
3.1660
33.4949
14.1773
28.7789
30.2805
-6.0645
-1.9006
15.7859
3.1083
-37.1813
0.4076
-23.2680
-8.4453
25.5348
-6.3957
-48.2855
-5.5568
5.9018
-31.6313
-42.8055
-23.1727
-49.3453
-31.4195
-36.7930
-3.4547
9.2477
0.1114
-39.9344
-14.5082
16.2586
3.0676
17.9139
1.0363
-23.7680
-25.3133
-5.2594
-10.1937
-16.3814
-3.6922
-5.5813
-10.0520
7.2086
7.2768
3.5238
-28.0424
0.0898
21.0986
-43.0922
-18.6164
30.0102
-3.1322
11.5992
-4.9437
10.9707
-32.0344
-45.0707
8.4219
2.0193
4.7195
-12.9611
43.6852
-5.5573
-10.9430
0.5344
16.7586
-17.7820
-31.9730
-3.3479
40.0187
5.2929
-23.5617
18.1223
20.5266
16.4828
11.6668
-19.0484
-24.1945
-26.8547
-32.8219
-9.6295
-23.9492
-21.9531
17.6914
-21.3125
-47.0711
-43.7336
0.8356
4.3195
-24.1758
7.6213
-9.0650
-29.4840
5.3336
16.4410
9.5249
-12.8809
16.0727
16.8170
-45.0320
-5.5723
-4.4781
-23.5199
6.5910
4.2205
-20.3318
-33.0609
-10.6262
-45.8383
-45.6758
16.7805
3.2900
-0.8296
-28.7891
-24.6971
7.4080
-20.5223
-11.3398
-13.0535
25.5094
1.9473
6.0260
-18.3858
-1.5797
-42.6516
-33.9829
-2.5489
28.2875
22.8770
24.2786
3.5967
-17.0746
6.7250
15.1924
-11.1430
-45.7781
1.2992
4.8162
-9.7796
3.2320
-10.7406
3.5122
-19.2512
-1.3711
-30.5953
-47.0695
14.0688
36.9539
57.3266
10.7375
-6.3297
-12.6734
-43.4992
1.9109
-26.0723
-7.7945
31.7258
49.2695
-3.4891
-24.1657
6.0298
-52.7732
31.2176
-32.2719
-37.8961
-48.6359
-47.0727
-35.4156
-17.8952
-17.0027
-24.9859
-48.0508
-44.5980
-5.9547
-40.6117
-23.4047
1.5768
11.0141
11.8340
-14.9835
-29.4000
9.6090
-14.8380
-7.0097
36.8078
-1.9031
13.8246
15.3750
-11.2125
12.9669
11.8626
2.9047
-42.5469
-27.8484
-14.8904
-15.0094
-26.7125
1.1367
2.4133
28.5688
15.8566
-7.3056
-7.1582
-5.8756
-7.2006
10.7820
-11.3141
-39.7094
-4.0490
4.8516
-31.8949
0.3324
-25.6875
-23.2508
-62.6219
-33.8141
-23.1293
-57.4008
-12.6023
-2.8937
12.0508
-3.6955
-32.7498
-9.8359
-12.8117
-50.7359
37.1844
-19.5676
11.2719
0.4445
-4.4771
-15.9404
-1.5030
-28.8469
-28.8129
14.3680
9.7047
9.9062
-5.4871
-16.9168
12.7801
-1.4580
-39.6547
-2.5371
-38.9684
-3.6895
42.5203
4.4949
-23.1570
-31.4555
-55.4430
-33.8438
5.8316
-34.7242
-12.4891
-21.6953
-26.2564
2.7543
20.3098
4.7695
23.0875
14.4211
13.5559
-14.1922
12.0024
-37.0484
-20.0703
4.4703
11.2535
-18.4632
-1.7733
5.3230
-12.0156
37.8156
12.9486
-4.0695
31.9680
2.8318
-15.7004
6.3594
20.3188
18.2703
-12.2324
0.7303
11.5762
5.6203
-8.2699
-18.1293
-6.0610
-0.9930
2.8178
-25.1309
-4.7609
-12.5172
-39.8199
30.7383
11.3809
35.7719
12.1957
-40.1813
-39.8969
-6.9082
10.2936
-39.9477
1.5789
-6.8346
9.9242
9.1926
-22.7221
-6.4674
-1.4785
-27.8183
-11.2719
-4.3974
17.2676
-15.6383
5.2113
-18.3156
5.8917
-14.6423
-27.0393
-14.2922
-1.6738
-51.7859
-47.3625
-40.5219
-29.9000
-60.4203
-29.9065
17.9492
20.1863
-20.6763
-36.9797
-9.9252
-18.9027
-0.6037
-23.7672
-27.2876
-10.1242
-51.4332
22.7016
32.1609
-16.8724
-31.4109
-51.6531
-25.5250
-33.3711
-20.7930
-11.4492
33.9816
-4.2898
9.9672
33.4188
-2.5011
4.8445
4.0910
17.9473
0.0977
-39.0125
-2.3969
16.0742
-25.4992
9.6898
4.4217
-17.7721
6.5338
-31.7656
-10.8305
-18.2964
-1.5952
20.3102
14.9953
41.6715
11.5477
9.2219
11.1873
-38.8727
-8.5541
-15.3879
10.5621
-3.0977
1.7500
5.9652
18.2219
0.2305
13.6000
19.7356
-36.6492
-36.1367
-20.1910
2.3254
-15.7036
-25.1758
-34.8320
-1.7459
-7.1826
-17.5297
-9.9969
-37.9387
-8.9231
-25.4680
-43.7406
8.6070
-17.8969
1.9039
-54.1930
-24.1719
-28.0195
-42.0164
-18.1236
20.9633
-15.8672
18.4125
33.2992
18.9250
-14.9187
-25.7914
-34.2547
-56.0398
-16.3223
-16.7375
-32.3508
-29.2031
-30.0141
6.5328
22.4039
14.3336
25.7430
20.1297
19.7573
-16.0016
-6.7975
-47.4781
-26.9578
7.8258
15.5195
-44.3336
-28.4789
6.3977
-8.5417
-12.6957
34.0797
19.1203
-12.3320
-19.1906
-39.5223
16.7945
-33.2531
10.7089
1.1158
1.0922
-1.5402
5.9867
-38.8281
-40.4555
-53.0758
25.1902
1.6812
14.2516
27.5039
10.7737
13.4766
16.2832
-7.4490
-36.9852
0.9746
-23.5359
-25.8531
-51.9336
-10.2109
-36.9375
-17.3062
-26.9609
1.3141
-6.5412
22.4086
18.1098
17.2129
11.8695
-12.0477
31.2961
9.4836
21.5172
2.8258
-4.9634
-8.2566
-36.8391
-3.2994
-11.1541
-23.5875
10.5208
15.7289
5.1777
27.6227
6.5496
-22.6625
-6.9030
-23.8477
-16.3707
-48.1437
-31.5492
4.7973
-26.2500
-6.4205
18.6219
13.0938
9.0262
-6.6238
22.5187
-24.2078
-7.0687
-49.5703
-9.8014
27.8730
-17.2031
32.4672
-0.8066
-14.1844
-44.7789
-39.3563
-14.2547
3.2211
-2.5693
-10.0432
2.9234
6.2613
-28.7859
-24.6078
-31.0281
0.3766
-29.0016
3.0742
-8.6441
-11.2582
-13.8429
-5.9488
16.0581
-25.5352
-31.6031
-5.4468
10.6184
-43.8914
13.3992
10.9973
-8.2151
-2.5393
-13.7994
-23.5035
-19.3615
-22.2883
-27.7531
17.8084
-0.5808
-45.6289
-4.7625
-18.5508
-8.2805
-3.7758
-7.6820
18.0906
-13.2602
28.7313
-0.4863
6.3480
-7.9711
15.2748
-3.5699
-26.9926
-30.9937
-15.0984
-20.2004
-4.3721
-49.7102
25.2488
-26.3117
-19.6691
-18.1238
4.1672
18.3195
3.6227
17.4984
16.1453
10.9336
-2.3209
-4.6428
-4.9816
22.1848
-12.8205
-10.7770
2.6926
-9.8184
-15.4850
30.1797
28.9008
12.7168
-28.6258
-17.9108
-3.6344
-18.9598
-18.1998
1.1195
-39.4836
9.1493
-17.0668
-5.2500
42.6211
-17.7773
-11.0266
-25.2508
-2.2797
1.2641
31.0023
40.9625
9.4281
-19.2023
-44.1066
-19.0324
20.7672
19.7031
-1.0156
-30.5230
-1.3949
-17.8781
-20.6840
-28.5163
10.4029
0.4828
9.1980
13.5785
25.6680
-18.6573
8.1586
-1.1846
3.1285
14.0371
15.0339
1.5145
2.4890
-8.4654
-19.5926
21.7430
-14.5682
16.5828
-24.8953
-51.1281
5.8736
-18.1375
-11.5469
20.4039
-19.9604
6.1152
17.3023
0.5107
-43.0150
-43.5883
-19.5969
-48.8633
-10.6867
-32.4031
10.6180
40.7078
2.5523
-34.3398
-29.9316
-22.6871
-5.9844
-13.4370
12.0133
2.1047
22.5012
-26.6500
7.1312
1.1180
-24.4318
-1.0672
-10.1699
32.0121
12.9434
26.7070
7.7070
19.9582
12.5719
2.0836
-3.3633
-28.5508
-27.7500
-38.2184
-18.9102
-5.6656
-34.6828
-46.9344
-48.8438
-31.3328
-20.1806
-8.1594
-19.9410
33.5664
-5.8854
9.3727
1.5672
28.0820
38.9637
-17.9105
3.5289
-3.0832
5.3406
-20.5418
-40.7266
-10.3613
-0.6039
49.1719
15.1109
35.0344
17.5586
3.0227
-6.8711
35.5254
-0.6529
-0.7780
-26.1328
5.0078
31.1242
42.5961
16.1875
2.9035
6.7750
-8.8661
-5.0201
-46.7210
0.0738
-41.6242
-47.5820
-59.7355
-10.2629
14.4184
3.6707
8.5680
12.5957
-12.3875
-2.9984
9.7744
-17.2887
1.5635
-47.8031
-45.7156
24.7047
15.0223
17.3211
-3.9898
7.1727
-0.3844
-32.9992
-28.9539
-28.3680
-24.4371
-7.0566
-58.0719
-11.1766
-26.8133
-5.0074
24.2059
18.1203
-2.0609
30.0422
18.4914
-23.6086
-15.9402
5.7951
4.5416
-11.4430
-0.8211
-25.9031
-5.2129
11.1773
24.2523
55.8937
2.8187
-16.3942
-0.3107
-2.0187
-12.4148
-9.3062
-20.8012
-29.7875
-29.2156
-42.0156
-16.0395
20.8093
-2.0285
-6.2781
9.5457
1.0131
-40.6500
-20.4755
-18.0569
8.4422
-20.0559
-39.9266
7.5843
9.9320
-40.2992
-27.5391
-27.1734
-4.2492
-31.9770
19.7941
-45.4930
-44.4664
-11.0137
-20.4211
29.7703
23.8230
-29.1141
10.2418
-3.6773
20.2746
-56.6570
-31.7422
-30.9766
-44.8648
-30.3047
-11.3227
-7.9219
-12.9281
5.2380
51.8336
-8.8555
41.2426
8.3982
-6.1246
6.8906
-2.1258
2.1473
-24.1980
-1.9057
-44.1195
7.6730
-13.6102
-23.7547
4.3623
-16.4441
-9.7984
-16.0366
-6.4582
8.1377
-42.2391
-47.3008
-47.0633
-51.0234
-19.6750
-23.8961
-28.7238
8.7367
-29.6906
-8.8721
-10.9809
-24.7094
-15.2844
3.6547
34.6002
-21.2906
-5.4457
21.1523
4.1060
-23.3820
18.2023
15.1008
35.8693
-16.4875
-3.6039
-18.7734
-39.5969
-27.2333
-48.9308
2.8633
-49.8180
-15.3219
8.3047
18.2500
11.5027
38.7465
-16.0121
-27.6258
-32.8219
-27.2250
-4.8758
-6.5160
-24.4387
10.8402
-23.6117
-29.6734
-37.2258
17.4418
-14.0437
-16.8617
-18.1008
23.9422
-17.0695
-27.1719
-15.9826
6.5563
-14.2497
25.2703
42.0219
-1.5974
-44.8375
-36.7234
-23.9594
-49.4249
19.7297
4.3500
9.0508
-5.8816
27.9320
20.2820
13.1406
1.3398
5.1957
-22.3105
-9.3383
9.2102
-10.4940
10.5910
31.8273
-7.3108
10.1194
-29.5886
-5.9172
-36.1430
-44.6125
-37.6023
-26.5180
-1.2870
-12.2391
-5.9052
3.2461
17.9500
8.4758
-9.0734
42.4910
-6.8500
2.4809
8.4820
13.0136
-37.1922
9.3047
-0.1125
-22.8195
3.0559
-20.4352
13.9199
6.5265
-19.0820
10.4961
34.5836
25.3793
13.2879
-29.4297
-44.2434
3.6383
-49.8773
-58.0195
-10.5592
1.0910
4.8960
0.8371
-10.4967
-37.3836
-40.3234
-6.4361
-22.2992
14.6797
-44.2242
9.4582
14.8602
13.9141
35.2219
30.6102
-31.2025
-20.8076
-4.1547
26.4883
-3.7906
-1.6410
7.9051
14.6156
33.0258
22.4977
6.7750
-13.0602
-13.6482
-15.9879
-37.4502
37.6703
28.4074
4.0770
-8.7101
-28.6875
-1.4188
12.9406
17.0625
15.1016
-18.2375
-20.0211
-14.2914
-36.6992
-12.1355
-19.4642
20.1746
-5.4922
-11.9238
-0.4824
-29.0547
-2.6891
-19.3609
-47.4031
-24.9117
-13.5703
-42.8656
-34.2938
-4.5259
-25.2387
-3.8738
-38.2008
-27.9273
-60.5828
-30.6203
12.1977
25.4750
29.0168
-15.3107
8.1870
-13.5074
-43.9758
-17.8671
-12.9212
-34.1395
34.9508
16.4051
35.0250
8.6973
-4.3824
-31.7762
-7.6008
16.1547
14.8406
13.3684
-3.2000
36.8250
27.2383
5.0055
-3.6465
-1.9785
-39.5477
0.0734
-7.9852
8.1453
-52.5516
-52.3289
-2.5945
0.6117
6.0547
-41.5039
-45.8320
-17.1283
-14.2518
13.5711
27.5910
39.2883
51.8148
28.9207
12.7165
-47.8523
-1.9824
-39.0764
-4.2604
1.0875
14.5023
20.5545
13.0998
-16.6590
7.1959
-33.5609
21.5387
-0.4560
-36.7953
-43.6852
8.0720
6.8313
31.5316
16.8883
19.5114
12.0352
-46.3500
-41.0719
12.9438
25.9230
-25.3984
-27.1117
-27.6527
-43.6410
-5.9344
-33.4945
-17.6825
5.2082
-15.0918
18.8555
-1.5613
18.9467
-66.0484
-21.9902
15.1992
20.5832
-28.4656
8.1919
-43.3664
-5.8570
-2.5818
-40.5266
-48.8117
-36.2742
-23.0479
18.7906
-40.5438
-27.3328
-14.6250
-36.7078
16.8342
-3.3836
-9.1869
-7.5715
-20.8598
-21.7871
-7.0672
22.4395
14.6695
-5.2785
-16.1895
28.2441
-32.1375
-56.4031
-57.5984
-8.3500
-21.6578
3.8035
11.1426
-10.7213
-22.3266
3.2360
13.9102
-14.0520
5.2749
-9.0633
1.7516
-33.9211
13.7551
4.2188
19.2236
-39.6906
-22.2292
-6.0469
-21.5744
12.6215
19.6820
31.3359
11.8164
-28.8984
-4.8797
11.4172
16.5797
14.2437
13.3939
-17.6971
30.3250
23.9465
-23.0539
-22.6051
25.0234
16.8715
6.1775
-13.6113
22.4906
1.2453
-11.1397
-30.1313
-50.1344
-13.7969
-33.4641
-37.9508
-20.1680
-30.7074
-12.6375
17.1324
9.9320
-24.6797
-34.7938
-30.2094
-15.3955
-8.2312
26.1523
-0.7918
-10.4059
-38.3342
33.3203
-11.2536
7.9566
-15.7977
-6.4321
-11.2207
1.7941
-24.9188
19.5438
-26.6852
-9.1513
21.9984
-8.5707
-40.6469
-1.3953
-18.8772
4.0371
-20.9594
9.1259
16.4078
3.0926
-5.1157
-29.4211
-5.0622
-41.4477
-19.0125
-13.9176
-20.2344
-42.6164
-10.5117
13.5222
-20.5961
-3.7164
-8.3754
-13.2549
-4.9682
-21.6961
-31.9205
-4.2500
-10.9020
-31.4555
-35.6492
18.4457
24.3961
20.7922
0.9359
-24.1152
2.9717
33.7648
40.5500
36.0453
-5.4699
-25.0672
-49.8563
-45.0068
-2.0290
-34.0484
-24.1234
-32.6945
-48.8906
-49.9398
-38.6211
-19.9820
-13.7531
-9.5289
-22.6469
-11.5250
-36.4867
26.2070
27.3992
-2.1521
-11.5473
-6.6502
-42.3246
-24.2500
20.9090
-42.9805
-31.1895
-14.0799
-2.4094
10.1344
-1.2855
17.3586
16.3711
-4.0500
-16.3871
19.2141
-8.9109
-30.0961
1.3418
6.2731
-7.0513
-1.2434
-12.2508
-19.8922
-20.5187
19.8230
-4.7129
9.4039
-7.3348
-11.5734
-15.3090
16.0023
41.3227
16.5582
9.4412
-29.4195
-25.3621
-7.7531
-5.3782
-33.2914
-42.3375
-4.1268
-36.7188
6.7309
-23.3711
-23.2168
-25.4562
-21.0900
-34.8836
-17.1719
13.6852
-32.4965
4.2031
15.7496
3.6539
12.6250
-6.3090
6.0404
4.9164
24.5859
7.8145
12.1125
-6.5648
12.5684
-39.5945
-0.8293
40.0484
-23.8684
-0.2965
6.3273
-4.5740
-11.8113
-20.9702
3.1660
11.9586
20.8590
2.3984
43.7031
10.2969
21.8785
-12.4846
-7.1297
-8.8402
49.2219
10.7031
42.7219
29.7980
16.1652
2.7660
-34.0149
11.0691
16.8977
30.5064
5.5352
12.8102
26.5297
-2.1965
-38.3812
-45.4688
-31.1914
-1.7656
-29.4508
-4.6813
30.3766
27.3875
25.5961
18.0668
-3.5781
-41.2164
-6.9578
-31.8949
17.2242
-24.8172
-8.4234
17.6363
23.3273
16.3336
5.8948
-15.6959
-23.9418
-3.9979
6.4336
0.2121
-25.8328
13.4992
17.2887
15.5961
1.3687
8.2641
21.2078
21.1359
14.6369
-9.8637
-33.5416
-4.7664
-23.6578
-28.7234
-26.9789
-28.1469
-2.0710
13.5180
9.4080
-24.2010
-40.0961
16.3518
-24.1094
-36.5086
-9.9193
-31.6812
-6.8852
-14.5131
8.1790
-2.1242
-19.3289
-30.6551
33.6344
43.5820
13.6883
30.6977
30.3711
19.3883
12.4160
10.9812
6.0867
21.3008
28.0180
-18.7848
-19.0971
-16.6430
-38.3047
-39.6312
-5.3063
-18.4008
11.2766
28.2375
42.0812
22.2523
20.7633
-17.7816
-31.6444
6.3359
10.6828
11.5406
33.4301
44.1312
52.2102
9.9961
44.6000
21.2488
-10.2189
4.5516
-23.8766
-32.3219
-29.3617
-26.3617
-16.5031
16.1547
15.1812
30.0281
-5.9453
-39.2850
-0.7211
2.8641
-55.7324
-6.9352
-1.5695
-30.7773
-36.3937
-46.3109
-8.1447
13.2000
6.7121
-8.2383
4.3219
-13.1375
-7.1209
-15.2629
-47.2719
2.0478
-13.4152
6.5352
20.7875
11.4297
18.8508
28.5762
12.2641
37.3875
-10.2363
5.2750
-12.8961
-1.8068
-10.3188
3.2787
-35.6618
5.1668
17.6867
3.2020
2.1445
-23.2715
-7.4359
6.3164
16.7074
-31.9281
-11.9379
-23.3760
-14.1833
-46.1793
32.4875
43.9125
-2.5267
-9.6789
2.5336
-0.1328
26.9316
-7.2682
1.4130
-29.1777
2.1340
-31.8656
-16.8203
15.2078
47.3648
29.1859
13.9281
8.9234
8.2758
15.9555
35.2977
56.4359
33.6977
-2.2809
8.2336
3.5008
6.4311
-34.6969
-7.6734
-20.7035
-29.1797
-2.6344
-49.9250
-5.5148
-32.9227
20.8445
29.6156
7.6000
-9.0820
-8.1145
-5.1687
-0.9109
11.6141
40.7078
5.5781
0.2891
7.7938
19.7686
-60.4211
-21.9023
-40.2141
-13.0258
40.1579
-29.1129
-14.0135
-24.7812
-56.9516
-1.7115
-31.8152
-5.4652
24.1203
4.3562
16.9664
-29.4273
10.2762
26.3336
-2.7738
-22.1061
-12.1863
-11.9766
3.6816
18.1063
-29.8227
3.1980
-20.0891
-37.5867
-39.9461
-37.7773
-52.1961
-44.1602
-43.1336
-9.7926
-28.9184
-21.8695
-32.1422
-27.6793
-17.6180
-0.0695
-22.7646
-18.2556
16.6941
52.7727
39.9695
24.8734
42.1891
22.9937
53.9926
15.3578
33.7883
13.2117
-18.5719
-21.2492
-1.2549
-0.9408
26.9516
-3.4777
14.7449
-24.0457
0.7328
0.8433
-38.3336
-13.3514
-24.7725
23.0820
50.1312
23.1309
2.5994
-11.5906
-5.7969
-25.6318
-26.6367
13.8020
14.9504
-13.9359
-41.1441
-11.3945
8.2812
-15.3749
-12.0766
-38.3156
0.3074
-1.9652
12.1887
-1.3980
-47.9766
-8.5139
-22.7168
-7.6250
-27.1473
3.2285
-1.6097
-23.6744
-28.6303
-1.0281
-10.1539
11.4289
-1.9613
-20.2328
-19.6156
-4.2895
-21.8313
2.4313
10.3820
-30.1680
-7.0684
-4.8498
-18.0781
-24.5895
-16.0246
18.7105
-1.9130
29.8766
14.1000
19.9684
-1.0629
-6.0086
0.6773
-3.1773
-36.6727
-41.1844
-10.9078
-29.5906
-7.8238
-13.0844
5.5000
3.0835
-30.2070
-37.8375
-21.3039
-9.7137
-37.4750
2.0008
20.5859
47.4250
8.4648
-10.4520
-3.9717
-0.5984
-5.4430
4.8613
13.8683
-31.1066
-14.2051
-3.8828
7.5512
-23.9816
-0.0477
-4.5864
36.1789
-13.5412
-36.9652
-6.3258
15.5711
8.7043
-14.6727
14.7023
20.8469
20.4844
-5.9061
-11.9781
5.1957
-12.3487
-45.7570
-25.5430
-16.6477
14.3152
-13.5711
-11.6313
-4.0402
-7.0121
-38.2992
-9.3426
21.7742
8.3914
2.7746
24.1680
23.3555
-1.0949
30.2779
-4.8294
-30.6805
-22.3803
-28.3059
5.5058
-2.9137
-8.5350
-39.0094
-33.5086
-12.0180
-21.5797
-2.8159
-3.2158
-10.1123
-15.8036
-21.2682
26.7609
4.7164
-0.0264
2.7844
-17.6243
-7.3832
-14.8422
-40.5355
1.8363
17.8020
-42.2352
-43.6523
5.7650
6.5979
15.2801
3.2523
16.8906
41.3086
-5.9048
-7.0525
-1.3930
38.2836
-21.7336
-31.1219
-34.3672
-28.3617
-48.2602
-13.3610
-5.8193
12.2074
-16.8850
3.1660
6.0374
-30.5125
-19.7664
14.2941
-36.3426
-27.8156
-32.4066
15.8535
-17.5445
18.4086
-3.3044
-33.7344
-3.3805
10.7412
-41.7391
-2.3141
-49.2971
-13.7426
-14.0219
-34.1734
-23.2227
27.0711
9.3797
12.6279
27.8555
-11.3766
20.0195
20.4445
30.2805
1.7129
-4.3289
36.0828
48.3258
20.5754
0.8770
-11.4180
-5.1649
-51.6344
-34.0318
0.6033
-54.2008
-16.0262
11.0805
10.6586
-26.5820
13.8162
9.4043
23.0742
-1.5855
-9.0185
-0.6301
19.6090
-32.9441
15.6984
-19.3168
-23.5242
-1.0104
12.0813
22.3336
29.3824
7.3070
-2.7305
-4.0773
-25.2547
-39.2727
-46.7906
-26.6473
19.8824
-35.5992
-40.6633
-32.8508
-15.8958
25.7590
-10.6686
-44.1758
17.9359
23.9691
5.7232
-37.4184
-15.4957
12.1305
-24.8727
6.6510
-29.4518
-10.6617
-6.8434
-40.3672
-20.4586
-52.5320
-25.1330
-4.2961
-37.2004
17.0566
22.4648
16.7863
-23.5344
-11.0738
-21.9660
10.2251
0.1508
-24.2281
-29.9148
-31.3705
7.5148
23.8875
29.6523
-0.7537
-19.0961
15.6211
18.7453
12.6633
-0.5979
-4.3417
-12.3982
-21.8289
23.2922
9.7219
0.1781
0.2531
-1.6363
30.3156
19.6703
50.8312
27.7289
49.2258
10.8945
27.3145
6.5523
7.4332
-43.0547
-33.5570
-41.1117
7.1750
30.8008
43.6273
39.2625
29.7836
2.7008
12.0301
-12.4804
12.6674
-34.0852
-33.2281
-6.6656
12.2798
-25.1230
-4.4992
10.2734
18.4547
37.6953
38.8402
41.9617
39.6414
45.4496
45.8563
31.0566
33.8891
5.1078
-9.5813
12.1570
6.5687
56.5969
32.5758
-7.1876
1.0727
15.9703
6.2461
23.5691
-9.7570
-1.2165
0.3590
7.4938
34.9023
28.4051
-18.0000
21.4945
16.5270
26.2062
10.6203
16.6641
9.2678
3.5238
-27.5688
-49.8164
-47.6555
-31.2789
-9.7680
-6.4160
-15.5305
39.1254
-26.6641
-38.7906
-6.0174
17.1742
4.4945
-8.8771
24.4617
-2.4414
9.4521
14.6867
-12.0160
19.5594
3.0537
16.0426
9.6523
1.2566
-26.2133
-1.1719
44.1023
47.0195
22.2578
-18.3359
-10.5504
-36.9562
-18.5703
-13.5570
3.5340
-3.7191
-42.7031
3.4107
-12.0742
-20.9488
-3.1437
-9.7363
-37.3539
-31.5234
-51.8336
-31.6203
0.6906
13.3033
-5.3558
1.0830
-31.0250
-3.2202
-30.4020
-34.2332
-10.1574
-21.3930
9.8141
-18.1648
13.3820
54.1141
40.8898
51.6148
43.6578
12.0766
-5.8104
29.0840
-12.3020
-9.5293
-25.1080
-6.5730
29.3070
11.6891
34.3016
16.1152
-14.2340
-30.5953
-3.3678
14.9430
-1.7131
37.5055
56.9125
28.7410
2.8383
-8.9215
8.7482
4.3047
14.0602
12.8988
-10.2555
-28.1951
-6.1877
-47.1617
20.9271
-7.8129
-27.1023
1.7652
-52.1359
-38.4758
-52.6422
-26.3525
46.4625
14.5141
37.7172
46.0172
2.3102
23.0727
23.5023
32.0516
29.5812
3.6457
-28.8441
-35.6336
-25.1070
-38.8215
-23.5023
-15.3520
-12.6355
11.3094
36.8750
25.9797
-4.6805
13.7742
-5.7387
-20.7477
-21.7117
23.1574
0.7078
-10.2531
-0.4617
-0.0211
-17.4934
-47.2406
-16.1906
-25.6766
4.3707
-11.8383
-42.4781
-17.9848
-2.4055
-21.5445
-17.5332
11.4344
-4.5146
-50.2840
7.9180
18.1742
12.0273
6.7398
32.2836
-41.3867
-51.3898
-13.4914
3.4560
-7.9785
-6.6223
-39.7227
-21.2723
8.6334
-17.3367
-66.7906
1.6886
32.6750
27.3070
29.6898
11.9042
-1.0966
-33.2805
-7.8734
18.3480
10.9305
-9.4355
9.4766
18.3348
-1.1797
18.4531
35.1270
3.3902
-2.2023
-0.1606
21.3148
13.8875
-11.9227
-51.7188
-42.5062
-30.5453
-43.3555
-27.7859
36.5023
47.5391
2.3012
17.2023
43.2117
45.8047
16.6059
-9.7469
-31.8430
41.6445
39.0836
44.8633
1.8857
34.6430
7.6824
-9.1894
-35.7391
-21.3991
9.4789
-28.6098
-33.0805
11.9957
-62.7039
-20.0625
-51.4797
-40.0906
-42.7180
-28.7137
-16.5009
-8.1676
-21.8168
-5.1605
-28.7496
-22.9656
-6.5025
3.3859
6.4922
37.8914
3.9820
4.3678
-23.6238
7.5352
26.7258
8.2145
-10.1078
-27.3828
-24.3594
-4.4891
-2.5930
19.9277
0.0958
9.4899
-39.4266
30.5672
-7.1937
0.8724
-34.5219
-26.6637
-25.1992
9.6641
-22.3594
-2.7363
-36.8820
-32.8258
-15.0437
-21.9732
-1.6324
26.3086
46.8680
-33.0160
11.5754
-13.7017
-1.8734
-49.2391
-30.4820
-9.8611
-7.7941
2.6887
-32.0727
-17.4680
-12.1734
-9.1293
-8.1017
15.1957
-4.3972
7.0912
-9.6809
-40.0289
2.9746
3.7785
6.4594
28.8676
25.2391
20.8594
-10.5547
1.4172
4.6121
-4.7684
-6.6687
-17.6547
24.3875
20.5672
12.0725
-28.6180
-12.0045
8.5586
-23.5402
3.6016
-57.7352
16.9234
-2.1941
15.4965
7.7781
40.4973
8.0166
-24.4189
-16.5598
13.0996
27.9148
7.7400
25.9062
13.6195
0.1344
25.8406
23.5109
15.9488
-23.7994
-21.1609
-9.6490
-22.5035
9.2241
-46.1953
-27.4707
31.6289
46.6328
54.9977
26.0992
-7.6070
-59.8961
-43.9848
-1.3879
-30.1078
-1.6854
-44.0891
-23.8664
-16.5886
-15.6305
5.0656
-7.6172
-26.6734
-29.5531
-9.6770
-7.7820
12.3547
9.0961
-21.3984
1.1844
-18.0734
-1.5091
-31.7219
-23.4719
-32.6145
-14.7320
31.1586
33.1361
-16.4031
-15.7428
-4.7264
-23.0350
-15.1902
3.9826
-33.4391
-4.1480
-20.8734
-7.9462
-10.6637
-18.3676
12.3336
5.0020
16.3453
22.3828
7.8910
-9.5709
-16.2918
-17.5880
10.2148
7.2471
12.5116
-13.3785
-41.0156
-53.5352
-27.9766
18.7109
30.9875
14.7535
8.6250
10.8055
-9.2070
0.7281
8.2492
48.9492
54.7344
42.8539
32.6016
22.3586
49.3555
40.1984
23.1531
13.3453
12.5250
-22.8574
-23.3438
-1.8953
-48.1730
2.2133
27.4070
17.1992
9.4840
-10.8767
-53.0523
2.4785
4.0707
25.9523
-17.4531
-33.8492
-6.8812
-31.8680
-15.9285
1.9005
-46.6250
-24.5719
-6.9426
-21.9562
-19.3217
-23.5008
-1.7525
-10.0344
-35.0703
-21.4359
-6.7996
1.1066
10.4586
23.4184
24.1352
10.0701
-9.2500
-41.0555
-14.1805
14.9930
5.9086
-14.6336
25.1812
44.0180
31.0875
-6.6089
-9.3547
20.6258
42.8496
-2.6957
7.6027
26.8555
-22.6797
-45.7233
12.6934
-27.3141
-16.4801
-5.4766
-15.5463
23.1297
35.8691
-15.5274
-25.2602
-37.7664
-36.1711
-25.2414
10.0277
38.9770
6.4594
24.8586
41.7812
4.8508
-47.5891
-17.2959
-4.4840
-27.1906
0.8750
-41.7039
22.3680
54.2293
24.4730
20.3410
-3.5945
-24.4637
21.3633
20.8367
-35.1395
-38.5219
-29.8342
4.0168
21.8588
-16.3906
-46.0883
-38.4398
-12.9340
-9.2355
-36.4656
-56.8859
-29.7172
-16.5367
27.2816
-23.9408
20.7148
-7.9391
-19.0852
-12.1004
-18.6211
4.3742
-4.7016
0.5621
-27.8609
-5.7414
-34.7102
-20.2248
5.3605
9.4033
5.5891
3.5287
-42.6758
-47.9094
-12.7555
-26.0000
-59.7844
-19.6801
-3.2992
-2.2325
-26.8400
11.7605
26.1328
25.6020
-41.8242
-31.0312
-15.2648
-23.2590
21.3336
42.2719
12.9535
6.1629
-27.4066
-3.3597
-28.5391
22.2641
13.0398
2.8791
13.5902
14.6078
49.8617
31.8859
8.2949
-11.5350
-16.7156
17.6906
-27.7422
-12.2277
-42.2875
0.0934
-11.3830
-16.2426
-30.2117
-22.9688
-26.2406
-27.3937
-20.3145
-24.8248
37.8234
9.1336
8.4504
29.6379
-16.1793
-8.9437
-16.8531
-17.4430
-39.0957
0.2773
-30.3648
-48.3695
12.3516
-39.4531
-13.5266
-10.2812
-16.1838
24.5523
3.2131
6.8938
16.6660
18.7914
20.2664
-20.2023
-22.4266
-53.8523
9.4254
-11.6820
-39.3031
-19.6246
14.9008
6.5790
-29.7555
-42.8719
-22.6883
-35.5977
-27.4207
-25.0461
-45.8016
-43.3984
-19.2805
-40.9977
-47.1969
-33.1137
-6.5890
-37.7781
-33.8067
-37.0629
-31.2043
-15.1824
-47.2055
-50.7000
-24.2594
-12.6539
-21.0098
11.8180
16.9512
24.8687
14.4250
-35.0062
-11.1750
-27.7844
-5.1969
-50.6098
3.9508
29.2266
31.5715
19.8574
-1.1348
3.6702
-35.0457
-50.6305
-35.0551
-3.6195
-56.8406
-23.8291
0.6217
12.6512
-18.9951
-3.6410
-5.9654
-21.2812
-26.9602
9.8109
39.2320
23.3750
9.6313
20.3426
6.3477
-20.1266
7.4812
-17.8801
-11.0629
-46.5609
-5.4840
-18.0977
-41.9695
5.1170
-33.0457
-8.5408
8.6855
-8.6596
-3.0049
10.8338
-54.0492
-36.6914
-55.1562
-16.9289
-26.6000
-30.6406
-17.3273
31.9805
18.7617
1.8941
-31.8531
-48.5656
-0.4742
-2.7055
6.5234
0.7430
6.1411
-37.6496
-46.8453
0.5455
24.7594
54.3180
-8.4195
-16.4785
-3.4461
-27.7844
51.6309
30.6961
16.0969
2.2430
35.8383
19.1797
-8.2445
-7.3805
-16.6621
7.0309
-7.7125
3.0887
-8.8676
-25.0336
-21.0633
-2.3539
-12.5719
12.5508
3.9801
-27.2750
-39.7016
10.2691
23.7336
50.7164
30.2531
11.4102
40.3570
4.1564
7.2656
32.3187
45.8438
4.3836
30.3383
48.9828
20.4781
-3.7938
39.5781
-2.0051
24.9348
2.1430
4.7035
9.8570
26.2105
-1.7953
4.0018
-31.4605
-4.9676
-61.5344
-8.4480
-9.2016
26.9391
-7.4189
9.7322
-42.9906
16.4883
7.3996
26.3777
13.2719
25.1523
24.2742
-18.9148
-17.3402
31.7145
51.9215
4.2359
-9.8773
-3.4602
-21.3094
-28.0992
12.0078
-11.1535
1.9260
-18.1719
-51.0781
-28.0547
-13.6880
-34.4578
-43.2648
-16.1823
17.2293
-25.4758
-38.2445
-9.6809
15.9859
37.5223
8.3379
-0.4547
2.4934
3.3563
21.6031
-6.5312
29.1898
27.9023
42.7289
27.1938
11.0119
-24.1258
-26.6227
-1.0972
-13.0035
-10.5047
47.0984
10.6562
-4.3156
-33.4316
0.8410
-15.4676
13.7586
7.5355
13.8129
12.0234
30.5785
0.2219
-11.0412
-42.2217
14.6852
26.5844
17.5922
9.4070
-11.2406
30.3895
-3.2289
-24.2250
-14.4016
-51.9711
-19.1063
8.9306
7.5148
23.5816
-13.7129
-8.9219
34.1352
14.7625
29.9461
34.4680
32.2180
13.9542
-13.7695
6.7963
-2.6602
-15.0023
-26.5433
4.3146
21.0305
11.0219
15.5047
-29.9867
-21.8109
-34.0680
-2.6242
25.5219
-41.7289
-12.4156
-33.6371
-32.3766
-6.9648
-35.2313
25.7469
53.0883
52.0844
43.5414
40.1836
-19.3574
1.6648
14.4199
-23.9813
4.8730
7.0842
-7.4715
24.5949
0.3689
5.7996
30.9824
6.6734
-1.4406
-41.3234
-54.7234
-44.6141
-11.9414
-5.4124
-10.9500
25.6387
-1.1840
-16.0641
-8.6930
6.9281
39.8961
-2.1141
-8.7401
29.0590
-23.9406
-49.8984
-20.0988
25.4969
55.6773
35.1656
40.9953
36.5863
11.1805
18.1809
12.7391
-44.1117
-53.8875
-32.4508
0.7246
-8.2956
-33.3797
-7.2781
-12.5602
-9.5953
-65.4930
-32.6680
-21.5748
-11.6965
-0.3848
-33.7820
-44.2453
-14.1602
4.7742
-15.9111
-39.6063
-45.4406
-64.2320
-7.6238
-15.1715
4.6586
-30.0746
12.8965
-5.3375
23.2508
19.2648
-1.9969
18.5496
23.3961
30.5258
60.6805
54.8625
54.3570
8.3605
12.8703
0.4507
11.9828
-3.9062
5.3988
1.0879
-27.0562
27.3484
13.9555
14.6484
-0.5234
6.3780
-15.9203
-16.0222
-13.0865
-5.9000
8.1884
10.1242
-6.2343
10.1445
-47.8125
-21.6328
-15.8266
-40.1625
-31.6688
-32.1717
6.9254
21.2156
-14.9076
-43.9770
5.9606
13.2551
21.5398
17.6258
-1.4162
-23.1250
-31.6266
18.5662
-23.7525
-52.1961
-14.9916
7.2340
-11.7376
8.4146
-30.0195
-20.6934
2.9607
-12.1969
-21.9148
-46.7977
-51.8297
-41.5148
24.2625
8.8500
-16.9564
37.6484
1.4570
32.1625
-5.0111
-20.1063
-32.8812
-19.6156
-49.7305
-47.1289
-39.4000
-53.2430
-3.8016
-16.9113
